0 0.413701 0.413621 0.126626 0.115896 0.775053
0 0.824105 0.951941 0.179633 0.0961175 0.0442699
0 0.153836 0.0159327 0.246587 0.0318654 0.0109096
0 0.416341 0.414062 0.143776 0.146521 0.00940481
0 0.137396 0.0114567 0.205129 0.0229135 0.00906389
0 0.815307 0.945352 0.228018 0.109296 0.00763562
0 0.116047 0.00828058 0.137663 0.0165612 0.00641718
0 0.158762 0.0233976 0.317524 0.0467952 0.00466802
0 0.143484 0.00803582 0.178405 0.0160461 0.00416084
0 0.795305 0.949516 0.337708 0.100968 0.0040817
0 0.821212 0.545383 0.0766797 0.0961905 0.00333666
0 0.885123 0.0117054 0.20526 0.0234108 0.00266068
0 0.165257 0.0322283 0.330515 0.0644567 0.00225951
0 0.87849 0.0157748 0.243019 0.0315496 0.00189795
0 0.884522 0.00935398 0.172357 0.0186448 0.00160042
0 0.175362 0.0113633 0.217367 0.0227266 0.00145695
0 0.903309 0.016353 0.189371 0.032649 0.00133907
0 0.836866 0.932018 0.325474 0.13581 0.00112257
0 0.0375389 0.654226 0.0750779 0.176536 0.00111253
0 0.856388 0.0233278 0.287225 0.0466557 0.00101115
