0 0.791176 0.56067 0.399274 0.460269 0.459884
0 0.549639 0.75733 0.29024 0.319775 0.157036
0 0.947249 0.505156 0.105277 0.329951 0.0923198
0 0.284113 0.312661 0.276543 0.254302 0.0669493
0 0.935592 0.499233 0.128816 0.406492 0.0228722
0 0.512414 0.504556 0.270866 0.295383 0.0113523
0 0.514701 0.502955 0.331504 0.352675 0.00264081
0 0.957138 0.514164 0.0857241 0.28038 0.00256508
0 0.0106498 0.559998 0.0212603 0.191875 0.00210465
0 0.015879 0.588333 0.0317579 0.298687 0.00200173
0 0.915786 0.457714 0.168429 0.484294 0.00195353
0 0.0517877 0.905336 0.10354 0.189329 0.0017876
0 0.022415 0.58623 0.0447362 0.375041 0.00166662
0 0.906034 0.544677 0.187932 0.504185 0.00166252
0 0.280947 0.307047 0.322812 0.319281 0.00162783
0 0.444727 0.015575 0.300603 0.0311499 0.00129034
0 0.56247 0.13232 0.22497 0.26464 0.00118931
0 0.0330545 0.570441 0.066109 0.424782 0.00110999
0 0.942937 0.408922 0.114125 0.558529 0.00106959
0 0.874353 0.511909 0.249824 0.595907 0.00105574
