0 0.337133 0.299008 0.176884 0.186061 0.823272
0 0.716803 0.988385 0.159543 0.02323 0.0688137
0 0.747683 0.984611 0.222804 0.0307229 0.0454456
0 0.435876 0.989093 0.205646 0.0217574 0.0271671
0 0.425184 0.984001 0.240819 0.0319982 0.0188018
0 0.0247232 0.184845 0.0494458 0.369691 0.0182821
0 0.0196714 0.180213 0.0393428 0.325358 0.0148936
0 0.438569 0.992761 0.16848 0.0144483 0.0147364
0 0.75589 0.979339 0.267523 0.0413227 0.0147295
0 0.730894 0.991764 0.161798 0.0164386 0.014125
0 0.015197 0.15359 0.0303361 0.214226 0.0128005
0 0.789911 0.984312 0.318246 0.0313385 0.0112266
0 0.106118 0.947103 0.212085 0.105713 0.0104143
0 0.422993 0.978226 0.295068 0.0435481 0.00923431
0 0.745707 0.971406 0.329226 0.057189 0.00700335
0 0.0327204 0.200569 0.0654254 0.401138 0.00681004
0 0.782703 0.964876 0.424908 0.0702105 0.00664633
0 0.977284 0.424175 0.0454319 0.242923 0.00573532
0 0.795072 0.978444 0.371676 0.0431112 0.0054325
0 0.0715567 0.952741 0.142924 0.0943806 0.00489743
0 0.413228 0.992185 0.164163 0.0156298 0.00397685
0 0.0988496 0.963529 0.197699 0.0726129 0.00389099
0 0.0478566 0.95503 0.0955692 0.0899403 0.00382655
0 0.97299 0.43297 0.05402 0.303932 0.00338897
0 0.414884 0.969489 0.380432 0.0610226 0.0033236
0 0.0180776 0.147968 0.0361479 0.16402 0.00301883
0 0.980592 0.0675269 0.0386703 0.135054 0.00276879
0 0.340818 0.301606 0.21659 0.224491 0.00262022
0 0.974308 0.902777 0.0513843 0.194447 0.00247832
0 0.397362 0.988844 0.211277 0.0223124 0.00246888
0 0.0472587 0.756326 0.0945174 0.400663 0.00232162
0 0.95822 0.14473 0.0831895 0.289459 0.00217335
0 0.139969 0.923312 0.279938 0.153284 0.00211071
0 0.687111 0.987187 0.187092 0.0256268 0.00204757
0 0.963223 0.444141 0.0734272 0.393529 0.00187919
0 0.123895 0.900399 0.247789 0.198175 0.00172906
0 0.765389 0.948136 0.469223 0.103417 0.00170876
0 0.363222 0.966824 0.498487 0.0662448 0.00165532
0 0.978035 0.0957271 0.0437746 0.191454 0.00162735
0 0.0154559 0.475664 0.0309118 0.287129 0.00161738
0 0.956554 0.0678211 0.0868925 0.135642 0.00142715
0 0.0229013 0.494098 0.0458026 0.290148 0.00140653
0 0.962492 0.423463 0.0749063 0.266144 0.00134919
0 0.941224 0.172805 0.117552 0.344974 0.00131914
0 0.797279 0.988836 0.193995 0.022328 0.00121587
0 0.0415088 0.173205 0.0830175 0.340428 0.0012022
0 0.0181153 0.519356 0.0362306 0.358178 0.00119859
0 0.0259673 0.520172 0.0519346 0.402175 0.00118115
0 0.960003 0.0930553 0.0799192 0.186111 0.00102234
