0 0.663944 0.896611 0.372997 0.206778 0.173631
0 0.45775 0.415419 0.266606 0.258741 0.0978482
0 0.888094 0.0568095 0.220069 0.113619 0.0761266
0 0.676923 0.883142 0.494942 0.233716 0.0235434
0 0.862041 0.0648114 0.275918 0.129536 0.0205021
0 0.866162 0.100194 0.267588 0.200305 0.00805863
0 0.784252 0.0644159 0.428827 0.128832 0.006644
0 0.456758 0.424867 0.319895 0.324594 0.00495578
0 0.646728 0.941623 0.375031 0.116754 0.0044058
0 0.685732 0.916965 0.259158 0.16607 0.00327283
0 0.983278 0.335102 0.0334431 0.395725 0.00223466
0 0.988311 0.361847 0.0233777 0.20618 0.00213544
0 0.700852 0.0425907 0.598297 0.0851814 0.00211336
0 0.893777 0.135392 0.212322 0.270783 0.00197226
0 0.969143 0.345408 0.0617148 0.613138 0.00176559
0 0.976568 0.366032 0.0468632 0.415331 0.00175704
0 0.181052 0.895897 0.141866 0.142927 0.00160165
0 0.713934 0.0158785 0.337755 0.031757 0.00127022
0 0.53454 0.924397 0.65739 0.151206 0.00122387
0 0.755805 0.0891881 0.486776 0.178376 0.00111963
0 0.306298 0.967307 0.612596 0.0652608 0.00110369
0 0.618092 0.0425466 0.512155 0.0850933 0.00108648
0 0.629444 0.98063 0.365862 0.0387396 0.00105502
