0 0.557268 0.261545 0.149356 0.15348 0.917753
0 0.111312 0.922576 0.222456 0.154762 0.0395121
0 0.0756242 0.924123 0.151149 0.151754 0.0362238
0 0.155608 0.909361 0.311215 0.181271 0.015161
0 0.0886613 0.151947 0.177323 0.269782 0.00868504
0 0.128066 0.155022 0.255177 0.296764 0.00471761
0 0.0132122 0.386164 0.026393 0.265735 0.00442582
0 0.0502613 0.15768 0.100523 0.250377 0.00337743
0 0.0105348 0.386612 0.0210696 0.208045 0.00308376
0 0.127917 0.886118 0.255483 0.227763 0.0026472
0 0.200293 0.894183 0.400586 0.211565 0.00195732
0 0.0191603 0.38443 0.0383206 0.337906 0.00185211
0 0.132199 0.0176466 0.264399 0.0352693 0.00168801
0 0.818712 0.979986 0.172992 0.040027 0.00163939
0 0.0320741 0.383497 0.0641483 0.408182 0.00161025
0 0.251099 0.175997 0.502198 0.351995 0.001404
0 0.203414 0.472331 0.406828 0.51335 0.00139837
0 0.812183 0.965833 0.226816 0.0683335 0.00127277
0 0.180592 0.163088 0.361183 0.326176 0.00122512
0 0.146561 0.0205009 0.178895 0.0409045 0.00121048
0 0.0863054 0.260904 0.172611 0.521808 0.00114742
0 0.00756571 0.378008 0.0150802 0.178239 0.00114287
0 0.147687 0.0235788 0.295374 0.0471577 0.00101818
