0 0.0384778 0.606029 0.0769556 0.213136 0.00772786
0 0.0397166 0.613849 0.0794332 0.300837 0.00737972
0 0.0498033 0.599221 0.0995288 0.240764 0.00541375
0 0.752902 0.0256108 0.296108 0.0512216 0.00384157
0 0.0233402 0.619358 0.0466154 0.28544 0.00375546
0 0.754444 0.0334757 0.329136 0.066888 0.00327083
0 0.349799 0.0405542 0.54355 0.0811083 0.00297529
0 0.0563577 0.645278 0.112715 0.378398 0.00288176
0 0.936271 0.545079 0.127378 0.388925 0.00276359
0 0.725189 0.0429956 0.525819 0.0859912 0.00268251
0 0.239369 0.0225095 0.326954 0.0450191 0.0025628
0 0.401771 0.0169314 0.271346 0.0338627 0.00238009
0 0.403291 0.0235201 0.320233 0.0470402 0.00224741
0 0.71878 0.0199922 0.298864 0.0399634 0.00204628
0 0.0269438 0.595259 0.053879 0.165813 0.00186167
0 0.0502539 0.690088 0.100454 0.554267 0.00175445
0 0.341531 0.0177743 0.291744 0.0355485 0.00169732
0 0.928275 0.576746 0.143364 0.522721 0.00169487
0 0.855422 0.0190782 0.289156 0.0381565 0.00167554
0 0.330738 0.86663 0.661476 0.266688 0.00166837
0 0.398568 0.0329732 0.369189 0.0659463 0.00165926
0 0.223615 0.029889 0.317544 0.0597772 0.00163691
0 0.984206 0.336862 0.0314903 0.191691 0.00152009
0 0.981982 0.298415 0.0360368 0.318924 0.00144031
0 0.256717 0.0394864 0.485865 0.0789728 0.00142134
0 0.0169815 0.635857 0.0339348 0.340402 0.00141431
0 0.209298 0.0242683 0.219679 0.0484208 0.00122568
0 0.449218 0.0424648 0.604346 0.0849296 0.00117351
0 0.281934 0.0168202 0.314654 0.0336404 0.00116916
0 0.341485 0.023794 0.360284 0.0474426 0.00116418
0 0.966366 0.32763 0.0670453 0.489148 0.00115136
0 0.852222 0.0266036 0.295556 0.0528587 0.00113668
0 0.982517 0.356466 0.0349654 0.267464 0.00113501
0 0.0704014 0.586367 0.140743 0.466176 0.00108449
0 0.97712 0.338266 0.0457592 0.259842 0.00108229
0 0.694608 0.0355501 0.400958 0.0711001 0.00105764
0 0.974473 0.297438 0.0510533 0.357184 0.00103427
0 0.799558 0.0188035 0.359813 0.037607 0.00101119
