0 0.488001 0.481924 0.202091 0.206103 0.334407
0 0.48688 0.484762 0.246867 0.247407 0.0851811
0 0.530622 0.195214 0.184405 0.219884 0.0149995
0 0.879523 0.0337643 0.240954 0.0675285 0.0141463
0 0.870734 0.0444137 0.258532 0.0888274 0.0113018
0 0.868054 0.0229164 0.192272 0.0456488 0.00602198
0 0.898445 0.325287 0.134209 0.136257 0.00430116
0 0.941998 0.436859 0.116004 0.254275 0.00383842
0 0.935312 0.393735 0.129376 0.355597 0.00382734
0 0.547232 0.982976 0.152909 0.0339983 0.00344913
0 0.590056 0.979866 0.317948 0.0401778 0.00341924
0 0.51624 0.98133 0.341509 0.037235 0.00327467
0 0.558692 0.98157 0.225345 0.0367759 0.00322454
0 0.490039 0.968702 0.382824 0.062596 0.00294788
0 0.912008 0.353634 0.175984 0.469309 0.00270177
0 0.562243 0.971968 0.335456 0.056064 0.00261341
0 0.531017 0.957536 0.474527 0.0848529 0.0023488
0 0.549921 0.97651 0.267604 0.0469803 0.00232244
0 0.0247323 0.67202 0.0494593 0.180766 0.00195628
0 0.0251747 0.608002 0.050333 0.378351 0.00180082
0 0.530338 0.190709 0.239718 0.258016 0.0016909
0 0.483623 0.964409 0.2853 0.0709038 0.00165962
0 0.958342 0.434641 0.0831981 0.267582 0.00164977
0 0.0170096 0.607508 0.0340191 0.33177 0.00163796
0 0.0417967 0.526771 0.0832111 0.472304 0.00159433
0 0.488541 0.974386 0.274544 0.0511444 0.00155288
0 0.0277674 0.670542 0.0555224 0.238572 0.00142534
0 0.842503 0.015556 0.173111 0.0310952 0.00133394
0 0.25579 0.959502 0.137074 0.0809969 0.00133125
0 0.853755 0.0613728 0.292082 0.122746 0.00130318
0 0.902228 0.328604 0.159883 0.167287 0.00123549
0 0.0202396 0.680873 0.0404165 0.148913 0.00120749
0 0.604661 0.964506 0.529035 0.0708468 0.00107818
