0 0.545867 0.316558 0.541611 0.324076 0.708354
0 0.544672 0.241191 0.555516 0.482382 0.304841
0 0.771706 0.880081 0.334558 0.239839 0.215201
0 0.85077 0.0800204 0.174743 0.158574 0.182484
0 0.638752 0.319557 0.429611 0.348666 0.0284973
0 0.0229271 0.270096 0.0458542 0.28501 0.0247714
0 0.854269 0.089462 0.247731 0.178924 0.017234
0 0.3909 0.242396 0.675651 0.484792 0.0130143
0 0.547851 0.852189 0.293899 0.294785 0.0125368
0 0.039862 0.255183 0.0796037 0.261295 0.00989158
0 0.211196 0.186042 0.344389 0.372083 0.00836115
0 0.0241481 0.23712 0.0482405 0.201501 0.00340469
0 0.086663 0.707652 0.173326 0.210949 0.00213108
0 0.188193 0.233572 0.245524 0.280973 0.00204208
0 0.324227 0.204716 0.612356 0.409432 0.00196576
0 0.539209 0.266304 0.687106 0.532607 0.00192383
0 0.170782 0.434231 0.103217 0.099875 0.00185236
0 0.314332 0.803905 0.384341 0.376564 0.00174531
0 0.541625 0.0650032 0.270054 0.130006 0.00167419
0 0.0300199 0.0219081 0.0600398 0.0437669 0.00159135
0 0.0472894 0.255249 0.0945787 0.369071 0.00152653
0 0.0300711 0.0402301 0.0601297 0.0804082 0.00152511
0 0.535359 0.0684131 0.424101 0.136826 0.00141416
0 0.0271775 0.0620732 0.0543213 0.124146 0.00139584
0 0.266866 0.93721 0.220201 0.125441 0.00137733
0 0.247935 0.81701 0.49587 0.364465 0.00127829
0 0.0611058 0.87073 0.121924 0.196399 0.00124277
0 0.531012 0.112347 0.633602 0.224694 0.0011453
0 0.515316 0.0939848 0.504138 0.18797 0.00108256
