0 0.52041 0.201338 0.184635 0.207589 0.866913
0 0.941152 0.914941 0.117695 0.170119 0.0331894
0 0.521646 0.203776 0.236464 0.245493 0.0173901
0 0.933022 0.885507 0.133855 0.228986 0.0108818
0 0.0149296 0.692788 0.0298253 0.213782 0.00256837
0 0.0237899 0.696797 0.0475798 0.281543 0.00204705
0 0.017776 0.669402 0.0354766 0.184757 0.00179998
0 0.0766357 0.079905 0.153072 0.15981 0.00141823
0 0.0180835 0.713043 0.036167 0.270033 0.0012236
0 0.0428467 0.764715 0.0854861 0.46213 0.00120672
0 0.769488 0.733928 0.362055 0.363115 0.00119155
0 0.0108147 0.701808 0.0214 0.124124 0.00106945
