0 0.937992 0.893566 0.12365 0.212645 0.0157044
0 0.931188 0.848688 0.137624 0.301132 0.00854934
0 0.0734176 0.465084 0.146466 0.24091 0.00696577
0 0.49731 0.496385 0.400145 0.390059 0.00516432
0 0.515167 0.0469942 0.336328 0.0939884 0.0037996
0 0.509413 0.0402834 0.457793 0.0805667 0.0030175
0 0.681126 0.0516482 0.626321 0.103296 0.00275272
0 0.515041 0.0333939 0.257815 0.0667879 0.00260194
0 0.590053 0.975656 0.32043 0.0486879 0.00227689
0 0.916289 0.7947 0.167252 0.408393 0.00213465
0 0.0104108 0.232212 0.0208196 0.213864 0.00201586
0 0.578297 0.982973 0.289079 0.0340426 0.00188209
0 0.594355 0.967864 0.363533 0.0642725 0.00182559
0 0.585644 0.963817 0.53885 0.0722891 0.00161594
0 0.979802 0.565062 0.0403966 0.36954 0.00156931
0 0.671665 0.0922075 0.648994 0.184415 0.00153307
0 0.525731 0.0573263 0.604073 0.114653 0.0015261
0 0.910907 0.874425 0.178186 0.25115 0.00146623
0 0.739191 0.0625371 0.521617 0.125074 0.00145192
0 0.562651 0.0211729 0.367378 0.0423459 0.00144422
0 0.0066456 0.242951 0.0132912 0.176466 0.00144165
0 0.954446 0.743604 0.0907984 0.505868 0.00131044
0 0.585964 0.0259935 0.439433 0.0517387 0.00130311
0 0.965575 0.714985 0.0684412 0.570029 0.00126682
0 0.496411 0.0333026 0.367141 0.0664239 0.00114008
0 0.584809 0.0369405 0.431174 0.0737099 0.00113924
0 0.0305156 0.482983 0.0610312 0.371312 0.00111796
0 0.014809 0.145279 0.0296179 0.290558 0.00110431
0 0.0652113 0.0287949 0.130423 0.0575897 0.00108014
