0 0.391922 0.166066 0.287024 0.332133 0.86592
0 0.984173 0.750774 0.0316229 0.293722 0.00431426
0 0.988859 0.789511 0.022282 0.179553 0.00266636
0 0.976711 0.753518 0.0465789 0.357495 0.00229559
0 0.990796 0.790986 0.0184078 0.140447 0.00213677
0 0.967037 0.750088 0.0658264 0.499824 0.00198642
0 0.437948 0.182285 0.350745 0.363331 0.001901
0 0.981749 0.170528 0.036356 0.193968 0.00146272
0 0.990685 0.766528 0.0186296 0.144682 0.00112933
0 0.981404 0.504142 0.0371155 0.316337 0.00100394
0 0.984374 0.694456 0.0312129 0.267878 0.00100044
