0 0.693051 0.176319 0.576212 0.352638 0.82985
0 0.847201 0.983438 0.250615 0.033123 0.01722
0 0.388845 0.979502 0.230972 0.0408952 0.0110711
0 0.389875 0.976003 0.297873 0.0479932 0.00592777
0 0.838161 0.977373 0.304134 0.0452532 0.00540323
0 0.797481 0.987655 0.160403 0.0246661 0.00340318
0 0.809171 0.984071 0.189877 0.0318575 0.00261341
0 0.83397 0.988683 0.201861 0.0225871 0.00260109
0 0.814254 0.979235 0.215089 0.0415299 0.00219664
0 0.797328 0.99118 0.147325 0.0176399 0.00197241
0 0.833994 0.969181 0.332011 0.0616376 0.00140789
0 0.35754 0.979025 0.153719 0.0417917 0.00137191
0 0.06417 0.982648 0.127896 0.0347037 0.00123479
0 0.0811547 0.975199 0.162309 0.0494585 0.00102582
