0 0.484055 0.475855 0.200436 0.195597 0.466322
0 0.452764 0.504599 0.274019 0.265717 0.0403371
0 0.0511936 0.681877 0.102387 0.380169 0.0106769
0 0.0781713 0.67212 0.156343 0.381577 0.00823641
0 0.0303362 0.700275 0.0606724 0.30805 0.00697036
0 0.0115746 0.170327 0.0231491 0.185856 0.00479356
0 0.469494 0.982119 0.278205 0.0357114 0.00421359
0 0.466902 0.969911 0.318175 0.0600528 0.00373227
0 0.0177436 0.220247 0.0354872 0.299582 0.00350649
0 0.43396 0.960195 0.486662 0.0793879 0.00311094
0 0.027832 0.205951 0.0556363 0.299582 0.00293333
0 0.00659112 0.167496 0.0131822 0.149759 0.00280963
0 0.0215292 0.709087 0.0430584 0.272189 0.00253365
0 0.0294144 0.0279714 0.0588287 0.0558724 0.00241957
0 0.483534 0.980137 0.199674 0.0396569 0.00236203
0 0.0226626 0.0585681 0.0452205 0.117136 0.00234978
0 0.44453 0.977426 0.351473 0.0451477 0.00233898
0 0.941611 0.522619 0.116767 0.43379 0.00230853
0 0.282043 0.952603 0.526481 0.0947499 0.00213742
0 0.480567 0.975321 0.250838 0.0492895 0.00207025
0 0.0314743 0.0604402 0.0629486 0.12088 0.00206342
0 0.0388338 0.719668 0.0776675 0.351313 0.00193495
0 0.0376972 0.0436881 0.0753386 0.0869456 0.00189684
0 0.0166245 0.18498 0.0332419 0.209538 0.00175831
0 0.0189578 0.0323489 0.0379156 0.0646978 0.00175727
0 0.531956 0.975701 0.397818 0.0485986 0.00173597
0 0.644796 0.0572732 0.414771 0.114546 0.00169691
0 0.0198516 0.943462 0.0397032 0.112981 0.0016765
0 0.361813 0.949253 0.545025 0.101493 0.00159149
0 0.0292807 0.9502 0.0584874 0.0995423 0.00152615
0 0.531542 0.982858 0.363637 0.0342369 0.00152271
0 0.0447088 0.204883 0.0892455 0.316653 0.00151901
0 0.0230902 0.174951 0.0461804 0.280996 0.00149347
0 0.246053 0.971877 0.354039 0.056201 0.00148027
0 0.418452 0.984322 0.32039 0.0312556 0.00147291
0 0.294906 0.935151 0.589812 0.129691 0.00145457
0 0.242143 0.978343 0.29967 0.043313 0.00145318
0 0.0243535 0.731956 0.0487071 0.170073 0.00138544
0 0.784374 0.955962 0.421618 0.0880764 0.00137344
0 0.0640288 0.0758316 0.127828 0.151663 0.00136551
0 0.0931497 0.866409 0.186299 0.266736 0.00133697
0 0.269334 0.983448 0.352724 0.0330906 0.00131952
0 0.926753 0.524618 0.146494 0.589922 0.00131282
0 0.970203 0.537471 0.0595933 0.370914 0.00129257
0 0.699852 0.0435953 0.520079 0.0871906 0.00128049
0 0.953592 0.555055 0.0927122 0.538986 0.00126085
0 0.0649321 0.0269621 0.129864 0.0536805 0.00124572
0 0.528925 0.963603 0.543324 0.0726345 0.00122408
0 0.204802 0.967543 0.297651 0.0634625 0.0011378
0 0.975881 0.361554 0.0480355 0.320522 0.00108938
0 0.0483068 0.938661 0.0966137 0.122678 0.00106591
0 0.0316949 0.912765 0.0630583 0.174469 0.00105534
0 0.980569 0.53727 0.0388628 0.370898 0.00104796
0 0.965047 0.19356 0.0699066 0.37682 0.00103363
0 0.0690808 0.723609 0.137942 0.552782 0.00101254
0 0.962827 0.742983 0.0739954 0.504001 0.00100873
0 0.413445 0.967389 0.388912 0.0652225 0.00100272
