0 0.488584 0.193437 0.20893 0.211862 0.853839
0 0.485727 0.194559 0.25731 0.25469 0.0615685
0 0.104475 0.973559 0.200993 0.0521752 0.00535932
0 0.0154602 0.0759582 0.0309203 0.147995 0.00280014
0 0.0105698 0.91899 0.0209778 0.113959 0.00240488
0 0.149566 0.959816 0.294441 0.0803674 0.00213411
0 0.010392 0.91392 0.0205812 0.162674 0.00204283
0 0.0149441 0.900556 0.0298462 0.197171 0.00193484
0 0.0205142 0.0969792 0.0408739 0.191483 0.00189079
0 0.0157174 0.105352 0.0314349 0.210704 0.00183001
0 0.0223001 0.0670714 0.0446003 0.133827 0.00168606
0 0.0138675 0.876158 0.0277252 0.247685 0.00161764
0 0.215143 0.988716 0.203502 0.0225672 0.0015847
0 0.617353 0.316359 0.715768 0.632719 0.00157726
0 0.982381 0.226379 0.035239 0.344808 0.00155535
0 0.97581 0.224375 0.0483807 0.386536 0.00151701
0 0.0223281 0.886023 0.0446562 0.223931 0.00151209
0 0.0148806 0.671562 0.0297148 0.160431 0.0015016
0 0.134497 0.971186 0.268993 0.0574201 0.00144999
0 0.0338451 0.0846948 0.0676901 0.169172 0.00132018
0 0.149965 0.980648 0.299931 0.0386348 0.00130099
0 0.0214002 0.852582 0.042702 0.294835 0.00126052
0 0.180399 0.975565 0.360798 0.0488329 0.00118805
0 0.118426 0.986844 0.192317 0.0263125 0.00113112
0 0.219882 0.993463 0.178875 0.0130644 0.00112511
0 0.0174022 0.931801 0.0348044 0.136397 0.00108733
0 0.0816523 0.985997 0.145591 0.0280064 0.00107314
0 0.0472413 0.631656 0.0944825 0.239227 0.00103191
0 0.0153851 0.615058 0.0307687 0.30325 0.00103006
