0 0.502537 0.412403 0.157409 0.169579 0.84492
0 0.832466 0.204369 0.321331 0.378817 0.0877391
0 0.895491 0.901812 0.209018 0.196376 0.0511477
0 0.864344 0.888558 0.271146 0.222884 0.0119542
0 0.904567 0.928388 0.190589 0.142679 0.0114614
0 0.894574 0.86068 0.210852 0.27864 0.0110756
0 0.858265 0.328664 0.13511 0.117133 0.00814082
0 0.586036 0.628347 0.55406 0.561079 0.00291764
0 0.854229 0.371662 0.1485 0.202036 0.00278118
0 0.820755 0.309809 0.217283 0.163313 0.00166212
0 0.0816296 0.925434 0.162858 0.149133 0.00136229
0 0.128615 0.9891 0.210781 0.0217999 0.00134723
0 0.684025 0.26858 0.58799 0.53716 0.00123535
0 0.900751 0.972306 0.1984 0.0553886 0.00108487
