0 0.520791 0.36176 0.106148 0.125973 0.837504
0 0.247191 0.975452 0.130025 0.049016 0.0374944
0 0.235254 0.9728 0.190904 0.0543993 0.016425
0 0.0429042 0.705712 0.0855904 0.464566 0.00808329
0 0.209641 0.976653 0.349871 0.0464187 0.00779967
0 0.248672 0.963616 0.497345 0.0726042 0.00756212
0 0.123298 0.117049 0.24629 0.234098 0.00718085
0 0.0798974 0.11702 0.159795 0.234039 0.0054909
0 0.14473 0.876224 0.285877 0.243033 0.0053857
0 0.519102 0.359378 0.154924 0.163969 0.00535185
0 0.891238 0.946781 0.217524 0.106438 0.00515835
0 0.888969 0.924882 0.222061 0.150116 0.00443337
0 0.297769 0.975913 0.356088 0.0480484 0.00427557
0 0.913659 0.908661 0.172682 0.182678 0.00348537
0 0.203209 0.968841 0.382981 0.0616832 0.0032455
0 0.0170484 0.685239 0.0340968 0.25975 0.00324218
0 0.0273286 0.681036 0.0546571 0.294319 0.00301125
0 0.131995 0.157338 0.263846 0.314222 0.00287068
0 0.983206 0.839543 0.0335572 0.184194 0.00284577
0 0.264565 0.978681 0.172104 0.0426075 0.00266054
0 0.2659 0.946382 0.5318 0.107105 0.00238177
0 0.120572 0.943113 0.240738 0.113774 0.00238067
0 0.187258 0.85696 0.373277 0.285056 0.00231403
0 0.0222343 0.0368369 0.0444685 0.0736736 0.00231295
0 0.0648305 0.959207 0.129568 0.0815867 0.00230792
0 0.0437194 0.826186 0.0874389 0.321286 0.00222412
0 0.0913673 0.149581 0.182735 0.298579 0.00221569
0 0.0401274 0.673269 0.0802547 0.333085 0.00201086
0 0.982745 0.82114 0.0345095 0.307202 0.00200158
0 0.124481 0.918672 0.248778 0.162655 0.00198821
0 0.0302414 0.704714 0.0604515 0.382281 0.00198219
0 0.187307 0.982174 0.360126 0.035527 0.0019548
0 0.081823 0.0438704 0.163646 0.0877408 0.00190051
0 0.0379672 0.0746804 0.0759344 0.149361 0.00189255
0 0.0299158 0.809425 0.0597293 0.291263 0.00185328
0 0.977371 0.840798 0.0452586 0.318403 0.00184191
0 0.940386 0.951065 0.119099 0.0975668 0.00184056
0 0.319847 0.981655 0.384663 0.0364785 0.00177202
0 0.0572152 0.704535 0.11443 0.545723 0.00176438
0 0.96204 0.724195 0.0756865 0.376063 0.00173599
0 0.973312 0.714646 0.0532963 0.344668 0.00169293
0 0.689182 0.269942 0.605794 0.539884 0.00165549
0 0.980492 0.714262 0.0390161 0.289865 0.00164981
0 0.068732 0.938054 0.136923 0.123891 0.0016235
0 0.0295899 0.0133009 0.0591798 0.0264932 0.00160521
0 0.984721 0.853359 0.0305583 0.093513 0.00158839
0 0.0661986 0.0790915 0.132146 0.158183 0.00155701
0 0.0901812 0.949337 0.180274 0.101166 0.00155048
0 0.0601893 0.0386971 0.120379 0.0773941 0.00152429
0 0.00691986 0.0312672 0.0137097 0.0625345 0.00149655
0 0.916993 0.977112 0.166015 0.0457129 0.00144969
0 0.0286543 0.055132 0.0572521 0.110264 0.00143647
0 0.169713 0.186888 0.339425 0.373775 0.00143416
0 0.0166877 0.818512 0.0333755 0.242692 0.00142776
0 0.923731 0.935958 0.152538 0.128005 0.00142226
0 0.892979 0.886083 0.214042 0.227835 0.00136369
0 0.0502289 0.952917 0.0997159 0.0941185 0.00134303
0 0.093123 0.0671244 0.186246 0.134249 0.00131287
0 0.00631449 0.0596569 0.0125778 0.119314 0.0012994
0 0.925054 0.762481 0.149418 0.468019 0.00129463
0 0.986296 0.861152 0.0274074 0.141963 0.00126277
0 0.0469726 0.973532 0.0939453 0.0529108 0.00123645
0 0.0105102 0.0591831 0.0210205 0.118366 0.00123324
0 0.099815 0.203463 0.19963 0.406926 0.00122071
0 0.0252018 0.766381 0.0502145 0.360809 0.00121929
0 0.933984 0.969468 0.13172 0.060915 0.00121077
0 0.98207 0.658447 0.0358052 0.294913 0.00116247
0 0.916097 0.86365 0.167806 0.272701 0.00114272
0 0.950911 0.92896 0.098178 0.14208 0.00114075
0 0.333713 0.962552 0.500115 0.0748957 0.00112833
0 0.0489795 0.646667 0.097872 0.448053 0.00112529
0 0.381127 0.978768 0.390296 0.0424649 0.0011152
0 0.894807 0.792032 0.210386 0.415935 0.00109937
0 0.958182 0.950582 0.08358 0.0988209 0.00108191
0 0.181615 0.0222755 0.32604 0.044551 0.00106839
0 0.368269 0.984123 0.347193 0.0316216 0.00105699
0 0.947324 0.76806 0.105069 0.449112 0.00105667
0 0.0115313 0.815597 0.0229934 0.210788 0.00105233
0 0.860585 0.907522 0.27883 0.184957 0.00104704
0 0.0063268 0.0428035 0.0126515 0.0856069 0.00102217
0 0.982285 0.850577 0.0351813 0.116294 0.00101907
