0 0.471034 0.256098 0.343608 0.211431 0.888895
0 0.0815138 0.388974 0.162916 0.225698 0.829551
0 0.973815 0.285123 0.0523709 0.139573 0.0710804
0 0.067384 0.825698 0.134687 0.343269 0.0350908
0 0.0988043 0.825958 0.197609 0.347317 0.0313198
0 0.043226 0.790025 0.086452 0.267496 0.00941145
0 0.976655 0.884065 0.0466909 0.23187 0.00601549
0 0.966873 0.305769 0.0660923 0.258453 0.00230893
0 0.976546 0.264929 0.0469073 0.0976921 0.00164866
0 0.962882 0.869814 0.0739288 0.260372 0.00114239
0 0.376065 0.26435 0.153129 0.179633 0.00102243
