0 0.0562582 0.0225799 0.111884 0.0447493 0.14341
0 0.0881126 0.0246853 0.175283 0.0492342 0.107618
0 0.939641 0.482187 0.120718 0.27855 0.0926478
0 0.1048 0.0302045 0.208749 0.0601288 0.055685
0 0.0881027 0.0427415 0.176205 0.0849996 0.0507103
0 0.12994 0.0421555 0.25988 0.084311 0.0412027
0 0.0682718 0.031819 0.135696 0.0636379 0.0395759
0 0.931934 0.465637 0.136054 0.355212 0.0209883
0 0.0984318 0.0685891 0.196864 0.136981 0.0176059
0 0.145977 0.0666241 0.291954 0.133248 0.014525
0 0.86616 0.904296 0.267261 0.191408 0.00715791
0 0.0660589 0.0179596 0.132118 0.0359191 0.00648954
0 0.214003 0.96207 0.166618 0.0758607 0.00626637
0 0.901612 0.896861 0.196695 0.206278 0.00608523
0 0.0526726 0.0216135 0.105345 0.0431908 0.00593754
0 0.225867 0.962554 0.438364 0.0748293 0.00583792
0 0.0919407 0.12292 0.183881 0.245659 0.00494182
0 0.208274 0.95921 0.26544 0.0815804 0.00401389
0 0.173649 0.0802651 0.345286 0.16053 0.00375915
0 0.0728128 0.0133045 0.145626 0.0266089 0.0033965
0 0.143752 0.108911 0.287135 0.217822 0.00287026
0 0.269225 0.948925 0.538449 0.101816 0.00246065
0 0.193205 0.968667 0.305345 0.0626655 0.00245386
0 0.144666 0.0769512 0.191657 0.15179 0.00235559
0 0.24621 0.011422 0.213663 0.0228334 0.00234065
0 0.290396 0.0446425 0.580791 0.0892851 0.00232456
0 0.950427 0.897713 0.0991451 0.204575 0.00203197
0 0.893114 0.951151 0.213773 0.0976989 0.00201184
0 0.145441 0.0240405 0.290882 0.048081 0.00182332
0 0.13241 0.0173271 0.264819 0.0346541 0.00172763
0 0.989137 0.689482 0.0216732 0.192568 0.00168447
0 0.31314 0.966543 0.550267 0.0668812 0.00168183
0 0.889845 0.0659625 0.220021 0.131925 0.00159391
0 0.254331 0.980093 0.342425 0.0398133 0.00141678
0 0.238211 0.0397902 0.385431 0.0790812 0.00137078
0 0.228311 0.0172585 0.330312 0.034517 0.00136742
0 0.26647 0.923818 0.5326 0.152364 0.00136055
0 0.922451 0.0736176 0.154986 0.147235 0.00124316
0 0.958384 0.0718379 0.0832323 0.143676 0.00119675
0 0.241947 0.00835444 0.189296 0.0167089 0.00114668
0 0.168602 0.0370848 0.337204 0.0739567 0.00114419
0 0.212934 0.961768 0.1159 0.0763183 0.00113596
0 0.250247 0.969838 0.379048 0.060324 0.00111751
0 0.229367 0.0282744 0.361383 0.0565489 0.00109345
0 0.877022 0.0914806 0.245947 0.182827 0.00102344
0 0.992751 0.690322 0.0144973 0.153628 0.00101085
0 0.983029 0.65066 0.0339429 0.33859 0.00100914
