0 0.495749 0.178649 0.395119 0.357298 0.898803
0 0.694477 0.0361052 0.399997 0.0722104 0.0222761
0 0.0789443 0.893467 0.111566 0.119768 0.0172207
0 0.732317 0.0300827 0.313918 0.0601308 0.0127961
0 0.658495 0.0430741 0.52403 0.0859966 0.006162
0 0.758877 0.0386964 0.306679 0.0772534 0.00173105
0 0.0767552 0.91119 0.0853735 0.086288 0.00132926
0 0.926504 0.0640779 0.145966 0.128156 0.00126792
0 0.752426 0.0314684 0.21174 0.0629368 0.0011899
0 0.071069 0.86923 0.130536 0.216849 0.00118135
0 0.674223 0.0820249 0.529489 0.163575 0.00107693
0 0.439384 0.981289 0.20428 0.0374143 0.00106588
