0 0.380925 0.189385 0.129263 0.139718 0.809207
0 0.379689 0.190253 0.176275 0.177375 0.0129574
0 0.549887 0.0991868 0.499932 0.198374 0.00988495
0 0.98219 0.741735 0.0355959 0.160098 0.00324057
0 0.977159 0.727174 0.0456828 0.2707 0.0030341
0 0.966089 0.781466 0.0674967 0.421063 0.00273067
0 0.980721 0.765413 0.0385575 0.280633 0.0026224
0 0.982675 0.712216 0.0345147 0.252902 0.00211745
0 0.975016 0.773636 0.0499682 0.394707 0.00199154
0 0.982278 0.688115 0.035352 0.354037 0.00191926
0 0.51621 0.0680692 0.437949 0.136138 0.00186328
0 0.976296 0.68189 0.0474074 0.402026 0.00170022
0 0.986732 0.731828 0.0265367 0.0992546 0.00144321
0 0.576307 0.122157 0.646385 0.244314 0.00125273
0 0.980504 0.800398 0.0389869 0.399205 0.00119657
0 0.489602 0.0510781 0.44858 0.102156 0.00113662
0 0.785885 0.0167301 0.23696 0.0334603 0.00105288
