0 0.373428 0.177079 0.194865 0.174814 0.878618
0 0.952734 0.925979 0.0929995 0.146802 0.00429961
0 0.466749 0.9608 0.304307 0.0783998 0.00419607
0 0.488547 0.96326 0.439843 0.073414 0.00351306
0 0.374848 0.190542 0.234428 0.209276 0.00300537
0 0.956858 0.945403 0.0855205 0.109193 0.00292551
0 0.46763 0.966219 0.242883 0.0675384 0.002341
0 0.953608 0.965306 0.0920856 0.0692792 0.00199494
0 0.934005 0.920236 0.131483 0.159528 0.00180655
0 0.984439 0.717529 0.0310607 0.249996 0.00136289
0 0.951211 0.893588 0.0974479 0.212824 0.00101777
