0 0.510237 0.36033 0.189969 0.188407 0.864481
0 0.782009 0.0164685 0.188768 0.032937 0.25396
0 0.789751 0.0227339 0.290076 0.0454678 0.0811618
0 0.78205 0.0171105 0.13023 0.034221 0.0627903
0 0.974239 0.523819 0.0515227 0.156559 0.0326465
0 0.758344 0.0169584 0.328966 0.0339169 0.0238511
0 0.791638 0.0311803 0.372804 0.0623606 0.0107172
0 0.82503 0.0189076 0.335114 0.0378152 0.00645698
0 0.969214 0.523112 0.0612069 0.187842 0.0043619
0 0.926571 0.880969 0.146768 0.238062 0.00289586
0 0.967104 0.529179 0.0657929 0.39524 0.00235225
0 0.73026 0.0241809 0.403718 0.0483618 0.00184622
0 0.346471 0.327189 0.692941 0.654377 0.00135675
0 0.798934 0.0116516 0.212006 0.0233033 0.00132252
0 0.975354 0.563616 0.0491478 0.271624 0.00129298
0 0.942387 0.843407 0.115226 0.123199 0.00110615
