0 0.33537 0.368225 0.187501 0.191123 0.907799
0 0.988471 0.771671 0.0230585 0.188157 0.141155
0 0.989863 0.774873 0.020269 0.148909 0.0968872
0 0.984595 0.772653 0.0307603 0.240369 0.0776718
0 0.977466 0.765727 0.0450681 0.317942 0.029633
0 0.0867328 0.935962 0.173423 0.128076 0.0213435
0 0.0835536 0.892904 0.167045 0.213216 0.0124539
0 0.119854 0.914943 0.239447 0.169898 0.0123262
0 0.97032 0.949036 0.0592685 0.101928 0.0105107
0 0.982992 0.797135 0.034016 0.340373 0.00967491
0 0.940083 0.936426 0.119834 0.127149 0.00800831
0 0.947902 0.953298 0.103759 0.0934041 0.00771104
0 0.968865 0.763637 0.0622041 0.472726 0.00705662
0 0.965869 0.756904 0.0681717 0.340716 0.0059301
0 0.976472 0.937125 0.047056 0.125751 0.00578961
0 0.962666 0.910067 0.0745045 0.179866 0.0048437
0 0.983135 0.957135 0.0337301 0.0857297 0.0046944
0 0.141892 0.935409 0.283734 0.129043 0.00464714
0 0.904132 0.957972 0.191676 0.0840557 0.00462374
0 0.920012 0.97104 0.159437 0.057838 0.00427532
0 0.98785 0.954909 0.0242996 0.0901822 0.00420233
0 0.988988 0.444649 0.0220156 0.210357 0.0041921
0 0.0617677 0.941393 0.122952 0.117213 0.00404239
0 0.66022 0.9882 0.200406 0.0236006 0.00348599
0 0.335629 0.369479 0.242253 0.247501 0.00327666
0 0.914153 0.928147 0.169428 0.143533 0.00305884
0 0.983793 0.420123 0.0324134 0.369955 0.00288209
0 0.52755 0.300741 0.634916 0.601482 0.00284295
0 0.0963545 0.952134 0.192709 0.0957316 0.00256757
0 0.980159 0.899535 0.0396698 0.200695 0.00247501
0 0.0665025 0.97805 0.133005 0.0438432 0.00221576
0 0.657368 0.977249 0.292722 0.0454438 0.00206451
0 0.991258 0.455093 0.0174404 0.160342 0.00199778
0 0.659132 0.982987 0.24699 0.0340269 0.00178538
0 0.866936 0.948097 0.26562 0.103806 0.00153747
0 0.0452712 0.932659 0.0902958 0.134361 0.00152627
0 0.659186 0.992917 0.163129 0.0141363 0.00151531
0 0.976845 0.414296 0.0463094 0.411955 0.00149352
0 0.0616117 0.986535 0.123223 0.0268815 0.00135659
0 0.983898 0.549584 0.0322046 0.244174 0.001337
0 0.989142 0.574708 0.0217155 0.214156 0.00131262
0 0.949737 0.742048 0.100527 0.515904 0.00128454
0 0.993053 0.48088 0.0138948 0.162113 0.00124846
0 0.982998 0.718276 0.034003 0.368449 0.00124007
0 0.658201 0.969751 0.361815 0.0604988 0.00120136
0 0.964221 0.84357 0.0712109 0.312859 0.00118087
0 0.667732 0.963808 0.507716 0.0721991 0.00111458
0 0.975341 0.812304 0.0491836 0.375393 0.00109275
0 0.0509537 0.971013 0.101907 0.0578511 0.00108155
0 0.975817 0.71372 0.0483652 0.402808 0.00100541
0 0.824642 0.00738108 0.186231 0.0147044 0.00100393
