0 0.356694 0.31175 0.172884 0.154526 0.842524
0 0.629182 0.943583 0.474638 0.112834 0.0212827
0 0.554286 0.980657 0.291999 0.038686 0.0139493
0 0.553922 0.969083 0.330809 0.0618331 0.00796554
0 0.355262 0.312792 0.213218 0.20149 0.00531416
0 0.714898 0.957931 0.315011 0.0839319 0.00232414
0 0.716551 0.980448 0.305562 0.0391033 0.00186334
0 0.628443 0.914196 0.514894 0.171188 0.00182109
0 0.569938 0.97699 0.387729 0.0460202 0.00172485
0 0.673243 0.954515 0.447692 0.0908487 0.00164779
0 0.981171 0.0665671 0.0374995 0.133134 0.00163533
0 0.614876 0.983908 0.352892 0.0321833 0.00153574
0 0.616946 0.968073 0.417566 0.0638547 0.00148319
0 0.983207 0.135147 0.0335059 0.270294 0.00131933
0 0.594413 0.956598 0.411196 0.0865175 0.00120134
0 0.531259 0.986806 0.189382 0.0262576 0.00120128
0 0.724535 0.973425 0.359967 0.0530951 0.00116441
0 0.975939 0.138924 0.0480657 0.277848 0.00108219
0 0.53776 0.993147 0.173578 0.0136858 0.00105689
