0 0.532717 0.199536 0.200925 0.204962 0.836182
0 0.772185 0.857754 0.443255 0.283252 0.111735
0 0.709288 0.90939 0.235844 0.18122 0.0790297
0 0.739173 0.874794 0.347001 0.249472 0.0485615
0 0.772277 0.900992 0.381725 0.198016 0.0207584
0 0.0451844 0.0989328 0.0903688 0.197866 0.00990074
0 0.712381 0.840957 0.47835 0.318086 0.00988153
0 0.124413 0.0126723 0.182143 0.0253447 0.00984843
0 0.527852 0.198509 0.261677 0.260273 0.00867634
0 0.652714 0.904523 0.350599 0.190953 0.00839106
0 0.0393976 0.0673385 0.0787951 0.134578 0.0081838
0 0.0669704 0.953207 0.132644 0.093585 0.00740437
0 0.0508677 0.959953 0.101639 0.0800946 0.00662064
0 0.0427291 0.966822 0.0854567 0.0663568 0.00539214
0 0.109882 0.0157049 0.219765 0.0313986 0.00538509
0 0.0546894 0.920941 0.108562 0.158118 0.00451729
0 0.124132 0.011462 0.141085 0.0229097 0.00449973
0 0.0703927 0.906646 0.140785 0.186708 0.00386871
0 0.631031 0.932439 0.304946 0.135111 0.00330732
0 0.0607736 0.600317 0.121467 0.382147 0.00296564
0 0.968415 0.970582 0.063169 0.058718 0.00291307
0 0.0109349 0.102533 0.0218698 0.190429 0.00282436
0 0.101471 0.914019 0.20251 0.171963 0.00267738
0 0.100189 0.860456 0.200367 0.278633 0.00267163
0 0.254808 0.652605 0.232834 0.270907 0.00255017
0 0.128535 0.0231809 0.257069 0.0463617 0.00235874
0 0.0511179 0.980935 0.102236 0.0381294 0.002186
0 0.940738 0.961949 0.118429 0.075949 0.00204608
0 0.0473883 0.169595 0.0947765 0.336512 0.00204522
0 0.703035 0.0156315 0.318049 0.03123 0.00196545
0 0.0598488 0.261553 0.119553 0.523107 0.00196475
0 0.193513 0.251295 0.387025 0.498945 0.00186088
0 0.965665 0.400621 0.0685725 0.448837 0.00179799
0 0.952726 0.0538997 0.0943635 0.107799 0.00177821
0 0.975484 0.952217 0.0490317 0.0955658 0.00176103
0 0.966167 0.957292 0.0675502 0.0854162 0.00171154
0 0.00665006 0.0847862 0.0132962 0.145223 0.00163325
0 0.0754663 0.548054 0.150933 0.274562 0.00162548
0 0.0385964 0.920565 0.0771928 0.158769 0.00161365
0 0.0680167 0.51804 0.135301 0.213298 0.00160526
0 0.110316 0.0090117 0.176848 0.0180234 0.00157389
0 0.0415907 0.0468089 0.0827495 0.0935023 0.00156779
0 0.933127 0.943201 0.133747 0.113598 0.0015572
0 0.0845325 0.967701 0.169065 0.0645974 0.00152743
0 0.140772 0.849774 0.280874 0.299233 0.00151932
0 0.396315 0.0180057 0.154398 0.0359133 0.00144911
0 0.552208 0.352532 0.0945721 0.102275 0.00142749
0 0.330102 0.959444 0.430695 0.0811119 0.00141792
0 0.735986 0.988069 0.18761 0.0237311 0.00140169
0 0.0228863 0.131335 0.045709 0.26267 0.00136751
0 0.597097 0.976709 0.201774 0.0464836 0.00135823
0 0.877951 0.901734 0.244099 0.196533 0.00135776
0 0.0812827 0.928637 0.162565 0.142726 0.00133256
0 0.615577 0.968427 0.247467 0.0630314 0.00131576
0 0.142029 0.897809 0.284059 0.204371 0.00126988
0 0.0540227 0.981361 0.108045 0.0372772 0.00123775
0 0.596617 0.915376 0.168562 0.169248 0.00123462
0 0.968058 0.0352732 0.06387 0.0704232 0.00121917
0 0.106247 0.0735318 0.212494 0.147064 0.00120969
0 0.0143152 0.128343 0.0285832 0.256685 0.00117864
0 0.97044 0.053065 0.0589966 0.10613 0.00116943
0 0.0587292 0.123509 0.117443 0.247017 0.00116195
0 0.087484 0.57191 0.174968 0.42099 0.00115192
0 0.0615631 0.491224 0.120731 0.151408 0.00112664
0 0.344343 0.982924 0.320912 0.0340509 0.00112547
0 0.983152 0.35189 0.0336962 0.245757 0.00111746
0 0.0501802 0.326164 0.10036 0.38081 0.00111713
0 0.559466 0.323582 0.127497 0.164507 0.00111594
0 0.740435 0.777396 0.51913 0.445208 0.00110741
0 0.964851 0.072909 0.0702976 0.145818 0.00107723
0 0.0151764 0.857386 0.0303528 0.285227 0.00106632
0 0.335656 0.976596 0.372765 0.0467654 0.00105624
0 0.0389306 0.395855 0.0776303 0.36614 0.00103324
0 0.977675 0.0686158 0.0445174 0.137232 0.00102781
0 0.418972 0.68383 0.623618 0.63234 0.00102248
