0 0.48318 0.436409 0.154867 0.159902 0.440705
0 0.0425752 0.226162 0.0851503 0.391002 0.0117591
0 0.0315137 0.212944 0.0629239 0.246986 0.00941521
0 0.0223967 0.211714 0.0447935 0.235058 0.00643009
0 0.744464 0.94979 0.159881 0.100419 0.006116
0 0.040577 0.211443 0.0811232 0.287099 0.0048023
0 0.0127821 0.222011 0.0255594 0.158182 0.00307225
0 0.578355 0.950988 0.280495 0.0980241 0.00256409
0 0.0562784 0.234192 0.112476 0.456518 0.00244107
0 0.257914 0.0170225 0.33804 0.0340451 0.00206615
0 0.0180676 0.197196 0.0361167 0.194348 0.00171029
0 0.74515 0.951679 0.26016 0.0966206 0.00165402
0 0.0289061 0.155443 0.0578121 0.310885 0.00133561
0 0.0196904 0.250202 0.0393808 0.290858 0.00133217
0 0.259468 0.0258321 0.373057 0.0514972 0.00127808
0 0.522687 0.949696 0.452631 0.100608 0.00127779
0 0.00707628 0.218008 0.0141526 0.13286 0.00125092
0 0.0281549 0.270125 0.056172 0.335816 0.00124679
0 0.587916 0.973807 0.247335 0.0523851 0.00123243
0 0.665381 0.954132 0.515729 0.0915947 0.00120072
0 0.0166574 0.145249 0.0333149 0.290498 0.001164
0 0.0413979 0.115918 0.0827959 0.231285 0.00115796
0 0.223906 0.0116123 0.198844 0.0232247 0.0010773
0 0.0240476 0.110146 0.0480952 0.220291 0.00105943
0 0.379453 0.0215844 0.292871 0.0431688 0.00103061
