0 0.563736 0.191901 0.191765 0.151561 0.897087
0 0.984416 0.0782528 0.0311681 0.155575 0.0080959
0 0.972925 0.711329 0.0539075 0.118225 0.00668748
0 0.980469 0.0604762 0.0390066 0.120613 0.00635292
0 0.977549 0.0848339 0.0446726 0.169668 0.00466108
0 0.967357 0.12534 0.0651778 0.250679 0.00350664
0 0.964589 0.0934573 0.0708225 0.186915 0.0026973
0 0.981095 0.564534 0.0378101 0.266385 0.00205224
0 0.988842 0.0935742 0.0223159 0.187148 0.00149494
0 0.987548 0.0650986 0.0249045 0.130197 0.00139904
0 0.905303 0.551082 0.135013 0.144288 0.00123852
0 0.739396 0.988201 0.199298 0.0235989 0.00116561
0 0.942727 0.107937 0.113904 0.215873 0.00113923
0 0.966028 0.590049 0.0677978 0.399356 0.00109246
0 0.974231 0.565633 0.0515386 0.289773 0.0010566
