0 0.866289 0.0482872 0.266528 0.0965743 0.00424758
0 0.968197 0.27864 0.0635972 0.557281 0.00289019
0 0.899538 0.0651883 0.200924 0.130377 0.00266239
0 0.967724 0.623463 0.0645528 0.608185 0.00258167
0 0.614136 0.0381879 0.649031 0.0763757 0.0020519
0 0.962706 0.209542 0.0742569 0.41612 0.001955
0 0.854741 0.0161629 0.290519 0.0323257 0.00192215
0 0.765055 0.0405931 0.469889 0.0811862 0.00191911
0 0.842145 0.023311 0.315709 0.0465857 0.00190337
0 0.932868 0.211416 0.134131 0.419643 0.00189828
0 0.92524 0.121852 0.149444 0.243361 0.00185887
0 0.863325 0.0814287 0.273022 0.162794 0.00175595
0 0.836719 0.0326285 0.326562 0.0648657 0.00174518
0 0.882572 0.017775 0.234856 0.0354961 0.00171114
0 0.888806 0.0310583 0.222388 0.0619237 0.00169241
0 0.304142 0.967234 0.608284 0.0653207 0.00166426
0 0.96734 0.375086 0.0652263 0.631845 0.00158601
0 0.96923 0.771269 0.06124 0.456648 0.00156454
0 0.642139 0.0155525 0.307756 0.0310878 0.00153731
0 0.945226 0.15549 0.109378 0.31035 0.00142776
0 0.896802 0.115864 0.206194 0.231586 0.00134211
0 0.685654 0.968115 0.628693 0.0637169 0.00133471
0 0.616896 0.0130937 0.201126 0.0261874 0.0013006
0 0.924077 0.0727536 0.151846 0.145507 0.00128952
0 0.601974 0.0321264 0.432326 0.0640148 0.00128381
0 0.488095 0.0395039 0.631819 0.0790079 0.00124754
0 0.977388 0.0777793 0.0452249 0.155559 0.00121394
0 0.626581 0.0160826 0.165825 0.0321651 0.00118862
0 0.651741 0.0233395 0.38673 0.046679 0.00117803
0 0.947301 0.286517 0.105399 0.573034 0.00115819
0 0.571199 0.0232312 0.436707 0.0464625 0.00115425
0 0.916183 0.0488528 0.167633 0.0975145 0.00114993
0 0.571472 0.0156275 0.39342 0.0312298 0.00110967
0 0.741885 0.960547 0.50938 0.0789062 0.00110299
0 0.96631 0.513033 0.0672863 0.652884 0.00108646
