0 0.635027 0.188168 0.426366 0.376124 0.891107
0 0.0741099 0.683832 0.148009 0.232377 0.317578
0 0.090577 0.661154 0.181154 0.311535 0.0400443
0 0.126289 0.988302 0.132522 0.0233952 0.0233174
0 0.103744 0.65452 0.207488 0.398373 0.0175608
0 0.110699 0.992946 0.165169 0.014075 0.0156884
0 0.839763 0.991871 0.140951 0.0162547 0.0143956
0 0.118528 0.70382 0.237057 0.367901 0.0132935
0 0.130272 0.991646 0.119976 0.0166154 0.0129694
0 0.138446 0.984592 0.231172 0.0306625 0.0129303
0 0.83309 0.988721 0.204488 0.022558 0.0124043
0 0.0175208 0.0467963 0.0350199 0.092411 0.0121503
0 0.0307079 0.0984369 0.0614159 0.196874 0.0111412
0 0.117115 0.988595 0.191294 0.0228094 0.010673
0 0.0199689 0.0676929 0.0399377 0.133423 0.00884968
0 0.0238981 0.0835469 0.0477963 0.165289 0.0083018
0 0.857446 0.99298 0.152177 0.0140324 0.00803913
0 0.0133503 0.0509987 0.0265882 0.101997 0.00765628
0 0.0243444 0.0414177 0.0486743 0.0827528 0.007434
0 0.134851 0.724979 0.269371 0.485042 0.00549931
0 0.845967 0.984131 0.244086 0.0316317 0.00491252
0 0.136719 0.978858 0.267474 0.0422831 0.00458891
0 0.826927 0.97754 0.325702 0.0448129 0.00345607
0 0.150138 0.99112 0.139449 0.0177592 0.00293653
0 0.905414 0.987488 0.119027 0.0250233 0.00290614
0 0.0320435 0.0624691 0.064087 0.124686 0.00288753
0 0.0125145 0.0805931 0.0250237 0.161186 0.00287016
0 0.0441674 0.036731 0.0878206 0.0733773 0.00257344
0 0.840971 0.969965 0.280535 0.0596284 0.00249754
0 0.0395942 0.049364 0.0787553 0.0983517 0.00237005
0 0.0483279 0.109353 0.0966557 0.218706 0.00208892
0 0.815647 0.982321 0.197345 0.0352359 0.00194106
0 0.00918844 0.0467024 0.0183158 0.0934049 0.0018451
0 0.992683 0.84017 0.0146335 0.118778 0.00167783
0 0.783535 0.982468 0.126493 0.0350646 0.00159551
0 0.988735 0.842337 0.0224258 0.14512 0.0014831
0 0.175211 0.993167 0.177276 0.0136652 0.0014426
0 0.0156183 0.4687 0.0312266 0.223768 0.00144051
0 0.195593 0.984634 0.295254 0.0306269 0.0014343
0 0.983498 0.824569 0.0329767 0.230863 0.00142812
0 0.988682 0.634365 0.0226369 0.145802 0.00139601
0 0.894993 0.98139 0.210013 0.0372206 0.00137429
0 0.157535 0.972637 0.314332 0.0546083 0.001368
0 0.0204021 0.114018 0.0408043 0.228036 0.00133888
0 0.88517 0.785479 0.0656567 0.0594739 0.00128216
0 0.982297 0.870282 0.0353889 0.259435 0.00127334
0 0.0491432 0.461666 0.0982864 0.271958 0.00124316
0 0.0453257 0.164721 0.0906515 0.32665 0.0012273
0 0.984038 0.840388 0.0319042 0.159725 0.00121678
0 0.896486 0.970747 0.207028 0.0583531 0.00120921
0 0.0234676 0.464441 0.0469351 0.304669 0.00120665
0 0.708582 0.993526 0.166409 0.0129268 0.00118579
0 0.395781 0.975827 0.352086 0.0481328 0.00117002
0 0.174791 0.988359 0.19987 0.0232825 0.0011624
0 0.982727 0.774717 0.0345318 0.305461 0.00112382
0 0.646826 0.987797 0.199537 0.0244067 0.00111656
0 0.827425 0.962929 0.345149 0.0740695 0.00111302
0 0.707085 0.988686 0.207411 0.0226092 0.00111238
0 0.00724255 0.0693128 0.0144851 0.138626 0.00110425
0 0.862315 0.967337 0.27537 0.065311 0.00109887
0 0.0545715 0.431016 0.109143 0.366316 0.0010872
0 0.0149728 0.417676 0.0299457 0.34377 0.00105728
0 0.010622 0.223421 0.021244 0.198727 0.00105233
0 0.136479 0.639463 0.272959 0.481814 0.00105125
0 0.193136 0.978253 0.348512 0.043479 0.00103489
0 0.162829 0.874563 0.315556 0.241463 0.00101918
0 0.712112 0.983973 0.296421 0.0319927 0.00100726
