0 0.572358 0.419805 0.185818 0.187281 0.836445
0 0.945926 0.632004 0.107476 0.124873 0.0405322
0 0.028793 0.0708307 0.0575565 0.140886 0.00998198
0 0.572017 0.419987 0.225747 0.223093 0.00888896
0 0.0460205 0.0847439 0.0918682 0.169488 0.00470233
0 0.0318519 0.110857 0.0636397 0.221715 0.00417144
0 0.95546 0.96389 0.0890245 0.072026 0.00243273
0 0.0626465 0.090916 0.125293 0.181832 0.0023786
0 0.025873 0.049991 0.0515182 0.0999821 0.00211006
0 0.0395033 0.0519198 0.0787097 0.10384 0.0017858
0 0.456375 0.368452 0.499516 0.522188 0.00169756
0 0.239197 0.988133 0.190245 0.0237341 0.00147508
0 0.94432 0.958262 0.110926 0.0834761 0.00141466
0 0.0106545 0.453193 0.0213091 0.203223 0.00123803
0 0.093888 0.0882061 0.1865 0.176412 0.00110325
