0 0.429319 0.306966 0.114869 0.127046 0.849814
0 0.786452 0.703204 0.427096 0.448206 0.380072
0 0.907056 0.602867 0.179618 0.181281 0.00636375
0 0.42744 0.307185 0.141818 0.154507 0.00531697
0 0.755511 0.634391 0.479776 0.553977 0.00510834
0 0.984427 0.08573 0.0311186 0.088394 0.00399763
0 0.990225 0.0858293 0.0195386 0.0910445 0.00355268
0 0.883309 0.614414 0.226666 0.204913 0.0034609
0 0.991716 0.0858998 0.0165676 0.116317 0.00278193
0 0.708957 0.682217 0.0931649 0.0843704 0.00239217
0 0.925974 0.592103 0.143257 0.154105 0.00214929
0 0.938767 0.579067 0.115355 0.127167 0.00153434
0 0.982434 0.0977158 0.0350751 0.121226 0.00122346
0 0.706715 0.669167 0.107188 0.108465 0.00120391
0 0.987842 0.0918168 0.0243151 0.139062 0.00116322
0 0.0183676 0.973177 0.0367181 0.0536461 0.00115509
