0 0.495384 0.224818 0.451058 0.449636 0.815429
0 0.485843 0.158828 0.426569 0.317656 0.197856
0 0.225544 0.945872 0.152812 0.107162 0.024765
0 0.40254 0.113616 0.261946 0.226761 0.00822565
0 0.950746 0.848873 0.0982814 0.135054 0.00569309
0 0.951388 0.869969 0.0939682 0.0886333 0.00239335
0 0.380747 0.077161 0.278946 0.154322 0.00209727
0 0.948216 0.857016 0.103543 0.191322 0.00200154
0 0.409937 0.0960793 0.136445 0.188505 0.00189373
0 0.945825 0.801277 0.108318 0.301397 0.001785
0 0.983057 0.71023 0.0338666 0.230948 0.00158193
0 0.333686 0.107623 0.404309 0.215247 0.00155776
0 0.33886 0.111062 0.104037 0.220854 0.00124945
0 0.389194 0.985421 0.149523 0.0291584 0.00120709
0 0.235315 0.064403 0.125696 0.127724 0.00113361
0 0.981996 0.224043 0.0360076 0.373373 0.00110736
0 0.976932 0.706053 0.0461351 0.292654 0.00103466
0 0.0108678 0.467427 0.0217131 0.19853 0.00100265
