0 0.566042 0.359942 0.242314 0.225215 0.804085
0 0.977666 0.576499 0.0446683 0.214694 0.0634976
0 0.968709 0.556939 0.0625817 0.401997 0.018969
0 0.565642 0.820302 0.296744 0.359396 0.015031
0 0.976951 0.552277 0.0459802 0.316929 0.0113424
0 0.607378 0.368708 0.357725 0.248888 0.00943198
0 0.972636 0.616948 0.0545413 0.34993 0.00768091
0 0.964744 0.628498 0.0704803 0.538099 0.00335513
0 0.953377 0.561646 0.093246 0.527572 0.0028507
0 0.562715 0.916364 0.292178 0.167211 0.0019778
0 0.965937 0.779385 0.0679157 0.435501 0.00132318
0 0.684314 0.469273 0.631372 0.501837 0.00115443
0 0.964761 0.48806 0.0704772 0.545837 0.00101356
