0 0.141988 0.845154 0.194201 0.159386 0.442702
0 0.46712 0.567085 0.338198 0.280185 0.260461
0 0.513568 0.068589 0.387112 0.137172 0.147731
0 0.132099 0.8442 0.235772 0.210153 0.0753501
0 0.513571 0.0871904 0.461701 0.174381 0.0502836
0 0.553599 0.044833 0.294647 0.0896661 0.0427121
0 0.471212 0.567123 0.409736 0.364017 0.0343643
0 0.579278 0.0430785 0.179594 0.0861565 0.0230303
0 0.43657 0.0809861 0.549014 0.161817 0.0199025
0 0.765752 0.509298 0.283958 0.239924 0.0153834
0 0.820847 0.56531 0.144754 0.111372 0.0141382
0 0.731956 0.495458 0.197398 0.176566 0.0128662
0 0.536162 0.0287069 0.334098 0.0574138 0.0114807
0 0.658947 0.974133 0.28351 0.0517349 0.00756284
0 0.655021 0.968092 0.328827 0.0638164 0.00555602
0 0.626317 0.978744 0.225483 0.0425124 0.00529483
0 0.453771 0.0574292 0.457381 0.114858 0.00480883
0 0.789614 0.50277 0.321558 0.30679 0.00469755
0 0.821004 0.568086 0.178153 0.160249 0.00413106
0 0.50546 0.0492508 0.344913 0.0985015 0.00410002
0 0.180338 0.0608531 0.135487 0.118734 0.00396411
0 0.575132 0.982365 0.33334 0.0350877 0.00343924
0 0.877343 0.263567 0.217947 0.230299 0.00310948
0 0.507207 0.556711 0.258343 0.233237 0.00310462
0 0.959252 0.670627 0.0812869 0.397597 0.00284126
0 0.281216 0.948716 0.52974 0.102567 0.00279829
0 0.607055 0.964045 0.504006 0.0717938 0.00279257
0 0.104542 0.806862 0.209084 0.356423 0.00267321
0 0.137707 0.827438 0.272494 0.269856 0.00265388
0 0.622252 0.704806 0.188696 0.158995 0.00250574
0 0.571677 0.977164 0.384296 0.0456717 0.00250399
0 0.118724 0.0231065 0.226173 0.0462129 0.00250148
0 0.129532 0.0287736 0.259065 0.0575472 0.00247741
0 0.175979 0.041863 0.13153 0.0832221 0.00231085
0 0.0619813 0.987223 0.123963 0.0255427 0.0021355
0 0.96466 0.675976 0.0705414 0.17227 0.00180012
0 0.294788 0.92875 0.589576 0.142501 0.00172886
0 0.629929 0.674277 0.193348 0.189423 0.0015867
0 0.02609 0.800477 0.052115 0.381828 0.00152576
0 0.598722 0.975452 0.244999 0.0490968 0.00150248
0 0.0637306 0.979618 0.127461 0.0407649 0.00143802
0 0.0447401 0.784209 0.089203 0.406508 0.00143531
0 0.137536 0.0408882 0.275073 0.0817765 0.00142926
0 0.0534351 0.993054 0.10687 0.0138476 0.00139794
0 0.795065 0.477731 0.395843 0.481959 0.00133034
0 0.399809 0.101071 0.667353 0.202142 0.00130959
0 0.0178355 0.799503 0.0356709 0.330989 0.00128342
0 0.617166 0.984253 0.133335 0.0314933 0.0012705
0 0.227381 0.92784 0.21936 0.14432 0.00119142
0 0.70526 0.985724 0.174373 0.0284873 0.00116972
0 0.0516038 0.983405 0.102892 0.0331907 0.00116801
0 0.695588 0.0254662 0.358171 0.0509324 0.00115359
0 0.151586 0.863412 0.300582 0.25176 0.0011433
0 0.45729 0.0473754 0.219521 0.0947508 0.0011253
0 0.0748179 0.788638 0.149447 0.400774 0.00109605
0 0.948817 0.636227 0.102307 0.512916 0.00108915
0 0.674779 0.0194541 0.300017 0.0389082 0.001078
0 0.94624 0.728677 0.107314 0.521464 0.00107468
0 0.690767 0.962569 0.517412 0.0747131 0.00107037
0 0.305959 0.974492 0.20054 0.0510067 0.00106945
0 0.182443 0.988594 0.207619 0.0228111 0.00105421
0 0.0807546 0.97261 0.161509 0.0546113 0.00103654
