0 0.57206 0.574383 0.143584 0.169856 0.401937
0 0.556771 0.580235 0.23477 0.231702 0.132667
0 0.521949 0.59309 0.25028 0.221783 0.0275275
0 0.47437 0.598686 0.144133 0.173837 0.0163868
0 0.86499 0.473135 0.13038 0.149017 0.0128305
0 0.686345 0.536421 0.106078 0.114932 0.0114074
0 0.0483565 0.963026 0.0967131 0.0737889 0.0101948
0 0.0696001 0.955833 0.1392 0.088269 0.00968589
0 0.12179 0.953518 0.243502 0.0928572 0.00736177
0 0.0761217 0.931004 0.152215 0.137992 0.00532198
0 0.123672 0.93049 0.246977 0.13886 0.00411547
0 0.955751 0.330227 0.0883137 0.40696 0.00380305
0 0.959186 0.337871 0.0816288 0.184131 0.00376421
0 0.0987554 0.966616 0.197511 0.0667689 0.00349253
0 0.162379 0.949108 0.324757 0.101571 0.00303245
0 0.960574 0.261793 0.078651 0.483132 0.0030297
0 0.077861 0.896746 0.155651 0.204755 0.00302059
0 0.684702 0.535366 0.143638 0.151562 0.00281109
0 0.968863 0.32805 0.062072 0.231997 0.00279587
0 0.537424 0.586778 0.339038 0.323553 0.00234937
0 0.944302 0.256488 0.111263 0.501581 0.00214418
0 0.0546008 0.98034 0.109202 0.0391495 0.00206357
0 0.124862 0.897582 0.249725 0.204175 0.00199083
0 0.928346 0.7085 0.143308 0.294991 0.00194086
0 0.118958 0.975151 0.237917 0.0495262 0.00167782
0 0.976078 0.312195 0.0477097 0.23765 0.00156478
0 0.851061 0.491967 0.0897155 0.102893 0.00154724
0 0.0470463 0.982062 0.0940925 0.0358765 0.0014614
0 0.959313 0.36657 0.0813738 0.276875 0.00129198
0 0.96502 0.390418 0.0697777 0.364567 0.00113404
0 0.0393303 0.911627 0.0785325 0.176712 0.00110475
0 0.921385 0.272642 0.157231 0.545283 0.00103438
0 0.0505657 0.974991 0.101107 0.0496043 0.00102342
0 0.576707 0.561324 0.362163 0.367133 0.00101441
0 0.0230454 0.373573 0.0460908 0.365713 0.0010036
