0 0.840001 0.970612 0.278086 0.0585394 0.0865836
0 0.979725 0.46886 0.0405507 0.147989 0.0693684
0 0.975213 0.472632 0.0495744 0.193513 0.0515217
0 0.964237 0.490234 0.0712667 0.314658 0.0379146
0 0.49102 0.502885 0.178081 0.161682 0.0331638
0 0.97163 0.475679 0.0567207 0.25401 0.0273012
0 0.789594 0.957332 0.413487 0.0853369 0.0256156
0 0.747466 0.942584 0.500908 0.114794 0.00882549
0 0.807648 0.931108 0.383728 0.13763 0.00735379
0 0.953968 0.493934 0.0920639 0.413301 0.0070992
0 0.851989 0.977816 0.296022 0.0442493 0.00491787
0 0.0098942 0.509913 0.0197884 0.185284 0.0046207
0 0.00637603 0.512363 0.0127279 0.128316 0.00424507
0 0.964318 0.422312 0.0711567 0.497878 0.00396343
0 0.779666 0.970071 0.360938 0.059406 0.00289824
0 0.835037 0.945008 0.329173 0.109984 0.00278289
0 0.944268 0.550438 0.111464 0.487352 0.00264291
0 0.842499 0.980246 0.171964 0.0395082 0.00257028
0 0.469946 0.987313 0.162605 0.0252926 0.00182348
0 0.450827 0.976246 0.379483 0.0475073 0.00152281
0 0.723709 0.904555 0.548675 0.190604 0.00147743
0 0.689999 0.950085 0.620002 0.0997866 0.00142039
0 0.93212 0.517613 0.135685 0.581999 0.00135933
0 0.76199 0.978407 0.3661 0.0429857 0.00130881
0 0.675512 0.975094 0.329697 0.0498117 0.00128617
0 0.948587 0.402833 0.102826 0.550737 0.0012654
0 0.452816 0.983006 0.347994 0.0338051 0.00121173
0 0.487828 0.502357 0.213192 0.204799 0.00118157
0 0.113154 0.983168 0.225862 0.0336419 0.00116437
0 0.124587 0.975594 0.249175 0.0488037 0.001129
0 0.12205 0.966596 0.243448 0.0668072 0.00108912
0 0.474311 0.969249 0.37969 0.0615014 0.00108193
