0 0.58855 0.530657 0.136965 0.183295 0.637644
0 0.909776 0.834377 0.179389 0.205635 0.482441
0 0.449416 0.552558 0.147143 0.179874 0.142923
0 0.591589 0.532062 0.201587 0.216131 0.0254828
0 0.0453926 0.45 0.0907261 0.269757 0.016709
0 0.0392727 0.452278 0.0785454 0.200517 0.00506766
0 0.503092 0.981304 0.173441 0.0373924 0.00475847
0 0.452084 0.550354 0.202119 0.213544 0.00469512
0 0.505788 0.979946 0.243114 0.0400993 0.00262657
0 0.49752 0.986781 0.148652 0.0263342 0.00202063
0 0.501224 0.990629 0.159873 0.0186856 0.00187725
0 0.501701 0.974419 0.210332 0.0508554 0.00182216
0 0.53284 0.976024 0.384575 0.0477152 0.00138473
0 0.489863 0.971837 0.353696 0.0562472 0.00136868
0 0.0291825 0.447799 0.058365 0.17931 0.00118786
0 0.465199 0.981897 0.363731 0.0361607 0.0010846
0 0.536438 0.982252 0.345677 0.0354421 0.00104485
