0 0.504343 0.50292 0.308316 0.281735 0.642333
0 0.508846 0.505956 0.37142 0.359963 0.158361
0 0.27916 0.930451 0.55832 0.139098 0.0957623
0 0.301356 0.894033 0.602712 0.211913 0.0471029
0 0.313963 0.945776 0.588889 0.10843 0.023403
0 0.051453 0.503165 0.102799 0.437285 0.0221221
0 0.316728 0.963342 0.317096 0.0732878 0.0199293
0 0.261573 0.904817 0.523145 0.190367 0.0134223
0 0.371585 0.9028 0.690479 0.194287 0.00706718
0 0.381031 0.967021 0.395554 0.0654941 0.00659684
0 0.0457133 0.530283 0.0914267 0.337052 0.00640806
0 0.063212 0.525762 0.126424 0.552525 0.00519485
0 0.394777 0.979826 0.3765 0.0401237 0.00380798
0 0.258013 0.967803 0.392595 0.0643535 0.0034426
0 0.276019 0.957228 0.344037 0.0852847 0.00343277
0 0.755356 0.957885 0.489288 0.0842305 0.00336238
0 0.0826139 0.506981 0.164815 0.613721 0.00317165
0 0.73479 0.98442 0.336904 0.0309424 0.0028152
0 0.0360721 0.492822 0.0721443 0.340955 0.00263463
0 0.0162891 0.920627 0.0325449 0.153001 0.00254878
0 0.213241 0.938769 0.426481 0.122463 0.00234952
0 0.72973 0.978676 0.39483 0.0425498 0.00203728
0 0.710312 0.988778 0.200398 0.0224434 0.0020291
0 0.4286 0.983749 0.337261 0.0323746 0.00201365
0 0.869578 0.956216 0.260844 0.0875182 0.00185654
0 0.0212224 0.900467 0.0424449 0.199067 0.00184383
0 0.726323 0.967671 0.402966 0.0641971 0.00177979
0 0.838068 0.948642 0.323035 0.102715 0.00170821
0 0.361891 0.957209 0.277699 0.0855827 0.00169103
0 0.656413 0.90628 0.157339 0.148563 0.00166581
0 0.245067 0.978148 0.35695 0.0435615 0.00139671
0 0.206947 0.97251 0.395773 0.0548103 0.00139082
0 0.963093 0.19342 0.073589 0.383131 0.00133115
0 0.0949344 0.950683 0.189869 0.0986336 0.0013289
0 0.0355546 0.91412 0.0709693 0.171286 0.00131058
0 0.912338 0.950584 0.175325 0.0988313 0.0012401
0 0.183947 0.908919 0.367878 0.182162 0.00122147
0 0.746845 0.936236 0.500628 0.127528 0.0011865
0 0.0484976 0.902502 0.0968617 0.194997 0.00116636
0 0.863307 0.0544854 0.272804 0.108971 0.00114681
0 0.323987 0.972649 0.147025 0.0547017 0.00112829
0 0.0477009 0.420301 0.0952313 0.553335 0.00111887
0 0.213953 0.956101 0.347287 0.0877757 0.00110589
0 0.260817 0.0420834 0.331381 0.0841669 0.00109552
0 0.829125 0.926083 0.34157 0.147786 0.00109381
0 0.966959 0.248269 0.0658681 0.496538 0.00107902
0 0.853506 0.968213 0.292988 0.0627654 0.00106017
0 0.655205 0.907873 0.205026 0.183055 0.00105774
0 0.451516 0.948367 0.662195 0.103192 0.00102747
0 0.0228415 0.876198 0.045683 0.247604 0.00100882
0 0.352704 0.0176884 0.324194 0.0353767 0.00100478
0 0.982804 0.2378 0.0343924 0.289519 0.00100049
