0 0.470878 0.64825 0.658515 0.67191 0.0190811
0 0.351391 0.798944 0.509226 0.402112 0.0169758
0 0.86186 0.959758 0.27611 0.0804465 0.0142098
0 0.401751 0.762235 0.622293 0.475531 0.00769247
0 0.847901 0.94522 0.304141 0.109354 0.00689064
0 0.894236 0.95441 0.21147 0.0911795 0.00647082
0 0.892605 0.926579 0.214789 0.146665 0.00610695
0 0.208171 0.966699 0.357325 0.0666018 0.00389127
0 0.118791 0.0358019 0.237069 0.0716039 0.00322596
0 0.215953 0.980625 0.29079 0.0386928 0.00315546
0 0.167286 0.047686 0.334572 0.0953719 0.00312075
0 0.274914 0.957806 0.489636 0.0842794 0.0031053
0 0.112389 0.0246099 0.224727 0.0492011 0.00269474
0 0.215642 0.975656 0.337226 0.048651 0.00240429
0 0.116561 0.0550706 0.231985 0.110141 0.0021471
0 0.931796 0.880392 0.136001 0.239216 0.0019669
0 0.908914 0.963382 0.181282 0.0731717 0.00185897
0 0.292767 0.810082 0.384015 0.36049 0.00159971
0 0.865712 0.913556 0.268501 0.172888 0.0015096
0 0.0859236 0.0115101 0.171847 0.0230203 0.00149936
0 0.847288 0.975844 0.305424 0.0483112 0.00145145
0 0.306336 0.934558 0.612673 0.130883 0.00143753
0 0.0721912 0.0177463 0.143696 0.0352294 0.00140272
0 0.862575 0.982784 0.274849 0.0344312 0.00134345
0 0.148693 0.0185115 0.297385 0.0370229 0.00134199
0 0.161441 0.027004 0.322881 0.0538328 0.00131155
0 0.816027 0.963388 0.367682 0.0731515 0.00120966
0 0.911332 0.941164 0.177337 0.11753 0.00112595
0 0.178112 0.0770079 0.356225 0.154016 0.00112252
0 0.2686 0.968122 0.384927 0.063475 0.00109699
0 0.200458 0.957344 0.242827 0.0853121 0.00106118
0 0.879297 0.977867 0.240084 0.044265 0.00105098
0 0.0529973 0.0499465 0.105995 0.09966 0.0010438
0 0.966018 0.361509 0.067682 0.576555 0.00103831
0 0.233044 0.945154 0.430918 0.109691 0.00102721
0 0.879191 0.967272 0.23979 0.0648296 0.00100269
