0 0.467661 0.494296 0.285213 0.26375 0.303214
0 0.77793 0.207884 0.232984 0.21616 0.0470893
0 0.102939 0.989178 0.205879 0.0216264 0.0222922
0 0.103741 0.993182 0.177469 0.0136358 0.0148935
0 0.114437 0.982589 0.22158 0.0348226 0.0082955
0 0.0796012 0.99305 0.159202 0.0138826 0.00587021
0 0.129168 0.977679 0.258336 0.0446414 0.00513399
0 0.0837573 0.989037 0.167515 0.0218688 0.00357504
0 0.102534 0.968177 0.205068 0.0636464 0.00312149
0 0.194355 0.962869 0.387711 0.0742623 0.00306858
0 0.382547 0.0175367 0.316419 0.0350733 0.00267112
0 0.138083 0.984084 0.276166 0.0318314 0.00256953
0 0.0606623 0.961941 0.121285 0.0760396 0.00220656
0 0.387149 0.02334 0.367225 0.04668 0.00184059
0 0.0465118 0.953995 0.0927452 0.0920081 0.0018332
0 0.337082 0.015839 0.326739 0.0316779 0.00181347
0 0.771117 0.206311 0.280185 0.27013 0.00179409
0 0.0527593 0.985575 0.105519 0.0288498 0.00168243
0 0.158027 0.96749 0.316053 0.0650209 0.00159029
0 0.115352 0.951682 0.230647 0.0966356 0.00147371
0 0.170529 0.978328 0.341057 0.0433447 0.00143055
0 0.650415 0.981419 0.339775 0.0371196 0.00137451
0 0.0817612 0.956289 0.163522 0.0874227 0.00135237
0 0.0580788 0.931033 0.116087 0.137935 0.00134186
0 0.441665 0.0165424 0.339908 0.0330848 0.00116946
0 0.455426 0.0405049 0.53634 0.0810099 0.00113655
0 0.683232 0.967595 0.491468 0.0648025 0.00109594
0 0.648133 0.976788 0.392936 0.0464236 0.00109263
0 0.311341 0.962136 0.622681 0.0757289 0.00107088
0 0.135387 0.988888 0.20513 0.0222237 0.00106156
0 0.851793 0.0483211 0.296414 0.0966422 0.00104328
0 0.345431 0.0128473 0.207993 0.0256946 0.00103772
0 0.0860091 0.882006 0.172018 0.235987 0.00102804
