0 0.47136 0.375256 0.221212 0.224416 0.779173
0 0.66806 0.267704 0.121572 0.117919 0.208225
0 0.200289 0.923366 0.196143 0.153242 0.166484
0 0.124969 0.522734 0.249938 0.406693 0.0757085
0 0.47242 0.372456 0.281587 0.273866 0.0682746
0 0.197422 0.908457 0.237574 0.183086 0.0588628
0 0.0106939 0.326522 0.0212029 0.129565 0.0556111
0 0.00635639 0.330546 0.0125802 0.0967133 0.0458762
0 0.833928 0.746779 0.289261 0.294911 0.0423378
0 0.188738 0.766896 0.377475 0.462739 0.0417239
0 0.0956082 0.539984 0.191191 0.349454 0.0355843
0 0.825353 0.725167 0.34598 0.388988 0.0267646
0 0.0729848 0.558414 0.145739 0.311804 0.0252098
0 0.991174 0.281389 0.0175836 0.115186 0.0227601
0 0.987978 0.283078 0.0240151 0.146198 0.0185979
0 0.0361567 0.945304 0.0723135 0.109392 0.0170268
0 0.153446 0.8942 0.306893 0.211601 0.0155371
0 0.0122684 0.322147 0.0245264 0.193446 0.0147577
0 0.0815419 0.592259 0.163084 0.196967 0.0142334
0 0.0408839 0.92914 0.0815014 0.14172 0.013411
0 0.684406 0.908943 0.281223 0.182114 0.0127793
0 0.150216 0.534346 0.300431 0.49559 0.0120502
0 0.0226265 0.343708 0.0451243 0.264887 0.0117492
0 0.016041 0.346213 0.032082 0.238769 0.0113366
0 0.799923 0.780842 0.395942 0.413201 0.0111187
0 0.0574704 0.569751 0.114541 0.248705 0.0109905
0 0.0106577 0.350328 0.0211337 0.199795 0.0109314
0 0.162781 0.847046 0.325562 0.304625 0.0104349
0 0.0100845 0.414002 0.020169 0.168552 0.00948856
0 0.0259165 0.354007 0.051593 0.332716 0.00911882
0 0.127819 0.0611253 0.148084 0.122251 0.00838374
0 0.505642 0.737822 0.0945998 0.0841436 0.00794402
0 0.0621664 0.928334 0.123246 0.143333 0.00772985
0 0.0786345 0.609435 0.157175 0.386026 0.00772337
0 0.113028 0.608702 0.225942 0.401031 0.00759725
0 0.173094 0.66082 0.124094 0.129256 0.00737906
0 0.185358 0.928463 0.144697 0.142468 0.00716955
0 0.718507 0.800388 0.464329 0.399225 0.00651715
0 0.114673 0.0841172 0.227401 0.168234 0.00648169
0 0.0428311 0.288108 0.0855145 0.404701 0.00645556
0 0.925521 0.00704684 0.116966 0.01405 0.00578841
0 0.786308 0.529785 0.147933 0.149298 0.00564727
0 0.00643744 0.341424 0.0128749 0.147063 0.00549062
0 0.927739 0.0115077 0.144521 0.0230154 0.00545173
0 0.0741469 0.913132 0.148294 0.173735 0.00532309
0 0.00628077 0.309931 0.0125615 0.139938 0.00502877
0 0.0143695 0.278145 0.0287389 0.251217 0.0049859
0 0.99293 0.316192 0.014141 0.159319 0.00497921
0 0.00675897 0.413493 0.0135126 0.139999 0.00488658
0 0.129161 0.725434 0.257779 0.549132 0.00477544
0 0.698993 0.867518 0.353434 0.264964 0.00465356
0 0.126143 0.813841 0.252178 0.368129 0.00464206
0 0.615657 0.938959 0.130673 0.120146 0.00458257
0 0.0218559 0.297983 0.0437118 0.267453 0.00438636
0 0.0234676 0.96692 0.0469351 0.0660388 0.00427461
0 0.131361 0.669544 0.261234 0.247364 0.00417369
0 0.0076685 0.438685 0.015337 0.141096 0.00404481
0 0.784796 0.75312 0.30335 0.290193 0.00403281
0 0.0794827 0.491904 0.158714 0.407817 0.00395093
0 0.0111682 0.438834 0.0222394 0.180003 0.00395068
0 0.786344 0.542652 0.12327 0.123324 0.00394719
0 0.570776 0.0165062 0.215866 0.0330124 0.00381801
0 0.856824 0.0387531 0.0990052 0.0775062 0.0038165
0 0.194071 0.878973 0.353311 0.241347 0.00381487
0 0.966187 0.288951 0.0675831 0.396604 0.00379992
0 0.895724 0.0331962 0.186011 0.0663925 0.00367815
0 0.0103677 0.301278 0.0207355 0.189584 0.00366297
0 0.140763 0.0669161 0.281525 0.133814 0.00330667
0 0.984016 0.281162 0.031968 0.179572 0.00328199
0 0.756931 0.918778 0.193118 0.162443 0.00327106
0 0.66991 0.269123 0.160315 0.159725 0.00310222
0 0.907938 0.0185729 0.183621 0.037141 0.00297775
0 0.44384 0.10418 0.325288 0.207862 0.00297653
0 0.90984 0.301467 0.122818 0.0996003 0.00290659
0 0.0105596 0.0599667 0.0211192 0.119933 0.00290525
0 0.982831 0.303327 0.0343373 0.244788 0.00290201
0 0.153104 0.657305 0.152536 0.138915 0.0028754
0 0.799828 0.501693 0.219105 0.225251 0.00282942
0 0.189306 0.190353 0.131208 0.144093 0.00271613
0 0.054919 0.61563 0.109689 0.176654 0.00271043
0 0.846915 0.478902 0.289686 0.290233 0.00267743
0 0.612986 0.0200674 0.250523 0.0401348 0.00266181
0 0.663379 0.253917 0.233522 0.250413 0.00264302
0 0.572085 0.023473 0.275287 0.046946 0.00256039
0 0.788278 0.507933 0.164627 0.196288 0.00251789
0 0.881147 0.0419566 0.237517 0.0839133 0.00248502
0 0.49617 0.532657 0.120438 0.121754 0.0024394
0 0.875284 0.626261 0.249432 0.297253 0.00241038
0 0.17305 0.0566355 0.346101 0.113271 0.00240261
0 0.97714 0.282502 0.0457208 0.251634 0.00238831
0 0.797516 0.82754 0.105778 0.0899508 0.00238313
0 0.038 0.563811 0.0760001 0.329409 0.00233586
0 0.0301005 0.591837 0.0602011 0.205319 0.00228369
0 0.566271 0.104334 0.140477 0.134188 0.00221061
0 0.507701 0.750995 0.107744 0.117031 0.00220769
0 0.258957 0.017692 0.177182 0.0352394 0.0022048
0 0.108909 0.14787 0.217818 0.29574 0.00216929
0 0.627829 0.0239755 0.304175 0.0479509 0.00216599
0 0.031117 0.316921 0.0622339 0.300838 0.00215534
0 0.303385 0.0441785 0.374141 0.088357 0.00214479
0 0.7061 0.811596 0.34303 0.362843 0.00214114
0 0.76448 0.894789 0.44836 0.210423 0.00208787
0 0.734158 0.764586 0.355477 0.334744 0.00204286
0 0.0316244 0.972669 0.0632487 0.0544429 0.00201325
0 0.877791 0.142221 0.244272 0.282442 0.00196464
0 0.0219755 0.928473 0.0437994 0.143054 0.00196359
0 0.584773 0.106882 0.181522 0.153226 0.00196071
0 0.430501 0.0904613 0.26014 0.180923 0.00195206
0 0.0591623 0.426395 0.117866 0.561026 0.0019354
0 0.501381 0.736702 0.0868368 0.0645596 0.00191549
0 0.55949 0.0381706 0.475993 0.0763411 0.00191437
0 0.0374064 0.642822 0.0747378 0.196949 0.00189626
0 0.147505 0.109065 0.295009 0.218021 0.00184997
0 0.151659 0.667543 0.303318 0.357576 0.0018452
0 0.358523 0.0755762 0.417092 0.151152 0.00182206
0 0.891563 0.719044 0.1201 0.115279 0.00178386
0 0.611288 0.268963 0.338519 0.360967 0.00174885
0 0.0147321 0.43852 0.0294642 0.22948 0.00173536
0 0.570657 0.0338564 0.331397 0.0675532 0.00173153
0 0.0200865 0.567016 0.0401729 0.261222 0.00173062
0 0.0576046 0.285748 0.115089 0.458074 0.00172802
0 0.00669399 0.0533905 0.013388 0.106781 0.00169333
0 0.483027 0.1399 0.427394 0.279593 0.00168373
0 0.082711 0.864346 0.165422 0.269965 0.0016816
0 0.989049 0.316909 0.0219022 0.205064 0.00165348
0 0.20082 0.962541 0.196988 0.0748374 0.00164072
0 0.223967 0.0493825 0.392784 0.098765 0.00161311
0 0.0104608 0.241767 0.0209216 0.18791 0.00160204
0 0.0166272 0.459661 0.0332545 0.299215 0.00159291
0 0.688436 0.0163627 0.239682 0.0327254 0.00157288
0 0.351498 0.0498625 0.372879 0.0997251 0.00157205
0 0.866545 0.054971 0.26691 0.109942 0.00157024
0 0.0762614 0.724179 0.144691 0.122058 0.00154308
0 0.0200969 0.960177 0.0401937 0.0796468 0.00153773
0 0.802326 0.675235 0.395348 0.45177 0.00150951
0 0.128778 0.0421147 0.141947 0.0842293 0.00150253
0 0.918292 0.305358 0.158728 0.11711 0.00149082
0 0.929125 0.65457 0.056319 0.052847 0.00147767
0 0.90172 0.305376 0.0971611 0.0834116 0.00147729
0 0.96742 0.291652 0.0650084 0.200813 0.00147469
0 0.185961 0.0862403 0.371922 0.172481 0.00147444
0 0.873471 0.908262 0.253057 0.183408 0.00147438
0 0.139791 0.682378 0.188526 0.182978 0.0014712
0 0.893357 0.764762 0.178719 0.233712 0.00146499
0 0.956096 0.357122 0.0878075 0.432412 0.00146106
0 0.933287 0.343244 0.133288 0.429586 0.00146077
0 0.463811 0.324356 0.41136 0.43324 0.0014493
0 0.0479275 0.376719 0.0955119 0.524298 0.00143464
0 0.228092 0.763822 0.316806 0.347661 0.00143069
0 0.243166 0.936098 0.375944 0.127803 0.00142836
0 0.549496 0.0119265 0.139696 0.023853 0.00142723
0 0.17925 0.57002 0.358499 0.625822 0.0014175
0 0.991867 0.126337 0.0162504 0.135798 0.0014084
0 0.98381 0.091573 0.0323807 0.180895 0.00135526
0 0.0224152 0.631273 0.0448304 0.171564 0.00134416
0 0.0152783 0.0816749 0.0305565 0.162716 0.00129199
0 0.792288 0.815963 0.120274 0.113562 0.00128217
0 0.510937 0.0176196 0.295476 0.0352391 0.00126987
0 0.0234454 0.665341 0.0468424 0.198528 0.00126548
0 0.0152715 0.568064 0.0305429 0.180029 0.00126431
0 0.220356 0.908287 0.379072 0.183426 0.00125899
0 0.0700482 0.986224 0.140096 0.0275513 0.00125657
0 0.249999 0.0339496 0.195121 0.0678992 0.00124971
0 0.730647 0.944412 0.220201 0.110256 0.00123844
0 0.636276 0.946748 0.179918 0.106504 0.0012326
0 0.791704 0.834725 0.124379 0.112779 0.00119784
0 0.162617 0.0430694 0.0941151 0.0861389 0.00119624
0 0.0952445 0.989339 0.190489 0.0213211 0.0011912
0 0.219298 0.946734 0.157784 0.10595 0.00119063
0 0.011222 0.08601 0.022444 0.17202 0.00118794
0 0.923519 0.4163 0.152905 0.40813 0.00118537
0 0.0738358 0.989035 0.147672 0.0218714 0.00117883
0 0.521105 0.362089 0.350098 0.338536 0.00117255
0 0.0306319 0.640945 0.0611308 0.252533 0.00116845
0 0.133638 0.507559 0.200194 0.232918 0.00116572
0 0.916068 0.0559407 0.167864 0.111881 0.00116493
0 0.0130826 0.036168 0.0260394 0.0717927 0.001163
0 0.533031 0.0260905 0.307499 0.052181 0.00116158
0 0.264802 0.0240574 0.212353 0.0480969 0.00115244
0 0.580309 0.29211 0.445773 0.486989 0.00114562
0 0.931866 0.297069 0.108129 0.10069 0.0011389
0 0.0137139 0.393121 0.0273465 0.261582 0.00113856
0 0.452698 0.166372 0.571271 0.332744 0.00112748
0 0.47287 0.518517 0.170659 0.121703 0.00112203
0 0.105918 0.759258 0.211837 0.463268 0.00112089
0 0.904381 0.16464 0.191238 0.329279 0.00111608
0 0.942724 0.286287 0.11448 0.464372 0.00111034
0 0.991686 0.0565933 0.016566 0.0933039 0.00110603
0 0.178758 0.924211 0.0970492 0.102342 0.00109777
0 0.848084 0.485734 0.303832 0.400367 0.00109504
0 0.396178 0.0618023 0.39522 0.123605 0.00109361
0 0.0174201 0.649987 0.0348402 0.184462 0.00108757
0 0.0500057 0.545796 0.0994742 0.350562 0.00108506
0 0.274702 0.0184807 0.119878 0.0369614 0.0010816
0 0.698011 0.261446 0.354914 0.370631 0.00107939
0 0.171167 0.676129 0.163032 0.17543 0.00107436
0 0.64519 0.0422458 0.461061 0.0844917 0.00107415
0 0.988167 0.055337 0.0235363 0.110674 0.00107399
0 0.881933 0.438909 0.236134 0.410149 0.00106958
0 0.0831369 0.736284 0.163166 0.156541 0.0010614
0 0.761495 0.826893 0.17916 0.142654 0.00105646
0 0.975013 0.324332 0.0499743 0.312532 0.00104463
0 0.799926 0.50008 0.295728 0.282442 0.00104421
0 0.0241766 0.460628 0.0483533 0.350018 0.00104276
0 0.529493 0.0636052 0.521424 0.12721 0.00103782
0 0.0199627 0.0269888 0.0399254 0.0539776 0.00103195
0 0.821077 0.0433165 0.357846 0.086633 0.00103016
0 0.124643 0.0253982 0.146529 0.0507613 0.0010288
0 0.895055 0.98241 0.191317 0.0350554 0.00102689
0 0.0124329 0.0493472 0.0248658 0.0986943 0.00102166
