0 0.374974 0.0163552 0.216103 0.0327104 0.133599
0 0.376557 0.011988 0.191958 0.0239761 0.106662
0 0.374919 0.0230201 0.261661 0.0460403 0.0913238
0 0.358241 0.0157138 0.317566 0.0313847 0.0663264
0 0.166701 0.644499 0.333401 0.464787 0.066301
0 0.374902 0.0103621 0.152372 0.0207242 0.0661831
0 0.3791 0.0316831 0.339926 0.0631818 0.0546307
0 0.100919 0.545802 0.201838 0.2696 0.0487627
0 0.349505 0.0229797 0.375707 0.045895 0.038247
0 0.395295 0.0363104 0.437346 0.0726208 0.0320721
0 0.0210803 0.283239 0.0421606 0.201188 0.0186268
0 0.0271664 0.284733 0.0543329 0.277336 0.0184949
0 0.423282 0.0255896 0.365709 0.0511793 0.0158767
0 0.163392 0.725799 0.326783 0.395721 0.0156394
0 0.38508 0.00737946 0.166564 0.0147589 0.0104374
0 0.39394 0.0489452 0.567874 0.0976114 0.00902283
0 0.0191559 0.307868 0.0383117 0.285514 0.00837216
0 0.906156 0.949948 0.187521 0.0996109 0.0081848
0 0.110647 0.604701 0.221293 0.431368 0.00806781
0 0.860476 0.942109 0.2789 0.115738 0.00793997
0 0.870393 0.918673 0.259215 0.162654 0.00678564
0 0.946927 0.0835036 0.105829 0.167007 0.00626831
0 0.0362865 0.289388 0.0725731 0.305837 0.00501232
0 0.0199236 0.292674 0.039822 0.148338 0.00478861
0 0.921596 0.0852419 0.156496 0.170484 0.00469479
0 0.0409971 0.304356 0.0818597 0.390114 0.00427636
0 0.88575 0.891443 0.228368 0.217113 0.00407474
0 0.907213 0.0628736 0.185574 0.125491 0.00401219
0 0.954408 0.133598 0.0909271 0.267195 0.00385663
0 0.340606 0.0119293 0.218567 0.0238585 0.00355214
0 0.903759 0.667217 0.192303 0.244771 0.00351479
0 0.916332 0.0457916 0.167335 0.0915831 0.00287324
0 0.0244401 0.336236 0.0488802 0.370784 0.00281089
0 0.170286 0.746312 0.340573 0.507376 0.00274064
0 0.97549 0.0447375 0.0488786 0.089475 0.00271624
0 0.911778 0.124508 0.176295 0.249015 0.00217056
0 0.133395 0.561339 0.266791 0.378522 0.00215213
0 0.98092 0.0787369 0.0380967 0.157474 0.00208672
0 0.965837 0.0492025 0.0683255 0.0984051 0.00201426
0 0.970029 0.0790813 0.0598583 0.158163 0.00198719
0 0.343505 0.00898391 0.195051 0.0179536 0.00194483
0 0.374257 0.0746751 0.688781 0.14935 0.00192552
0 0.898268 0.63943 0.203356 0.363349 0.00187852
0 0.901568 0.925392 0.196632 0.149126 0.0018314
0 0.936247 0.940823 0.127507 0.118354 0.00182227
0 0.813612 0.904459 0.371873 0.191082 0.00172163
0 0.434986 0.537416 0.234054 0.237816 0.00147946
0 0.0490035 0.252702 0.0976961 0.505404 0.00128905
0 0.9246 0.157212 0.150669 0.314424 0.00126265
0 0.949528 0.0459601 0.100943 0.0919203 0.00125426
0 0.871622 0.0921382 0.256752 0.184049 0.00124458
0 0.964558 0.15807 0.0704532 0.31609 0.0012443
0 0.0243831 0.886152 0.0487661 0.224608 0.00124402
0 0.0142705 0.897034 0.0285087 0.194772 0.00116259
0 0.812966 0.955798 0.374069 0.0883356 0.00107125
0 0.88387 0.963076 0.232259 0.0735924 0.00106047
0 0.964674 0.936517 0.0706513 0.126822 0.00105179
0 0.014795 0.35056 0.0295899 0.287963 0.00100121
