0 0.551745 0.288335 0.129021 0.11595 0.894713
0 0.88066 0.955526 0.23868 0.0889479 0.0475944
0 0.118923 0.982234 0.237377 0.035305 0.0119286
0 0.404352 0.685564 0.777257 0.628872 0.00703099
0 0.667937 0.981828 0.172389 0.0363108 0.00214353
0 0.124996 0.97819 0.249992 0.0436171 0.00207647
0 0.870167 0.941064 0.259517 0.117871 0.00207124
0 0.154676 0.984089 0.309352 0.0318222 0.00203011
0 0.118264 0.960204 0.236527 0.0795916 0.00178446
0 0.660434 0.978453 0.241455 0.0430931 0.00126546
0 0.133969 0.972119 0.267939 0.0557613 0.00115177
