0 0.416873 0.185197 0.187429 0.176386 0.183351
0 0.388698 0.0504129 0.0837626 0.100653 0.056297
0 0.431803 0.0522486 0.220462 0.104492 0.0263649
0 0.412777 0.190717 0.230235 0.225577 0.0257197
0 0.419066 0.0506345 0.147026 0.101269 0.0213399
0 0.134989 0.156653 0.269921 0.312139 0.0145986
0 0.0908312 0.15 0.181662 0.297894 0.0140636
0 0.390042 0.228287 0.252011 0.277499 0.0079818
0 0.454735 0.0592611 0.298762 0.118522 0.00486994
0 0.740946 0.423983 0.508966 0.420048 0.00461835
0 0.173264 0.179718 0.346206 0.359437 0.00212895
0 0.65116 0.969605 0.392432 0.0601737 0.00147404
0 0.854756 0.984536 0.279871 0.0309273 0.0014268
0 0.85729 0.0630272 0.285419 0.126054 0.00120199
0 0.0879501 0.380793 0.174853 0.243475 0.00119833
0 0.7296 0.126015 0.533499 0.251654 0.00107958
