0 0.607083 0.224321 0.379741 0.448643 0.738107
0 0.696658 0.252068 0.606683 0.504135 0.0487659
0 0.0907108 0.740081 0.172114 0.164232 0.0162053
0 0.584824 0.147477 0.377457 0.294953 0.0140008
0 0.116387 0.753386 0.124092 0.136847 0.0114331
0 0.100415 0.772609 0.199592 0.292736 0.00779163
0 0.491794 0.981564 0.30837 0.0367852 0.00314167
0 0.585151 0.266517 0.271211 0.399501 0.00308757
0 0.90015 0.0116682 0.196104 0.0233363 0.00278712
0 0.911971 0.00730481 0.176057 0.0146096 0.00252733
0 0.489771 0.975422 0.361529 0.0491064 0.00218426
0 0.521891 0.970684 0.179798 0.0584958 0.00212338
0 0.739205 0.241675 0.462802 0.483351 0.00206434
0 0.0922903 0.743826 0.184581 0.222374 0.00182234
0 0.126078 0.797603 0.250321 0.379823 0.0018137
0 0.507975 0.961837 0.430001 0.07607 0.00180512
0 0.964123 0.617994 0.0715652 0.478256 0.00171601
0 0.50146 0.975457 0.234016 0.049086 0.00165437
0 0.49456 0.969095 0.270827 0.0614259 0.00165297
0 0.0701776 0.765245 0.140128 0.299337 0.0014279
0 0.54742 0.972765 0.121414 0.0544697 0.00135203
0 0.982484 0.63891 0.0350326 0.331927 0.00112501
