0 0.405586 0.347876 0.100806 0.105194 0.416073
0 0.642201 0.429933 0.317076 0.333285 0.258933
0 0.63769 0.520181 0.261806 0.138043 0.0279352
0 0.624206 0.983569 0.312598 0.0324788 0.0241023
0 0.552743 0.498905 0.514249 0.496281 0.0199313
0 0.618463 0.977094 0.364358 0.045813 0.0104835
0 0.0348948 0.945241 0.069689 0.109448 0.00590106
0 0.584309 0.98189 0.199766 0.0361571 0.00583937
0 0.0287648 0.957687 0.0575273 0.0846257 0.00447723
0 0.316264 0.328323 0.0979044 0.128692 0.00369657
0 0.590503 0.977776 0.235846 0.0444485 0.00338693
0 0.15529 0.935938 0.122467 0.126893 0.00315585
0 0.620157 0.970731 0.30918 0.0582323 0.00314396
0 0.107873 0.931136 0.215747 0.137727 0.00265386
0 0.0430793 0.933619 0.0854774 0.132763 0.00248493
0 0.618548 0.953703 0.316816 0.0925326 0.00240547
0 0.957578 0.129926 0.0848265 0.259853 0.00221845
0 0.983523 0.140479 0.0329372 0.280958 0.00215348
0 0.0673159 0.9334 0.134508 0.1332 0.00214088
0 0.648925 0.745612 0.276736 0.175336 0.00158172
0 0.970433 0.0963347 0.0588286 0.192669 0.00143993
0 0.0808731 0.716439 0.161418 0.374163 0.00133988
0 0.938232 0.11515 0.122928 0.2303 0.00131288
0 0.983892 0.179041 0.0322165 0.187026 0.00131184
0 0.983346 0.0927914 0.0333078 0.185583 0.00124266
0 0.607798 0.563703 0.509725 0.528913 0.00118693
0 0.956906 0.0913659 0.0861231 0.182732 0.00115236
0 0.981737 0.202846 0.0364947 0.317353 0.00103757
