0 0.426817 0.354752 0.197672 0.208929 0.925339
0 0.389024 0.984343 0.306412 0.0313147 0.0688444
0 0.322788 0.988771 0.172269 0.0224245 0.0465891
0 0.324274 0.992372 0.14455 0.0152221 0.0349109
0 0.382448 0.978032 0.354381 0.043936 0.030582
0 0.442545 0.984034 0.262474 0.031931 0.0275159
0 0.443624 0.9779 0.342018 0.0441992 0.0154026
0 0.372442 0.988939 0.210363 0.0221059 0.0145622
0 0.409047 0.963177 0.353113 0.0736459 0.0139042
0 0.384084 0.971917 0.304219 0.0561665 0.0117087
0 0.506031 0.988962 0.207162 0.0220764 0.00914239
0 0.349955 0.98452 0.209679 0.0309591 0.00622374
0 0.821198 0.803312 0.164726 0.194645 0.00484563
0 0.363802 0.979945 0.249004 0.0401106 0.00476311
0 0.507424 0.988721 0.134709 0.0225427 0.00470869
0 0.443734 0.988899 0.207183 0.0221522 0.00448655
0 0.383149 0.993057 0.168685 0.013854 0.0040111
0 0.507129 0.992997 0.179822 0.0138913 0.00345142
0 0.415713 0.945443 0.368186 0.1087 0.00298475
0 0.443249 0.968942 0.316666 0.0619866 0.0028629
0 0.470916 0.976995 0.245368 0.0460095 0.0027048
0 0.440017 0.992779 0.172805 0.0143526 0.00257625
0 0.899054 0.0778501 0.201817 0.1557 0.00192408
0 0.929022 0.0490436 0.140489 0.0980873 0.00181911
0 0.286656 0.988584 0.179109 0.0228319 0.00154735
0 0.900574 0.17052 0.198853 0.341039 0.00148509
0 0.47555 0.992949 0.180254 0.0140032 0.00113812
0 0.982477 0.633959 0.0350025 0.298536 0.00112389
0 0.925248 0.0945605 0.149503 0.189121 0.00107362
0 0.351316 0.992905 0.181111 0.0141029 0.0010624
0 0.0102969 0.575072 0.0205068 0.154954 0.00100473
