0 0.499152 0.503464 0.35806 0.311492 0.423152
0 0.869034 0.977316 0.261932 0.045325 0.0287074
0 0.856708 0.969531 0.286584 0.0609387 0.0213438
0 0.826964 0.964125 0.345247 0.0717506 0.0122975
0 0.98873 0.811636 0.0224966 0.203207 0.00633769
0 0.820903 0.94667 0.357064 0.106357 0.00549517
0 0.972742 0.902006 0.0545155 0.195298 0.00423714
0 0.981411 0.818942 0.037178 0.362116 0.00408165
0 0.974702 0.901395 0.0505954 0.136932 0.00373039
0 0.974485 0.814098 0.0510299 0.371804 0.00304249
0 0.969176 0.791059 0.061415 0.417646 0.00258241
0 0.762041 0.962516 0.475917 0.074968 0.00226304
0 0.944177 0.656826 0.111542 0.479038 0.00204084
0 0.857616 0.0171819 0.284768 0.0343639 0.00201042
0 0.512251 0.951717 0.561804 0.0965219 0.00180643
0 0.850673 0.0240461 0.298655 0.0480922 0.00176024
0 0.859636 0.922967 0.280564 0.15404 0.0016272
0 0.515886 0.9828 0.333662 0.0344003 0.00160323
0 0.863488 0.011394 0.216246 0.022757 0.00157409
0 0.517401 0.975487 0.386043 0.0490252 0.00153515
0 0.528493 0.495054 0.239345 0.235796 0.00146072
0 0.740178 0.0368402 0.401902 0.0736804 0.00144376
0 0.816839 0.0114749 0.206423 0.0229499 0.00142809
0 0.523458 0.959696 0.345259 0.0804197 0.00135574
0 0.977671 0.882866 0.0446324 0.201682 0.00134351
0 0.58887 0.963349 0.642731 0.073133 0.00133562
0 0.845602 0.00734251 0.181374 0.0146468 0.00131866
0 0.798316 0.0342111 0.403368 0.0684223 0.00129823
0 0.896389 0.987388 0.203107 0.025223 0.00129798
0 0.645624 0.966782 0.406593 0.066108 0.00129044
0 0.991573 0.815191 0.0168229 0.161054 0.00124539
0 0.0150546 0.270356 0.0301091 0.308073 0.00121307
0 0.736171 0.0271561 0.337925 0.0542943 0.0011946
0 0.649747 0.981621 0.334063 0.0367564 0.00108684
0 0.65829 0.988999 0.209464 0.022001 0.00106438
0 0.810289 0.00731265 0.160723 0.0146253 0.00100758
