0 0.466743 0.191559 0.248011 0.351189 0.768869
0 0.737563 0.808767 0.217597 0.21195 0.00694044
0 0.921528 0.922536 0.156472 0.154927 0.00227365
0 0.758113 0.815447 0.267058 0.251914 0.00221881
0 0.950737 0.874501 0.0984485 0.250998 0.00199842
0 0.955482 0.945837 0.0889715 0.108309 0.00175157
0 0.882078 0.927304 0.235844 0.145393 0.00149369
0 0.014807 0.797252 0.029614 0.325091 0.00128953
0 0.900172 0.890526 0.199656 0.218947 0.00110713
0 0.944119 0.954371 0.111763 0.0912571 0.00109982
0 0.0109991 0.777711 0.0218741 0.215281 0.00102748
