0 0.856747 0.705716 0.230089 0.234828 0.823031
0 0.557932 0.0924753 0.545781 0.184859 0.0240418
0 0.440374 0.0633083 0.634367 0.126617 0.0156168
0 0.258005 0.0403363 0.402357 0.0806725 0.0132538
0 0.4416 0.13374 0.658748 0.267451 0.0132487
0 0.564196 0.0772356 0.445761 0.154471 0.0127531
0 0.456576 0.0856312 0.671571 0.171262 0.00711103
0 0.299273 0.0536402 0.52217 0.10728 0.00519394
0 0.581411 0.0671207 0.307378 0.134241 0.00421904
0 0.31363 0.0711371 0.578888 0.142274 0.00225503
0 0.268473 0.0237346 0.332049 0.0474692 0.00215365
0 0.916666 0.823698 0.166668 0.349539 0.00194027
0 0.274584 0.0306756 0.375941 0.0610303 0.00187156
0 0.605923 0.0382347 0.352091 0.0764693 0.0015404
0 0.568698 0.027879 0.399163 0.0557579 0.00150834
0 0.557045 0.124765 0.632626 0.24953 0.00142511
0 0.0614064 0.425267 0.122613 0.619268 0.00137289
0 0.553848 0.0484709 0.391057 0.0969418 0.00131414
0 0.658666 0.075524 0.632174 0.151048 0.00130527
0 0.640785 0.0316948 0.38471 0.0631294 0.00130098
0 0.954909 0.802311 0.0899875 0.395379 0.00127971
0 0.617527 0.0254114 0.334195 0.0508227 0.00125603
0 0.943575 0.663119 0.112849 0.354235 0.00117081
0 0.205552 0.0231237 0.385799 0.04608 0.00115942
0 0.195807 0.0155106 0.334015 0.0309807 0.00112125
0 0.965549 0.176474 0.0689014 0.351462 0.00107717
0 0.203905 0.0317862 0.40781 0.0634813 0.00107251
0 0.236403 0.0200672 0.265307 0.040088 0.00103215
