0 0.406466 0.381578 0.228702 0.219087 0.898686
0 0.290716 0.0286798 0.240254 0.0571419 0.046742
0 0.0794567 0.765959 0.158913 0.32174 0.0334357
0 0.0945276 0.745524 0.189055 0.388114 0.0135807
0 0.177685 0.487751 0.155645 0.148172 0.0099642
0 0.271481 0.0388752 0.303656 0.0777504 0.00719975
0 0.407018 0.384084 0.277062 0.263715 0.00558906
0 0.122933 0.739435 0.245866 0.459351 0.005502
0 0.292213 0.287984 0.584426 0.575968 0.00355332
0 0.515318 0.864208 0.326311 0.25967 0.00355088
0 0.0247508 0.224332 0.0494991 0.232031 0.00330088
0 0.0186383 0.217414 0.0372726 0.197969 0.00309279
0 0.331015 0.0204925 0.162463 0.040929 0.00292995
0 0.166227 0.465935 0.222977 0.239521 0.00264818
0 0.228409 0.0423162 0.414305 0.0846324 0.00243867
0 0.157791 0.701947 0.315582 0.488305 0.00234084
0 0.0806048 0.849622 0.154325 0.130679 0.00219598
0 0.0221252 0.210658 0.0442505 0.158024 0.00183287
0 0.0150129 0.232154 0.0300258 0.249468 0.00182453
0 0.965633 0.798206 0.0683417 0.393958 0.00164268
0 0.0478564 0.243135 0.0957129 0.417751 0.00163938
0 0.479388 0.869372 0.249611 0.236627 0.00159141
0 0.0325615 0.235871 0.0651229 0.264572 0.00143771
0 0.983844 0.813763 0.0322465 0.201759 0.00141738
0 0.291578 0.0506652 0.296448 0.101102 0.001413
0 0.308059 0.0230608 0.226337 0.0460473 0.00139842
0 0.0229072 0.240524 0.0458144 0.350208 0.00121089
0 0.148228 0.0819188 0.296456 0.163838 0.00119169
0 0.0989431 0.0765013 0.197585 0.153003 0.00117023
0 0.353114 0.0192127 0.114574 0.0384255 0.00112932
0 0.0727186 0.0726123 0.145437 0.145225 0.00112479
0 0.938982 0.939567 0.122035 0.120866 0.00110651
0 0.212289 0.106081 0.423696 0.212161 0.00110569
0 0.95704 0.95211 0.0858731 0.0956297 0.00101856
0 0.952994 0.894054 0.0940117 0.211891 0.00101123
0 0.171779 0.718931 0.319244 0.351328 0.00100176
