0 0.485289 0.484888 0.326506 0.314401 0.135467
0 0.251536 0.013296 0.20525 0.0265921 0.00578089
0 0.0553354 0.947951 0.110671 0.104098 0.00566937
0 0.0804936 0.950611 0.160987 0.0987 0.00480237
0 0.778777 0.118518 0.438942 0.236924 0.00470311
0 0.481224 0.485181 0.399476 0.407562 0.00368076
0 0.0897294 0.927996 0.179391 0.144008 0.00331433
0 0.0633956 0.919474 0.126409 0.161051 0.00265877
0 0.252306 0.0101455 0.18151 0.0202724 0.00259285
0 0.0723583 0.8858 0.144717 0.2284 0.0021292
0 0.140927 0.935075 0.28169 0.129851 0.00211342
0 0.0430329 0.924649 0.0850996 0.150702 0.00197452
0 0.268007 0.0157869 0.328979 0.0315738 0.00167231
0 0.790032 0.0735978 0.419435 0.147196 0.00157762
0 0.494182 0.502837 0.233651 0.248583 0.00135512
0 0.133793 0.875562 0.267391 0.248675 0.00113387
0 0.245747 0.0232665 0.374774 0.0465331 0.00112865
