0 0.427472 0.137666 0.331694 0.275331 0.898983
0 0.125749 0.864745 0.251498 0.269633 0.00834329
0 0.860519 0.9604 0.278963 0.0792006 0.003923
0 0.827573 0.95465 0.344699 0.0907007 0.00325899
0 0.879863 0.953077 0.240274 0.0938455 0.00241721
0 0.984328 0.737463 0.0312817 0.291726 0.00211654
0 0.806794 0.938213 0.38558 0.123449 0.00163597
0 0.970118 0.235094 0.0597644 0.383015 0.00157438
0 0.982721 0.685345 0.0345176 0.258278 0.00141505
0 0.968065 0.725682 0.0638216 0.462224 0.00131109
0 0.977063 0.735948 0.0458734 0.346978 0.00125748
0 0.857061 0.943037 0.285877 0.113926 0.00124022
0 0.79354 0.963166 0.41292 0.0736687 0.00104761
