0 0.450744 0.38676 0.204744 0.20762 0.910246
0 0.0208665 0.107839 0.041733 0.202519 0.0074724
0 0.02352 0.140846 0.046961 0.281692 0.00740766
0 0.897297 0.894565 0.19332 0.207503 0.00515607
0 0.0293531 0.117292 0.0587062 0.234585 0.00321489
0 0.901143 0.925814 0.164919 0.14239 0.00223608
0 0.031499 0.161188 0.0629228 0.322376 0.00210764
0 0.0817218 0.967356 0.158951 0.0652887 0.00194451
0 0.0209641 0.123924 0.0419282 0.0990506 0.00180274
0 0.0178475 0.158089 0.0356546 0.316179 0.00169906
0 0.0544675 0.110301 0.108935 0.220601 0.00166843
0 0.0257493 0.595198 0.0514282 0.146333 0.00145481
0 0.0426893 0.182355 0.0853786 0.361869 0.00144879
0 0.0269511 0.550869 0.053883 0.355626 0.0013749
0 0.609542 0.301252 0.634289 0.602504 0.00131035
0 0.0201399 0.553495 0.0402799 0.285458 0.00105774
0 0.089563 0.959568 0.179126 0.0808648 0.00103241
0 0.0273996 0.627836 0.0547992 0.372307 0.00100105
