0 0.52943 0.395352 0.143369 0.145902 0.896287
0 0.091997 0.286294 0.183994 0.527674 0.207442
0 0.887225 0.670274 0.217984 0.294491 0.102311
0 0.65868 0.869985 0.273678 0.252054 0.0892899
0 0.0798148 0.202061 0.15963 0.323007 0.0822823
0 0.718793 0.869609 0.398948 0.259097 0.0733138
0 0.0599588 0.185472 0.119918 0.316943 0.0536064
0 0.982906 0.847547 0.0341511 0.0852108 0.0500472
0 0.898646 0.979118 0.0922377 0.041764 0.0430662
0 0.625151 0.87634 0.19668 0.232192 0.0417182
0 0.134521 0.90887 0.268881 0.182259 0.0392614
0 0.608608 0.897462 0.157139 0.186413 0.0351673
0 0.861093 0.978408 0.170574 0.0431252 0.028168
0 0.142094 0.309035 0.284187 0.549554 0.0262524
0 0.65921 0.279096 0.625687 0.558192 0.0227198
0 0.0137359 0.405057 0.0274717 0.29213 0.0218432
0 0.533383 0.390169 0.206326 0.218592 0.01698
0 0.0205514 0.402504 0.0411028 0.364608 0.01613
0 0.992407 0.121848 0.0151856 0.107808 0.0160489
0 0.101957 0.213132 0.203775 0.382881 0.0150026
0 0.0105728 0.399879 0.0211337 0.199086 0.0139461
0 0.988524 0.11565 0.0228994 0.122288 0.013594
0 0.867418 0.696915 0.264899 0.393991 0.012307
0 0.984345 0.102035 0.0313103 0.152746 0.0120081
0 0.965783 0.567708 0.0683193 0.344845 0.0113821
0 0.0662076 0.101838 0.112416 0.102633 0.0103229
0 0.98546 0.842392 0.0290804 0.0688665 0.0102823
0 0.988895 0.111011 0.0222107 0.190518 0.00996415
0 0.978634 0.859169 0.0427318 0.128263 0.00947551
0 0.713828 0.0115436 0.195753 0.0230873 0.009314
0 0.151705 0.91856 0.202062 0.162881 0.00889671
0 0.992731 0.109992 0.0145384 0.153088 0.00867584
0 0.702252 0.00735624 0.152826 0.0147125 0.00861208
0 0.032781 0.398761 0.065562 0.401923 0.00854898
0 0.748021 0.775032 0.503958 0.449853 0.00807757
0 0.586569 0.942451 0.107895 0.098052 0.0078296
0 0.0262942 0.423694 0.0525885 0.302097 0.00752004
0 0.978637 0.0918509 0.0425743 0.176718 0.00747063
0 0.697833 0.651856 0.293087 0.256193 0.00738582
0 0.0107167 0.365129 0.0213834 0.195748 0.00718448
0 0.006392 0.389265 0.0126953 0.157606 0.00705566
0 0.960048 0.0897074 0.0799044 0.175495 0.00704683
0 0.0439374 0.410685 0.0878749 0.474221 0.00701322
0 0.0485661 0.322811 0.0971174 0.582174 0.00697453
0 0.318186 0.314792 0.636372 0.629584 0.00673913
0 0.0706759 0.327085 0.141234 0.609063 0.00633341
0 0.927556 0.121002 0.144888 0.241442 0.00578981
0 0.978631 0.559169 0.0426688 0.199013 0.00565002
0 0.896248 0.706528 0.207504 0.224429 0.00554605
0 0.962853 0.122049 0.0741951 0.241105 0.00541204
0 0.0622826 0.0885259 0.122723 0.0772454 0.0053379
0 0.914635 0.0113818 0.17073 0.0227637 0.00518873
0 0.180893 0.956791 0.18105 0.0860624 0.00503966
0 0.988662 0.942045 0.0226761 0.115911 0.0049658
0 0.0102983 0.893842 0.0205966 0.164325 0.00493208
0 0.148379 0.962118 0.236514 0.0757633 0.00450651
0 0.847603 0.975356 0.243057 0.0492878 0.00424176
0 0.00630841 0.357988 0.0126082 0.137035 0.00399929
0 0.060993 0.391788 0.121911 0.529475 0.00395603
0 0.0134685 0.339537 0.0269369 0.283423 0.00393602
0 0.147492 0.87307 0.294984 0.253861 0.00391429
0 0.688211 0.0157235 0.2928 0.0314469 0.0038948
0 0.973362 0.898179 0.0532619 0.203641 0.00366218
0 0.925897 0.00719845 0.148207 0.0143467 0.00345119
0 0.727777 0.95424 0.157319 0.0910615 0.00341666
0 0.00691422 0.905671 0.0137871 0.126284 0.00341473
0 0.0222642 0.330925 0.0445284 0.369753 0.00322291
0 0.209029 0.956368 0.108047 0.0854797 0.00321207
0 0.992739 0.950318 0.0145216 0.0993646 0.00308034
0 0.00640867 0.884459 0.0127991 0.125193 0.00297626
0 0.884687 0.629871 0.230178 0.43591 0.00293201
0 0.0102932 0.310714 0.0205519 0.179951 0.00289249
0 0.0917384 0.904117 0.183472 0.191401 0.00288055
0 0.526036 0.293148 0.441788 0.524283 0.00281977
0 0.873617 0.115894 0.252638 0.231788 0.00281462
0 0.0149258 0.450854 0.0298515 0.286939 0.00280749
0 0.167353 0.935377 0.334705 0.129241 0.00278164
0 0.989058 0.778103 0.0218843 0.211734 0.00274801
0 0.156077 0.981666 0.217856 0.0365525 0.00273689
0 0.967494 0.859845 0.0641499 0.119225 0.00264776
0 0.0121544 0.910825 0.0243088 0.171764 0.00263638
0 0.00601032 0.30855 0.0119837 0.123888 0.0025678
0 0.972575 0.571243 0.05485 0.256279 0.00256035
0 0.747485 0.254136 0.505029 0.508272 0.00255949
0 0.773782 0.969909 0.0692313 0.0601816 0.00255266
0 0.992764 0.776394 0.0144722 0.163788 0.00255258
0 0.0395762 0.18984 0.0791523 0.352601 0.00254542
0 0.966331 0.820243 0.0673385 0.18783 0.00254226
0 0.952267 0.567302 0.0954059 0.444086 0.00249951
0 0.909446 0.0935639 0.181108 0.187125 0.00244807
0 0.125453 0.495343 0.250582 0.3145 0.00234467
0 0.0844675 0.435664 0.168935 0.447317 0.00228856
0 0.918982 0.0155197 0.160655 0.030907 0.00225342
0 0.0068116 0.416353 0.0135271 0.161838 0.00223578
0 0.0101097 0.431913 0.0202193 0.188085 0.00223147
0 0.201548 0.0156478 0.291249 0.0312956 0.00220887
0 0.501467 0.382767 0.276182 0.249841 0.00220045
0 0.0379954 0.419348 0.0759908 0.302925 0.0021884
0 0.722597 0.0233569 0.346653 0.0467138 0.0021828
0 0.035463 0.339409 0.070926 0.401856 0.00217
0 0.98828 0.836016 0.02344 0.0579588 0.00216716
0 0.991921 0.707581 0.0161443 0.138949 0.00213696
0 0.18507 0.249181 0.370141 0.49414 0.00212431
0 0.746823 0.0157465 0.338219 0.0314929 0.00211648
0 0.900269 0.974055 0.109314 0.0516255 0.00207339
0 0.141062 0.214726 0.281984 0.408578 0.00204672
0 0.0625971 0.121409 0.125148 0.147342 0.00204147
0 0.0198977 0.90812 0.0397954 0.18376 0.00200721
0 0.899245 0.985895 0.0949605 0.0282099 0.00198802
0 0.13193 0.441722 0.263861 0.439418 0.00196994
0 0.0282664 0.176521 0.0565328 0.275579 0.00195644
0 0.940245 0.606683 0.119021 0.48613 0.00193358
0 0.715223 0.656091 0.384861 0.328918 0.0019284
0 0.744245 0.901591 0.448485 0.196787 0.00189319
0 0.870999 0.578964 0.1226 0.10816 0.00185901
0 0.8782 0.825455 0.2436 0.345396 0.00184785
0 0.959257 0.619414 0.0812187 0.453673 0.00183044
0 0.151374 0.975624 0.253774 0.0487182 0.00181813
0 0.215231 0.0113115 0.21918 0.0226071 0.00178537
0 0.805096 0.956134 0.331378 0.0877311 0.00176055
0 0.0800113 0.143712 0.160023 0.283595 0.0017437
0 0.623287 0.0156742 0.346067 0.0313485 0.00169678
0 0.750569 0.948664 0.44102 0.102672 0.00169066
0 0.99287 0.159017 0.0142593 0.156822 0.00167857
0 0.989165 0.933949 0.0216699 0.132102 0.00167393
0 0.178593 0.950836 0.247049 0.0983282 0.00164873
0 0.819229 0.969347 0.224073 0.0613065 0.0016418
0 0.934171 0.761949 0.131657 0.476102 0.00162448
0 0.891437 0.741216 0.217126 0.517568 0.00161351
0 0.911368 0.0222559 0.175416 0.0445118 0.00160862
0 0.13483 0.818159 0.266615 0.273221 0.00158269
0 0.979262 0.603313 0.0414574 0.334906 0.0015807
0 0.250437 0.287141 0.500873 0.570144 0.0015082
0 0.681764 0.0360593 0.446616 0.0721186 0.00150612
0 0.643307 0.0232146 0.361065 0.0464292 0.00150297
0 0.102392 0.363618 0.204785 0.5729 0.00147792
0 0.15616 0.0390122 0.312319 0.0779862 0.00146481
0 0.965343 0.242795 0.0692463 0.485591 0.00145794
0 0.868163 0.0479313 0.263674 0.0958625 0.00144663
0 0.683908 0.751528 0.390628 0.496944 0.00144562
0 0.115898 0.153071 0.231682 0.303798 0.00144537
0 0.974824 0.950896 0.0503104 0.0982071 0.00143541
0 0.660528 0.374184 0.581056 0.422334 0.00140932
0 0.907456 0.0517201 0.185087 0.10344 0.00140132
0 0.0937004 0.508592 0.187379 0.308662 0.00139761
0 0.842277 0.667692 0.289964 0.321141 0.00138099
0 0.961891 0.863984 0.0760261 0.272032 0.00136172
0 0.777431 0.968184 0.110378 0.0636315 0.00135341
0 0.956518 0.906538 0.0857619 0.184701 0.00135135
0 0.961729 0.954731 0.0754 0.0905386 0.00130606
0 0.15502 0.826594 0.31004 0.346812 0.00128085
0 0.0506153 0.908288 0.101231 0.182436 0.00126287
0 0.169381 0.376979 0.338763 0.598343 0.00125824
0 0.940535 0.0921285 0.11893 0.184257 0.00122997
0 0.980215 0.129953 0.0395203 0.236185 0.00121519
0 0.98167 0.810494 0.0365195 0.28903 0.00121336
0 0.237556 0.0374574 0.464849 0.0749149 0.00120787
0 0.97436 0.11185 0.0512357 0.209109 0.00120515
0 0.0535694 0.10641 0.106871 0.118841 0.00119998
0 0.877794 0.0159008 0.244412 0.0318016 0.00119606
0 0.980516 0.955299 0.0389675 0.0881953 0.0011606
0 0.941079 0.99329 0.117843 0.0133315 0.00115816
0 0.991317 0.726252 0.0173651 0.109496 0.00113653
0 0.0144817 0.284006 0.0289634 0.325985 0.00113459
0 0.733935 0.930705 0.442419 0.13859 0.0011292
0 0.0672409 0.498413 0.134173 0.368514 0.00112779
0 0.0726086 0.0127214 0.145217 0.0254229 0.00111917
0 0.0248647 0.275878 0.0497294 0.404868 0.00111478
0 0.987721 0.143286 0.0239903 0.158334 0.00111008
0 0.972679 0.611417 0.0545743 0.371399 0.00106002
0 0.210211 0.0232786 0.331029 0.0465572 0.00105293
0 0.883333 0.607535 0.151901 0.172358 0.00104334
0 0.676698 0.0114622 0.213498 0.0229054 0.00103125
0 0.930805 0.993624 0.138389 0.0127351 0.00102943
0 0.932305 0.0115123 0.135391 0.0230246 0.00102871
0 0.760439 0.96364 0.107391 0.0727117 0.00102204
0 0.0255348 0.89189 0.0510696 0.21622 0.00101154
0 0.951763 0.991499 0.0922463 0.0169907 0.00100843
0 0.597311 0.923596 0.131644 0.130848 0.00100529
