0 0.572165 0.158105 0.235323 0.199048 0.820875
0 0.57415 0.162794 0.291741 0.256244 0.00474991
0 0.978461 0.0318266 0.0430773 0.0632152 0.00279121
0 0.096801 0.0166061 0.193602 0.0332121 0.00205404
0 0.970995 0.0552636 0.0577886 0.110527 0.00185422
0 0.979085 0.0751762 0.0418272 0.150097 0.00158127
0 0.983708 0.47727 0.0324768 0.32434 0.00152497
0 0.102813 0.02319 0.202065 0.0462625 0.00126888
0 0.967522 0.507517 0.064821 0.491098 0.00115459
0 0.98334 0.549686 0.0333135 0.328999 0.00109758
0 0.61971 0.715658 0.0833907 0.0746098 0.00106436
0 0.969014 0.0826826 0.0619111 0.165365 0.00102594
0 0.976711 0.476953 0.0465695 0.376338 0.00101582
