0 0.39121 0.193815 0.187667 0.17248 0.662297
0 0.990739 0.885728 0.0185229 0.159278 0.0278163
0 0.9743 0.671877 0.0513544 0.320567 0.0218249
0 0.988848 0.887777 0.0223041 0.199257 0.0158241
0 0.984596 0.88023 0.0308079 0.239539 0.013981
0 0.968311 0.647143 0.063378 0.452172 0.00835637
0 0.979934 0.697336 0.0401314 0.308152 0.00688046
0 0.978066 0.845485 0.0437847 0.309031 0.00666505
0 0.992964 0.897715 0.0140716 0.178984 0.0053739
0 0.972384 0.880737 0.055191 0.238525 0.00294926
0 0.925009 0.923256 0.149672 0.153488 0.00226723
0 0.392326 0.194169 0.227829 0.216698 0.00196169
0 0.977878 0.603169 0.0442433 0.410175 0.00188369
0 0.950892 0.636837 0.0982168 0.515763 0.00168662
0 0.968442 0.788331 0.0628815 0.420071 0.00148135
0 0.960257 0.894719 0.0790346 0.210563 0.00137303
0 0.964386 0.85703 0.0710671 0.285939 0.00116942
0 0.983391 0.843863 0.0330849 0.293454 0.00114457
0 0.574959 0.988923 0.21328 0.0221547 0.00114187
0 0.975775 0.171228 0.0484228 0.342456 0.00111726
0 0.964673 0.179927 0.0706532 0.357316 0.00110093
0 0.982305 0.157637 0.0353264 0.308408 0.00104979
