0 0.436564 0.438938 0.224617 0.22257 0.0243885
0 0.13913 0.0738502 0.277728 0.1477 0.0145675
0 0.172296 0.0915111 0.342839 0.183022 0.00935932
0 0.14912 0.137447 0.297916 0.273807 0.00657567
0 0.127954 0.105089 0.255908 0.210179 0.00576873
0 0.126554 0.0368858 0.253108 0.0737715 0.00338749
0 0.103427 0.0622058 0.206854 0.12423 0.00336933
0 0.12455 0.0229028 0.249101 0.0458056 0.00177051
0 0.0781771 0.0479856 0.156297 0.0959711 0.00142043
0 0.145494 0.0307878 0.290989 0.0612255 0.0013264
0 0.0668314 0.183071 0.133663 0.365238 0.00132582
0 0.815753 0.978489 0.368494 0.0430222 0.00124494
0 0.10276 0.0114873 0.205519 0.0229746 0.00111066
0 0.097934 0.00784375 0.184746 0.0156875 0.00107426
0 0.117573 0.179737 0.235145 0.359474 0.00106834
