0 0.481076 0.311615 0.215068 0.26619 0.909288
0 0.877983 0.976802 0.244034 0.046396 0.0483113
0 0.869486 0.96838 0.261027 0.0627582 0.016491
0 0.910083 0.982672 0.17891 0.0346552 0.00859095
0 0.85961 0.955302 0.280779 0.0892923 0.00552936
0 0.301229 0.984205 0.112628 0.0315901 0.00449235
0 0.281118 0.983507 0.171398 0.0329862 0.00329433
0 0.930227 0.986582 0.139547 0.026818 0.00262669
0 0.298067 0.978821 0.138053 0.0423583 0.00231513
0 0.908108 0.0626494 0.183785 0.125299 0.00209158
0 0.276547 0.976755 0.20881 0.0464908 0.00209144
0 0.545653 0.0297304 0.302898 0.0594053 0.00192634
0 0.535657 0.0259389 0.230279 0.0518332 0.00180903
0 0.310099 0.987781 0.121548 0.0244379 0.00177705
0 0.302262 0.991984 0.0969876 0.0160322 0.00154202
0 0.944558 0.986011 0.110885 0.0278556 0.00152248
0 0.311982 0.991272 0.128635 0.0174031 0.00145925
0 0.840324 0.943192 0.319353 0.113478 0.00144479
0 0.872106 0.0572961 0.255789 0.114592 0.0012865
0 0.897134 0.041335 0.204768 0.0826662 0.00126845
0 0.0103536 0.72435 0.0206308 0.157036 0.00111621
0 0.266526 0.969196 0.261455 0.0616081 0.00110085
0 0.0402512 0.0230259 0.0805023 0.0460518 0.00101456
