0 0.385431 0.397037 0.152614 0.186268 0.90753
0 0.067046 0.98296 0.133619 0.0339038 0.0911535
0 0.0820998 0.97785 0.164058 0.0441959 0.0443777
0 0.0595328 0.983738 0.119066 0.0325103 0.0280559
0 0.104805 0.981189 0.20961 0.0374641 0.025966
0 0.438898 0.193443 0.0861917 0.0890608 0.0201479
0 0.948011 0.931203 0.103979 0.137405 0.0143054
0 0.0623979 0.968412 0.123344 0.0631758 0.0139164
0 0.102949 0.969861 0.205898 0.0602784 0.0111094
0 0.110342 0.957114 0.220518 0.0855048 0.00992945
0 0.245301 0.145243 0.490602 0.289984 0.00524875
0 0.0498289 0.985245 0.0996579 0.0294799 0.00493971
0 0.944081 0.893077 0.111838 0.213556 0.00422431
0 0.110789 0.928861 0.221244 0.141948 0.00413994
0 0.0435197 0.572492 0.0870394 0.487605 0.00325885
0 0.960696 0.916002 0.0785443 0.167567 0.0028133
0 0.124234 0.904044 0.248088 0.191805 0.0023408
0 0.044396 0.635615 0.0887579 0.343163 0.00179254
0 0.0220164 0.630975 0.0440327 0.346121 0.00160967
0 0.0967272 0.879573 0.193454 0.239876 0.00151411
0 0.98124 0.917018 0.0374563 0.165965 0.00143111
0 0.0548591 0.837189 0.109588 0.325621 0.0010902
0 0.993015 0.918349 0.0139699 0.163303 0.0010289
