0 0.498903 0.628096 0.179099 0.178367 0.734326
0 0.958391 0.675057 0.0831349 0.419217 0.274048
0 0.960585 0.670706 0.0785843 0.291358 0.106922
0 0.950985 0.714952 0.097918 0.551575 0.0344799
0 0.500471 0.628479 0.222277 0.216623 0.0302835
0 0.946127 0.628043 0.107621 0.457473 0.0188731
0 0.931797 0.682794 0.135653 0.566793 0.0156082
0 0.966263 0.735159 0.0674739 0.516673 0.00820945
0 0.0395328 0.686736 0.0790634 0.372425 0.00774434
0 0.969746 0.716904 0.0604525 0.335615 0.00547016
0 0.042459 0.68399 0.0848478 0.503803 0.0044768
0 0.960933 0.633904 0.0780702 0.196817 0.0035644
0 0.809499 0.0113788 0.21576 0.0227576 0.00292691
0 0.0327014 0.673552 0.0654029 0.252228 0.00261571
0 0.809474 0.00746699 0.183973 0.0149317 0.00208691
0 0.987377 0.811713 0.0252457 0.16486 0.00203918
0 0.983722 0.779789 0.0324154 0.301084 0.00153314
0 0.975603 0.767829 0.0487946 0.362718 0.001304
0 0.929001 0.577816 0.141998 0.572276 0.00113696
0 0.0557784 0.701674 0.111557 0.596653 0.00101619
