0 0.506723 0.164685 0.262712 0.259713 0.938992
0 0.0106757 0.0869411 0.021315 0.173882 0.00408796
0 0.953797 0.950032 0.0923636 0.0998042 0.00320123
0 0.967948 0.951577 0.0640436 0.0962464 0.00223956
0 0.00659194 0.0750103 0.0131729 0.150021 0.00209359
0 0.936481 0.940445 0.127039 0.118775 0.0018197
0 0.00999264 0.776871 0.0199853 0.209 0.00143785
0 0.0147302 0.121913 0.0294603 0.243826 0.00135705
0 0.0447994 0.175251 0.0895989 0.346431 0.00112978
0 0.983293 0.867658 0.0332897 0.264683 0.00112559
0 0.0173197 0.160551 0.0345891 0.309429 0.00108587
0 0.979064 0.90544 0.0417672 0.189121 0.00106757
0 0.0227 0.156736 0.0453409 0.313473 0.00102304
0 0.013564 0.778407 0.0271279 0.291653 0.00100704
