0 0.938208 0.782835 0.123289 0.418467 0.00743299
0 0.145343 0.944689 0.290489 0.110567 0.0056309
0 0.862306 0.983347 0.275389 0.0333067 0.00489312
0 0.0252471 0.644039 0.0504942 0.382209 0.00471705
0 0.851417 0.976492 0.297166 0.0470159 0.00462661
0 0.0231567 0.638592 0.0463134 0.262653 0.00366866
0 0.963522 0.792904 0.0727587 0.411562 0.00365616
0 0.017476 0.643799 0.034952 0.33987 0.0036007
0 0.0170586 0.635529 0.0341037 0.214135 0.0034447
0 0.110741 0.935405 0.221482 0.12919 0.00323216
0 0.842273 0.960776 0.315072 0.0784479 0.00314218
0 0.147562 0.915394 0.294977 0.169114 0.00271339
0 0.984031 0.19561 0.0319381 0.347089 0.00249407
0 0.107762 0.906634 0.215482 0.186732 0.00237447
0 0.989122 0.219259 0.0217561 0.207198 0.00231509
0 0.975722 0.866261 0.0485564 0.267479 0.00222485
0 0.992711 0.234648 0.0145785 0.174569 0.00218024
0 0.123873 0.982764 0.245005 0.0344714 0.00215985
0 0.982014 0.879522 0.0358751 0.240956 0.00214999
0 0.970768 0.832984 0.0584639 0.334033 0.00206466
0 0.131414 0.976367 0.262829 0.0472651 0.0020591
0 0.979686 0.836837 0.0406289 0.326326 0.00190085
0 0.217714 0.957941 0.435428 0.0840156 0.00187083
0 0.393367 0.0428329 0.539139 0.0856659 0.0018003
0 0.835599 0.968707 0.328802 0.0625861 0.00170137
0 0.916491 0.764538 0.166945 0.468981 0.00169976
0 0.0336865 0.635183 0.067373 0.316642 0.00166664
0 0.965384 0.500983 0.068866 0.46162 0.00159249
0 0.968842 0.239679 0.0620116 0.478153 0.00156949
0 0.829554 0.940478 0.340117 0.118803 0.00150812
0 0.157899 0.967513 0.315799 0.0649747 0.00145438
0 0.0402268 0.292075 0.0801162 0.58415 0.00144953
0 0.976782 0.196579 0.0464358 0.393158 0.00143703
0 0.298859 0.966212 0.597719 0.0674458 0.0013707
0 0.0548349 0.942315 0.10967 0.115371 0.00129996
0 0.0490783 0.958508 0.0980911 0.0829843 0.00129674
0 0.945093 0.711834 0.109814 0.576332 0.0011896
0 0.132902 0.966478 0.264124 0.067045 0.00117712
0 0.98306 0.501219 0.0338808 0.300332 0.00117642
0 0.074133 0.952655 0.148266 0.0945939 0.001163
0 0.982292 0.252233 0.0353897 0.386673 0.00115482
0 0.94835 0.875836 0.1033 0.247875 0.00115221
0 0.864861 0.908019 0.269995 0.183962 0.0011352
0 0.234452 0.932878 0.467351 0.134054 0.0011299
0 0.96497 0.86121 0.0700608 0.277579 0.00109666
0 0.988877 0.713876 0.0222466 0.146885 0.00108986
0 0.509188 0.0396098 0.62041 0.0792196 0.00108744
0 0.957602 0.837225 0.0847964 0.325551 0.00106463
0 0.767502 0.962072 0.464367 0.0758553 0.00105383
