0 0.542098 0.194172 0.184187 0.163349 0.757439
0 0.538748 0.190865 0.22987 0.21893 0.0505151
0 0.970903 0.966053 0.0580028 0.0678937 0.00522748
0 0.961558 0.958876 0.076575 0.0822473 0.00258231
0 0.938869 0.910269 0.12165 0.179058 0.00175501
0 0.966109 0.923858 0.0677819 0.151541 0.00164198
0 0.0136358 0.711529 0.0271743 0.172173 0.00155217
0 0.952354 0.927019 0.0952921 0.145808 0.00133052
0 0.958779 0.887627 0.0821517 0.224746 0.00130131
0 0.942166 0.951927 0.113506 0.0961125 0.00114039
0 0.907414 0.911359 0.185171 0.177282 0.00108945
