0 0.600891 0.506566 0.154547 0.149226 0.861481
0 0.917322 0.091507 0.165356 0.183014 0.0745024
0 0.0353214 0.0338976 0.0706427 0.0675651 0.0342324
0 0.0373273 0.0713781 0.0746545 0.142434 0.0239214
0 0.056582 0.0460046 0.113164 0.0919546 0.02179
0 0.0744367 0.0823707 0.148834 0.164572 0.0187347
0 0.611295 0.978843 0.256612 0.0423036 0.0185518
0 0.040976 0.0435292 0.0819521 0.0869218 0.0170732
0 0.61466 0.970301 0.244148 0.0593748 0.016259
0 0.607181 0.0625127 0.499831 0.125025 0.0147256
0 0.87409 0.117087 0.250955 0.234174 0.0141482
0 0.606952 0.963957 0.400794 0.0719471 0.011166
0 0.586277 0.977154 0.35608 0.0456928 0.00995296
0 0.113878 0.101755 0.227428 0.203488 0.00909792
0 0.0597028 0.071398 0.119406 0.142432 0.00861882
0 0.808219 0.169919 0.349917 0.332788 0.00801295
0 0.134433 0.0699927 0.268697 0.139836 0.00799798
0 0.321555 0.980226 0.31746 0.0395479 0.00740442
0 0.617858 0.061453 0.346079 0.122906 0.00585319
0 0.330297 0.96932 0.35863 0.0613599 0.0056592
0 0.0775167 0.122694 0.155033 0.245266 0.00559661
0 0.332945 0.948411 0.452795 0.103155 0.00506456
0 0.625604 0.981029 0.15463 0.0379413 0.00464494
0 0.029441 0.782232 0.058882 0.241764 0.00400957
0 0.331376 0.938827 0.556208 0.122269 0.00387197
0 0.319593 0.987844 0.186786 0.0243051 0.00377212
0 0.0304566 0.967839 0.0608668 0.0643225 0.00336731
0 0.0547682 0.0234 0.109536 0.0468 0.00295279
0 0.627579 0.949009 0.540611 0.10166 0.00287566
0 0.0191874 0.953559 0.0383747 0.0928818 0.00280449
0 0.0235668 0.777207 0.0471337 0.210876 0.0025648
0 0.0435319 0.523251 0.0870638 0.295818 0.00253229
0 0.545856 0.960232 0.555473 0.0794368 0.00246164
0 0.0418886 0.02469 0.0837773 0.04938 0.00245398
0 0.0415054 0.788153 0.0830108 0.411691 0.00236687
0 0.386568 0.917861 0.556355 0.164135 0.0022893
0 0.572079 0.983666 0.337855 0.0326285 0.00207341
0 0.0352334 0.94593 0.0704667 0.10814 0.0020312
0 0.036123 0.774851 0.0722461 0.303329 0.0020267
0 0.0800954 0.040881 0.160191 0.0817328 0.0019683
0 0.393446 0.96881 0.356777 0.0623066 0.00182601
0 0.0367351 0.547828 0.0734701 0.390346 0.00182193
0 0.0907392 0.0606448 0.181478 0.120755 0.00182125
0 0.0271505 0.883218 0.054301 0.233563 0.00181122
0 0.0608566 0.95682 0.121713 0.0862358 0.00175617
0 0.433937 0.949959 0.573901 0.100082 0.00172095
0 0.0181539 0.748287 0.0363078 0.295745 0.00169643
0 0.698944 0.966653 0.568254 0.0666094 0.00167041
0 0.0679789 0.928914 0.135958 0.141863 0.00165458
0 0.409885 0.980083 0.365436 0.0397348 0.00165322
0 0.0138573 0.951487 0.0274326 0.0970267 0.00163699
0 0.0222775 0.0485179 0.044555 0.0970359 0.00163387
0 0.0479411 0.962418 0.0955395 0.0751642 0.00157021
0 0.0260145 0.729763 0.0520291 0.397186 0.0015548
0 0.599401 0.98312 0.194303 0.0337529 0.00153179
0 0.0463748 0.505762 0.0924766 0.451945 0.00148964
0 0.0198169 0.903258 0.0396037 0.193485 0.00147768
0 0.690498 0.98009 0.393769 0.0397789 0.00147687
0 0.0657889 0.889309 0.131551 0.221382 0.00146635
0 0.291898 0.975244 0.355488 0.0495127 0.00133105
0 0.034898 0.922175 0.0697093 0.155651 0.00126728
0 0.0214872 0.0760855 0.0429606 0.150017 0.00121119
0 0.671693 0.967247 0.386918 0.0654604 0.00119132
0 0.0188525 0.537804 0.037705 0.326464 0.00118789
0 0.349378 0.961429 0.291069 0.077143 0.00113637
0 0.0234389 0.915588 0.0468778 0.162556 0.00110814
0 0.0959912 0.0230791 0.188786 0.0461496 0.00110166
0 0.513814 0.943515 0.551743 0.112971 0.00109719
0 0.630977 0.0334172 0.408659 0.0665625 0.00108982
0 0.881995 0.964836 0.236009 0.0703278 0.0010615
0 0.923913 0.914638 0.152174 0.170409 0.00105957
0 0.0317176 0.513787 0.0634351 0.239316 0.00105252
0 0.976874 0.945954 0.0462519 0.108092 0.00103973
0 0.58813 0.924219 0.67576 0.151563 0.0010234
