0 0.540502 0.336771 0.116329 0.116345 0.869623
0 0.988583 0.749914 0.0228331 0.165639 0.0693879
0 0.990266 0.750214 0.0194681 0.135522 0.0660595
0 0.984301 0.749708 0.0313987 0.221973 0.0149805
0 0.438905 0.726633 0.14596 0.145701 0.00715447
0 0.991681 0.779419 0.0166384 0.158964 0.00612447
0 0.97735 0.756241 0.0452993 0.272824 0.00570098
0 0.0509616 0.89318 0.100026 0.0974164 0.0046633
0 0.982025 0.780406 0.0359385 0.296991 0.00275493
0 0.460994 0.716969 0.197592 0.169481 0.00170125
0 0.97953 0.195441 0.0409409 0.335613 0.0017005
0 0.620106 0.627911 0.126212 0.127647 0.00168914
0 0.967496 0.782143 0.064954 0.423818 0.00159895
0 0.992809 0.0536743 0.0143821 0.107349 0.00117445
0 0.963078 0.229632 0.0736861 0.418991 0.00106082
