0 0.529121 0.23745 0.182293 0.15801 0.876558
0 0.33437 0.973634 0.187289 0.0522578 0.0508984
0 0.319729 0.971941 0.292683 0.0553572 0.0414206
0 0.317945 0.964437 0.436032 0.070924 0.0165513
0 0.306719 0.975148 0.392254 0.0497048 0.015942
0 0.716836 0.93936 0.169572 0.121281 0.0109028
0 0.644214 0.974312 0.127245 0.0511832 0.00992493
0 0.290277 0.983039 0.374285 0.0338604 0.00899341
0 0.11844 0.849307 0.236861 0.297593 0.00748121
0 0.346098 0.978193 0.158359 0.043615 0.00513586
0 0.655967 0.971228 0.179365 0.0575434 0.004562
0 0.685071 0.944834 0.271028 0.110332 0.0037233
0 0.684185 0.965095 0.2679 0.0697848 0.00316564
0 0.324838 0.948368 0.51426 0.103032 0.00260321
0 0.340951 0.985819 0.152091 0.0282428 0.00207125
0 0.136221 0.974424 0.147393 0.0510987 0.00197621
0 0.759993 0.930169 0.370549 0.139629 0.00171499
0 0.0108209 0.233859 0.0215774 0.195153 0.0016371
0 0.125788 0.971687 0.1989 0.0566132 0.00158757
0 0.378416 0.976129 0.347265 0.0477226 0.00157655
0 0.879844 0.97779 0.167163 0.044412 0.00137929
0 0.622419 0.971819 0.271309 0.0561537 0.00136382
0 0.850635 0.96022 0.227211 0.0795593 0.00130329
0 0.00705004 0.2344 0.0140949 0.156057 0.00125726
0 0.119641 0.976959 0.239281 0.0460701 0.0011997
0 0.5109 0.28816 0.229149 0.278287 0.00102322
