0 0.724594 0.313161 0.550812 0.626323 0.0223131
0 0.624386 0.902384 0.356339 0.195232 0.0169993
0 0.655982 0.912691 0.22755 0.174618 0.0167387
0 0.784699 0.349608 0.180833 0.205805 0.00771243
0 0.639839 0.889895 0.469521 0.220204 0.00737309
0 0.58462 0.0262234 0.339077 0.0523752 0.00636631
0 0.737383 0.37114 0.302245 0.292202 0.0057674
0 0.60258 0.0372881 0.476349 0.0745761 0.00569603
0 0.964769 0.752577 0.0701957 0.494846 0.00365756
0 0.984041 0.729488 0.0319175 0.231741 0.00353058
0 0.595338 0.0276287 0.21777 0.0552337 0.00312371
0 0.741837 0.404409 0.371784 0.389228 0.00306051
0 0.977152 0.719915 0.0456963 0.260165 0.00286248
0 0.963639 0.501351 0.0724299 0.51461 0.00260335
0 0.63716 0.0240189 0.327168 0.0480378 0.00244079
0 0.0591359 0.0724683 0.118149 0.144937 0.00235818
0 0.975754 0.755561 0.0484917 0.361173 0.00187827
0 0.98115 0.509448 0.037679 0.306434 0.00184904
0 0.97382 0.514608 0.0522652 0.344958 0.00183208
0 0.0207891 0.0681492 0.0415666 0.135871 0.00174204
0 0.0309506 0.0701934 0.0618713 0.140065 0.00166808
0 0.960031 0.647536 0.079746 0.616006 0.00162405
0 0.0422751 0.0411929 0.0845502 0.0823857 0.00161345
0 0.493331 0.493071 0.295848 0.378668 0.00160671
0 0.612573 0.0321193 0.375047 0.0642386 0.00157751
0 0.0541894 0.0263949 0.107862 0.0525552 0.00150538
0 0.591895 0.862584 0.438801 0.273889 0.00150223
0 0.146308 0.0155149 0.292615 0.0310298 0.00147882
0 0.0422621 0.0652431 0.0844312 0.130337 0.00141407
0 0.967071 0.71035 0.0658588 0.309359 0.00139622
0 0.544211 0.0171931 0.35219 0.0343863 0.00131472
0 0.982627 0.685476 0.0347463 0.212683 0.00126671
0 0.923256 0.564917 0.153489 0.569814 0.00121405
0 0.992787 0.749 0.0144264 0.119997 0.00120863
0 0.950886 0.557849 0.0980693 0.522367 0.00120781
0 0.982276 0.767703 0.0354482 0.361392 0.00113051
0 0.948931 0.760182 0.101767 0.47011 0.00110472
0 0.945767 0.472409 0.108251 0.56848 0.00109998
0 0.606925 0.0262221 0.145265 0.0524149 0.00109101
0 0.0831376 0.941012 0.166275 0.117976 0.00108992
0 0.0249827 0.0504291 0.0499654 0.100858 0.00108401
0 0.160731 0.0232748 0.321461 0.0465496 0.00103498
0 0.152185 0.050359 0.303549 0.100718 0.00102664
0 0.963437 0.522788 0.0729332 0.356432 0.00102261
0 0.644783 0.871253 0.608585 0.257493 0.00101948
