0 0.411188 0.389783 0.22906 0.227833 0.903443
0 0.941695 0.759058 0.116609 0.278507 0.108014
0 0.933452 0.736598 0.13302 0.414455 0.0176067
0 0.411531 0.389251 0.286029 0.287515 0.0105247
0 0.873518 0.971306 0.252964 0.0573888 0.00724117
0 0.564859 0.0077603 0.165583 0.0155206 0.00376366
0 0.886459 0.95813 0.226712 0.0832744 0.00367889
0 0.565915 0.0111896 0.213563 0.0223792 0.00366757
0 0.524548 0.969492 0.281391 0.0607804 0.00365341
0 0.854703 0.952963 0.290041 0.0940733 0.00338592
0 0.143037 0.230232 0.286073 0.456362 0.00337296
0 0.0723968 0.988418 0.144794 0.0231552 0.00327155
0 0.780941 0.956037 0.429445 0.0879254 0.00278197
0 0.0615472 0.99235 0.123094 0.0152426 0.00274914
0 0.522911 0.967107 0.374608 0.0657051 0.00257851
0 0.830242 0.934381 0.338781 0.131213 0.00238645
0 0.092414 0.226532 0.184828 0.445369 0.00200656
0 0.983201 0.296708 0.0335982 0.286567 0.00166902
0 0.106703 0.980321 0.211706 0.0393331 0.00160375
0 0.838025 0.977556 0.27428 0.0448275 0.00135904
0 0.965738 0.341508 0.0683706 0.452544 0.00128768
0 0.887718 0.988765 0.192323 0.0224254 0.00127292
0 0.548663 0.978502 0.171028 0.0428839 0.00125064
0 0.827436 0.973714 0.343198 0.0525713 0.00123255
0 0.541133 0.972232 0.193674 0.0552568 0.00117196
0 0.976349 0.29828 0.0473019 0.323882 0.00110791
0 0.983987 0.381366 0.0319982 0.269488 0.00103568
0 0.983458 0.24068 0.0329614 0.227971 0.00101183
0 0.112134 0.96412 0.222266 0.0717607 0.00100083
