0 0.516849 0.431945 0.214675 0.162911 0.758432
0 0.942213 0.657674 0.11542 0.187346 0.0583099
0 0.516635 0.391831 0.222579 0.242032 0.0163922
0 0.938176 0.615651 0.123635 0.296883 0.0158244
0 0.517233 0.408925 0.214604 0.105532 0.00785395
0 0.946976 0.556289 0.105989 0.443189 0.00251599
0 0.791319 0.352205 0.224627 0.222128 0.00142038
0 0.322044 0.314359 0.644088 0.628718 0.00133468
0 0.102221 0.988381 0.19385 0.0232388 0.00108758
0 0.238875 0.964715 0.267315 0.0705404 0.0010477
0 0.113777 0.983877 0.225645 0.0321243 0.00102875
