0 0.429996 0.381297 0.152332 0.153114 0.892183
0 0.828932 0.771253 0.341498 0.457494 0.0219021
0 0.268658 0.0201605 0.360892 0.040321 0.0053834
0 0.325589 0.988847 0.203139 0.0221519 0.00529913
0 0.326982 0.993187 0.176955 0.0135475 0.00274345
0 0.273007 0.0365779 0.338734 0.0731557 0.00271214
0 0.721689 0.287718 0.552394 0.573132 0.00247734
0 0.297595 0.0538715 0.396944 0.107743 0.00229368
0 0.182907 0.00955858 0.104478 0.0190605 0.0017658
0 0.181698 0.00988788 0.146537 0.0197758 0.00168905
0 0.426191 0.0120796 0.217419 0.0241591 0.00164443
0 0.251817 0.0203418 0.246553 0.0406803 0.00163601
0 0.314203 0.0715851 0.442807 0.14317 0.00160585
0 0.176681 0.0120754 0.191495 0.0241508 0.00137427
0 0.900718 0.939974 0.198564 0.120053 0.00133215
0 0.299378 0.96785 0.371301 0.0642388 0.00123173
0 0.27672 0.963255 0.466198 0.0732968 0.00123105
0 0.195899 0.0127881 0.136192 0.0255754 0.00117865
0 0.532858 0.947431 0.142291 0.104314 0.00116457
0 0.295311 0.974083 0.302063 0.0518136 0.00114509
0 0.868292 0.919046 0.263007 0.161909 0.00114041
0 0.0668737 0.0927687 0.133527 0.185537 0.00101898
