0 0.564966 0.543327 0.159369 0.160006 0.198038
0 0.24177 0.0584001 0.48354 0.1168 0.00765986
0 0.56224 0.548166 0.198568 0.199638 0.00684015
0 0.228677 0.0441813 0.45321 0.0883575 0.0043609
0 0.165613 0.071004 0.33106 0.142008 0.00395585
0 0.298916 0.0258237 0.236547 0.0516473 0.00328864
0 0.25911 0.0744701 0.518221 0.14894 0.00302196
0 0.0794656 0.0779509 0.158931 0.155902 0.00288958
0 0.042035 0.802739 0.08407 0.389904 0.00286415
0 0.286411 0.032617 0.409051 0.0652341 0.00285506
0 0.277992 0.0242958 0.325972 0.0485916 0.00273149
0 0.965772 0.425177 0.0682207 0.46186 0.0023761
0 0.792583 0.0429665 0.413865 0.085933 0.00212721
0 0.963007 0.190186 0.0738627 0.377971 0.00206815
0 0.842501 0.0439005 0.314999 0.0876237 0.00204005
0 0.0338998 0.0584881 0.0676901 0.116976 0.00202026
0 0.0458397 0.222813 0.0914671 0.427469 0.00199077
0 0.178704 0.101518 0.357072 0.203037 0.00197591
0 0.211131 0.0301963 0.410039 0.060055 0.00190615
0 0.98259 0.443664 0.0348194 0.353623 0.00185096
0 0.132603 0.0351678 0.265206 0.0703357 0.00173661
0 0.207076 0.0217089 0.374586 0.0434179 0.00170258
0 0.320158 0.0481444 0.613811 0.0962888 0.00170075
0 0.0611983 0.204595 0.121849 0.408887 0.00163059
0 0.149588 0.0322116 0.299177 0.0644232 0.00160067
0 0.839533 0.0279116 0.320934 0.0558231 0.00151905
0 0.604973 0.0398655 0.55413 0.079731 0.00145964
0 0.975635 0.445053 0.04873 0.3862 0.00141415
0 0.153307 0.0434531 0.306614 0.0869063 0.00139962
0 0.108444 0.05991 0.216887 0.11982 0.00139865
0 0.72549 0.0484613 0.54902 0.0969227 0.00139306
0 0.412575 0.965738 0.575795 0.0683839 0.00138622
0 0.0266586 0.213983 0.0533172 0.37595 0.00127356
0 0.161475 0.0297584 0.247272 0.0595168 0.00123848
0 0.932925 0.193219 0.134121 0.383203 0.001218
0 0.0573806 0.0618163 0.114761 0.123633 0.00119878
0 0.0771628 0.152289 0.154326 0.304261 0.00119105
0 0.0487091 0.0214963 0.0974183 0.042853 0.00118631
0 0.130287 0.0239257 0.260574 0.0478513 0.00117585
0 0.345581 0.0221331 0.309498 0.0442661 0.00116784
0 0.843141 0.074075 0.31295 0.14815 0.00115463
0 0.0263034 0.841887 0.0526067 0.316226 0.00109432
0 0.967465 0.238372 0.0648577 0.476744 0.00104309
0 0.01706 0.212704 0.03412 0.325288 0.00103544
0 0.0798854 0.0542586 0.159394 0.108504 0.00102859
0 0.0236022 0.159464 0.0472045 0.318927 0.0010072
0 0.309438 0.0116176 0.206133 0.0232352 0.00100684
0 0.846101 0.114954 0.307798 0.229701 0.00100121
