0 0.565217 0.239768 0.358259 0.384731 0.8943
0 0.371223 0.957559 0.215726 0.0847106 0.0123139
0 0.36457 0.953768 0.285818 0.092464 0.00515218
0 0.377114 0.954527 0.439767 0.0907159 0.00263826
0 0.0371998 0.94699 0.0742906 0.106021 0.00151153
0 0.20184 0.884288 0.389495 0.231359 0.00141531
0 0.881916 0.983103 0.236168 0.0337948 0.00141472
0 0.0743536 0.931387 0.148599 0.137225 0.00129611
0 0.04854 0.928101 0.0970799 0.143582 0.00127521
0 0.0873228 0.913446 0.174646 0.173107 0.00103372
0 0.0587324 0.914875 0.117465 0.17025 0.00102702
