0 0.520956 0.173391 0.167221 0.169599 0.934072
0 0.988838 0.535604 0.0223231 0.20927 0.00249992
0 0.984392 0.513772 0.0312059 0.326557 0.00210651
0 0.981874 0.854064 0.0361671 0.291873 0.00199242
0 0.992284 0.533779 0.0154322 0.162877 0.00194163
0 0.974813 0.849627 0.0503739 0.300746 0.00190736
0 0.0062917 0.954984 0.0125834 0.0900316 0.00187574
0 0.0106825 0.952837 0.0212946 0.0943265 0.00187358
0 0.0461333 0.442028 0.0922666 0.387204 0.00176389
0 0.904353 0.038042 0.188171 0.0760078 0.00166275
0 0.0106528 0.946354 0.0213056 0.107292 0.00160705
0 0.0164409 0.955485 0.0328819 0.0890293 0.00155842
0 0.976594 0.492265 0.0467082 0.397003 0.00135233
0 0.0303987 0.944818 0.0607974 0.110317 0.00119003
0 0.0336591 0.0532992 0.0670987 0.106598 0.00116461
0 0.857754 0.0358937 0.284492 0.0717873 0.00115813
0 0.0227012 0.0521798 0.0454023 0.10436 0.00115157
0 0.0525467 0.0921908 0.104591 0.184382 0.00113871
0 0.0499348 0.932077 0.0998696 0.135846 0.00112197
0 0.875146 0.031278 0.249707 0.0624972 0.00109674
0 0.0230408 0.0773493 0.0460642 0.154699 0.00109663
0 0.984093 0.576623 0.0318038 0.305273 0.00102362
