0 0.584354 0.219888 0.451009 0.437521 0.71998
0 0.585177 0.982485 0.207608 0.0350142 0.00622589
0 0.616539 0.329265 0.231068 0.199418 0.00537811
0 0.576974 0.32714 0.314116 0.229965 0.00413088
0 0.579583 0.976353 0.255463 0.0472403 0.00398087
0 0.262008 0.0657226 0.172016 0.131445 0.00316846
0 0.0105453 0.788723 0.0210749 0.202208 0.00291013
0 0.313419 0.709543 0.462086 0.522184 0.00284298
0 0.00678145 0.788662 0.0135048 0.172089 0.0028094
0 0.0140114 0.77136 0.0280137 0.229762 0.00270653
0 0.582203 0.97036 0.295042 0.0592803 0.0025952
0 0.0159847 0.795834 0.0319694 0.314456 0.00229639
0 0.0361006 0.301038 0.0722011 0.172872 0.0020713
0 0.475103 0.346265 0.29796 0.235465 0.00206462
0 0.586581 0.96488 0.406966 0.0700994 0.00203543
0 0.0204498 0.766479 0.0408318 0.272917 0.00199259
0 0.014451 0.332532 0.0289019 0.310167 0.0019857
0 0.5822 0.988255 0.194336 0.0234907 0.00197823
0 0.0239787 0.794158 0.0479573 0.368585 0.00174399
0 0.864947 0.968551 0.270105 0.0625155 0.00168674
0 0.579393 0.314723 0.408181 0.367874 0.00167275
0 0.0151941 0.104344 0.0303881 0.208688 0.00161545
0 0.0310164 0.769553 0.0618897 0.352571 0.00154895
0 0.841389 0.952994 0.317009 0.0940124 0.00154392
0 0.0245166 0.335046 0.0490332 0.252257 0.00152997
0 0.573549 0.122364 0.45303 0.244728 0.00148827
0 0.0143904 0.142617 0.0287808 0.285235 0.00144847
0 0.0214053 0.746109 0.0428105 0.372104 0.0013973
0 0.578522 0.992572 0.173214 0.0148258 0.00137695
0 0.0109528 0.755439 0.0219057 0.213617 0.00133977
0 0.127375 0.0166147 0.254291 0.0332295 0.00133513
0 0.0153947 0.323538 0.0307893 0.221711 0.00126992
0 0.0222177 0.332885 0.0444354 0.377638 0.00123476
0 0.022326 0.136684 0.0446278 0.271305 0.00122687
0 0.0145445 0.735182 0.029082 0.32764 0.00122614
0 0.0237493 0.299162 0.0474784 0.16791 0.00120473
0 0.0111443 0.0843243 0.0222886 0.168649 0.00110706
0 0.829777 0.934029 0.339702 0.131865 0.00108005
0 0.53006 0.0169064 0.337056 0.0338129 0.00106903
0 0.286643 0.0586348 0.265644 0.11727 0.0010551
0 0.550941 0.984086 0.271576 0.0317128 0.00105505
0 0.0225435 0.159453 0.045087 0.318905 0.00104065
0 0.016043 0.0694744 0.0320508 0.138275 0.00103295
0 0.180014 0.0154786 0.327769 0.0309572 0.00100247
0 0.0234273 0.0716549 0.0468546 0.143153 0.00100075
