0 0.526971 0.197066 0.287449 0.279246 0.813571
0 0.522236 0.198951 0.346538 0.335671 0.0506744
0 0.93544 0.956737 0.129041 0.086307 0.00809896
0 0.878712 0.961814 0.242576 0.0762956 0.00714555
0 0.905352 0.954949 0.189296 0.0901018 0.00681533
0 0.911635 0.921138 0.176729 0.157648 0.00511296
0 0.874181 0.942991 0.251608 0.113851 0.00329579
0 0.969545 0.967876 0.0609095 0.0642484 0.00318349
0 0.92679 0.97635 0.14642 0.0472918 0.00315388
0 0.989475 0.969935 0.0210501 0.0601292 0.00283729
0 0.917233 0.969725 0.165533 0.0605499 0.00208518
0 0.960361 0.952871 0.0792322 0.0942582 0.00196605
0 0.863192 0.983452 0.273616 0.0329603 0.00196386
0 0.890904 0.982839 0.218192 0.0343212 0.0018782
0 0.993145 0.956574 0.0137098 0.0868516 0.00171108
0 0.944561 0.899606 0.110879 0.200787 0.00169748
0 0.847422 0.978142 0.305157 0.0437162 0.00149391
0 0.975055 0.892441 0.0498697 0.215118 0.00138023
0 0.0268148 0.116056 0.0535127 0.232113 0.00130554
0 0.470915 0.225285 0.144629 0.214825 0.0013014
0 0.874787 0.977283 0.250426 0.0454335 0.00121509
0 0.955091 0.981723 0.0898184 0.0365546 0.00120119
0 0.831834 0.96072 0.336332 0.0785596 0.00114043
0 0.948591 0.857289 0.102735 0.285423 0.00102912
