0 0.349789 0.377771 0.133242 0.12932 0.858257
0 0.0494593 0.799401 0.0988827 0.38547 0.0167448
0 0.682939 0.0160214 0.345752 0.0320428 0.00329093
0 0.038134 0.785733 0.076268 0.345371 0.00255585
0 0.353254 0.988743 0.203508 0.0225149 0.00166599
0 0.0812293 0.799985 0.162207 0.400029 0.00137991
0 0.698192 0.023352 0.397259 0.046704 0.00135563
0 0.361028 0.983683 0.281262 0.0325851 0.00123164
0 0.745074 0.0122769 0.116979 0.0245539 0.00123098
0 0.354495 0.977957 0.329221 0.0440868 0.00119574
0 0.98322 0.265433 0.0335094 0.260791 0.00111638
0 0.115247 0.981213 0.226072 0.0374988 0.00101796
