0 0.579959 0.389704 0.215773 0.217995 0.920793
0 0.702626 0.954114 0.158175 0.0917722 0.230456
0 0.0710404 0.974865 0.141419 0.049978 0.215052
0 0.702137 0.978297 0.155545 0.0434068 0.116197
0 0.0885303 0.988333 0.106 0.0232915 0.059902
0 0.949025 0.984338 0.101376 0.0313246 0.0430467
0 0.0710986 0.982512 0.139777 0.0347424 0.0367494
0 0.0760089 0.950812 0.152018 0.0982126 0.0317835
0 0.942582 0.978264 0.114156 0.0434101 0.0127112
0 0.0931947 0.986436 0.186389 0.0270268 0.00788638
0 0.950307 0.985515 0.0993861 0.0289692 0.00763024
0 0.833946 0.986411 0.0633218 0.0271771 0.00607371
0 0.902246 0.983975 0.195508 0.0320491 0.00510045
0 0.947557 0.966942 0.104887 0.0661161 0.00435426
0 0.992883 0.845413 0.0142345 0.131582 0.00405045
0 0.988908 0.845006 0.0220538 0.176232 0.00362741
0 0.682787 0.980645 0.139992 0.0387098 0.00334951
0 0.0985077 0.991217 0.0887618 0.0175662 0.00327811
0 0.584033 0.392702 0.258407 0.260397 0.00324009
0 0.089892 0.964798 0.179784 0.0702302 0.00257464
0 0.992978 0.155743 0.014044 0.155833 0.00254005
0 0.0853716 0.936435 0.170079 0.12689 0.00220655
0 0.0642534 0.979958 0.128507 0.0400833 0.00209623
0 0.0772342 0.902886 0.154311 0.194229 0.00185247
0 0.885973 0.978507 0.228054 0.0429854 0.00177236
0 0.931911 0.954351 0.136178 0.0910969 0.00169043
0 0.857275 0.987497 0.157065 0.0250058 0.00165152
0 0.902979 0.958745 0.194043 0.0824621 0.00157211
0 0.947979 0.883931 0.104041 0.232138 0.00156332
0 0.989225 0.1505 0.0215499 0.202644 0.00134141
0 0.0514744 0.981039 0.102949 0.0379225 0.00121342
0 0.696701 0.983754 0.182095 0.0324254 0.00111045
0 0.98272 0.869158 0.0344627 0.250253 0.00110396
0 0.967229 0.83065 0.065082 0.337936 0.00101355
