0 0.401112 0.293945 0.167018 0.171176 0.896834
0 0.961335 0.258469 0.0771874 0.482133 0.0119143
0 0.543704 0.734472 0.125463 0.126037 0.01169
0 0.031215 0.815798 0.0624299 0.273269 0.00653968
0 0.0593094 0.842295 0.118619 0.296566 0.00633119
0 0.0395352 0.847391 0.0790312 0.281966 0.00609298
0 0.0212124 0.820741 0.0423882 0.232895 0.0044532
0 0.945212 0.258167 0.109378 0.505675 0.00399218
0 0.97308 0.286226 0.0538391 0.365988 0.00376116
0 0.0746052 0.0828911 0.149186 0.165782 0.00321862
0 0.0269952 0.773379 0.0538579 0.37239 0.00309564
0 0.0186903 0.774699 0.0373807 0.318521 0.00251173
0 0.0511319 0.738855 0.102085 0.52229 0.00220263
0 0.0365008 0.818677 0.0730016 0.203639 0.00216716
0 0.0302705 0.855282 0.060541 0.289435 0.00210438
0 0.980579 0.294755 0.0388412 0.338726 0.00195216
0 0.983851 0.119037 0.0321918 0.238074 0.00191454
0 0.0698687 0.797159 0.139737 0.395444 0.00190137
0 0.0734766 0.134839 0.146953 0.269388 0.00187654
0 0.963468 0.177395 0.0730646 0.351852 0.00172681
0 0.0934757 0.116472 0.186739 0.232944 0.00165324
0 0.925596 0.283734 0.148802 0.567469 0.00156267
0 0.0482931 0.853787 0.0965862 0.292426 0.00155018
0 0.982713 0.861364 0.0345149 0.277272 0.00152531
0 0.094846 0.0178411 0.189692 0.0356823 0.00149087
0 0.240177 0.989226 0.202125 0.0215489 0.00147083
0 0.0839144 0.84091 0.167805 0.312757 0.00141315
0 0.974812 0.188985 0.0502236 0.377442 0.00139783
0 0.982293 0.174176 0.0353349 0.295748 0.00139291
0 0.967451 0.818388 0.0646684 0.358963 0.00129379
0 0.977031 0.130779 0.0459003 0.261557 0.00128223
0 0.98315 0.57029 0.0336711 0.205398 0.00128175
0 0.969468 0.237563 0.0609279 0.389724 0.00121723
0 0.0826967 0.0621628 0.164362 0.123918 0.00119684
0 0.0186278 0.819416 0.0372555 0.166824 0.00117373
0 0.118131 0.0717557 0.235989 0.143411 0.00117339
0 0.0908922 0.809423 0.179971 0.217646 0.00114814
0 0.964855 0.365009 0.0701768 0.569943 0.00109413
0 0.97576 0.852019 0.0484796 0.295962 0.00108024
0 0.976196 0.572154 0.0476087 0.214353 0.0010719
0 0.0425109 0.669127 0.0846159 0.542628 0.00102697
0 0.103132 0.0244727 0.206265 0.0489455 0.00101934
0 0.0707026 0.0381105 0.140967 0.0761601 0.0010113
0 0.057041 0.0689375 0.114082 0.137875 0.00100002
