0 0.516614 0.221989 0.466048 0.42269 0.876046
0 0.233573 0.965325 0.250645 0.06935 0.105601
0 0.208822 0.96488 0.357478 0.0697975 0.0551705
0 0.243987 0.964685 0.162743 0.0704303 0.0117067
0 0.295757 0.964368 0.591514 0.0711595 0.0107342
0 0.218071 0.959314 0.436142 0.0813255 0.00812424
0 0.273903 0.947815 0.547805 0.104011 0.00651187
0 0.195428 0.981573 0.312142 0.0368168 0.0027122
0 0.984241 0.311449 0.0314996 0.203025 0.00240863
0 0.992906 0.319954 0.0141881 0.138566 0.00228566
0 0.989151 0.328687 0.0216985 0.16763 0.00217738
0 0.186045 0.974749 0.365366 0.050397 0.00154223
0 0.983393 0.289022 0.0332005 0.300436 0.00149509
0 0.981654 0.748446 0.036608 0.368777 0.00133303
0 0.977472 0.301571 0.0450553 0.314754 0.00130269
0 0.206724 0.943186 0.413449 0.113628 0.00126451
0 0.980375 0.471116 0.0392491 0.380172 0.0012442
0 0.981634 0.336154 0.0367262 0.272269 0.00117706
0 0.486717 0.0823261 0.55988 0.164652 0.00108095
