0 0.445498 0.33593 0.140203 0.160167 0.847491
0 0.320223 0.487694 0.640447 0.493693 0.00465313
0 0.450263 0.334395 0.199005 0.208978 0.00269773
0 0.943075 0.691738 0.11385 0.299524 0.0021747
0 0.981537 0.292353 0.0368054 0.302794 0.00216375
0 0.964685 0.271273 0.0706307 0.425628 0.00169143
0 0.970181 0.687511 0.0595958 0.326465 0.0014287
0 0.32701 0.312893 0.654019 0.625786 0.00112219
0 0.863645 0.989622 0.213296 0.0207562 0.00109187
0 0.0742233 0.041686 0.147298 0.0832302 0.00107617
0 0.0797134 0.0598008 0.158864 0.119602 0.00104572
