0 0.440802 0.198549 0.212295 0.200751 0.656706
0 0.219735 0.0157648 0.250045 0.0315295 0.0165299
0 0.439284 0.0248627 0.300617 0.0497254 0.0164282
0 0.531397 0.163795 0.319382 0.325418 0.012763
0 0.207401 0.00929614 0.154264 0.0185202 0.0109086
0 0.20259 0.011685 0.198302 0.0233613 0.0102016
0 0.770885 0.98428 0.258717 0.0314406 0.00953537
0 0.596323 0.184192 0.162193 0.239938 0.00693672
0 0.771873 0.989148 0.195403 0.021703 0.00675362
0 0.988662 0.648883 0.0226518 0.199046 0.00665783
0 0.440551 0.198839 0.267323 0.260039 0.00628257
0 0.979157 0.66289 0.0416859 0.301725 0.0061329
0 0.217518 0.0228773 0.289492 0.0457546 0.00516565
0 0.970774 0.659229 0.0584511 0.310198 0.00510932
0 0.759002 0.978479 0.310897 0.0430417 0.00504554
0 0.46984 0.0212093 0.219931 0.0424173 0.00503412
0 0.442734 0.0369682 0.337473 0.0739364 0.00453578
0 0.98427 0.658406 0.0314432 0.254566 0.00449871
0 0.0352574 0.95957 0.0705147 0.0808606 0.00417685
0 0.0497733 0.953102 0.0995398 0.0937421 0.00412008
0 0.991778 0.64576 0.016443 0.163999 0.00401766
0 0.162728 0.0124788 0.204658 0.0249104 0.00397969
0 0.513845 0.0124728 0.14547 0.0249343 0.00394556
0 0.213382 0.031726 0.34963 0.0634425 0.00373681
0 0.389034 0.0416092 0.404682 0.0832185 0.00365855
0 0.181012 0.010014 0.15471 0.019925 0.00361751
0 0.771578 0.993062 0.150131 0.0138764 0.0034883
0 0.238715 0.0117076 0.195425 0.0233877 0.00343251
0 0.526788 0.0132497 0.199837 0.0263242 0.00327887
0 0.74986 0.991982 0.110837 0.0159845 0.00285633
0 0.47367 0.0411126 0.225931 0.0819974 0.00280733
0 0.0108733 0.637836 0.0216992 0.132126 0.00273135
0 0.244038 0.0367248 0.488076 0.0734496 0.00258769
0 0.167353 0.0156631 0.302883 0.0313262 0.00233296
0 0.0236436 0.883458 0.0472313 0.233085 0.00232026
0 0.242934 0.00871868 0.159737 0.0174221 0.0022804
0 0.504822 0.0161886 0.149809 0.0321614 0.00224017
0 0.966874 0.639498 0.0660609 0.422373 0.00223951
0 0.759117 0.968536 0.392192 0.0629278 0.00200148
0 0.0168299 0.562424 0.0336597 0.300338 0.00194707
0 0.0132445 0.631523 0.0264889 0.273603 0.00193922
0 0.0157271 0.54245 0.0314212 0.172064 0.00190754
0 0.5877 0.167151 0.21421 0.334302 0.00177589
0 0.0652544 0.94288 0.12984 0.114218 0.00174227
0 0.275087 0.0162253 0.307088 0.0324506 0.00168712
0 0.0358922 0.874041 0.0717843 0.251917 0.00166445
0 0.95407 0.667766 0.0918597 0.315137 0.00150016
0 0.0233047 0.562566 0.0466094 0.353054 0.00147484
0 0.0521389 0.88622 0.104278 0.227561 0.00137839
0 0.508472 0.0461567 0.15354 0.0920363 0.00131992
0 0.501656 0.0226443 0.163168 0.0452886 0.00122566
0 0.0236044 0.260348 0.0471414 0.247363 0.00119905
0 0.049132 0.199227 0.0980809 0.396334 0.00119654
0 0.173385 0.0229967 0.346771 0.0459935 0.0011908
0 0.00875938 0.641887 0.0175124 0.11306 0.00118107
0 0.0105545 0.0673544 0.0210239 0.134709 0.00114226
0 0.989154 0.683195 0.0216929 0.21502 0.00112886
0 0.0167209 0.0874703 0.0334419 0.174941 0.00108352
0 0.0061331 0.0505608 0.0122662 0.101122 0.00104731
