0 0.655268 0.30046 0.336086 0.286772 0.920832
0 0.211896 0.791314 0.420731 0.407437 0.243337
0 0.971029 0.713871 0.0579416 0.243291 0.00555873
0 0.114465 0.730984 0.216668 0.24294 0.00548438
0 0.708089 0.569098 0.568399 0.470763 0.00270392
0 0.118523 0.793648 0.236892 0.409049 0.00203605
0 0.229748 0.398052 0.459496 0.499504 0.00185962
0 0.0871283 0.779796 0.17407 0.431077 0.00178277
0 0.0207948 0.0441755 0.0415897 0.0881139 0.00168662
0 0.967409 0.673937 0.0651698 0.385086 0.00147947
0 0.0107415 0.395442 0.0214831 0.204928 0.00129042
0 0.0164938 0.856793 0.0329875 0.286414 0.00123051
0 0.0205814 0.0516272 0.0408061 0.103254 0.00107805
0 0.0233121 0.846746 0.0466242 0.306507 0.001069
