0 0.489065 0.21765 0.166542 0.179045 0.863434
0 0.991099 0.409376 0.0178026 0.123874 0.0430452
0 0.98465 0.404039 0.0307004 0.126689 0.0280994
0 0.98861 0.412373 0.0227793 0.15148 0.0258511
0 0.977287 0.374449 0.0453334 0.201901 0.00820656
0 0.979715 0.348851 0.0405698 0.272904 0.00503488
0 0.975802 0.405672 0.0483954 0.19621 0.00488588
0 0.971723 0.34221 0.0565538 0.296031 0.00473425
0 0.982076 0.0561695 0.0358324 0.111949 0.00212963
0 0.987802 0.0533457 0.0243951 0.106691 0.00157441
0 0.966139 0.335155 0.067722 0.423021 0.00155864
0 0.992816 0.393412 0.0143677 0.119459 0.00134715
0 0.976607 0.0687062 0.0466835 0.137173 0.00106244
0 0.992841 0.0501569 0.0143173 0.100314 0.00100991
