0 0.584242 0.21462 0.251032 0.320705 0.921849
0 0.972951 0.854967 0.0540973 0.255673 0.00629875
0 0.974612 0.884077 0.0506845 0.188371 0.00316951
0 0.980557 0.855671 0.0387267 0.264981 0.00254091
0 0.1907 0.0499192 0.140134 0.0998383 0.00249248
0 0.99234 0.704354 0.0153193 0.1151 0.00183186
0 0.982859 0.0808086 0.0342423 0.160765 0.00138577
0 0.9683 0.908802 0.0633992 0.177794 0.00124251
0 0.0201495 0.636954 0.0402991 0.161855 0.00123591
0 0.982781 0.12769 0.0344211 0.25538 0.00122347
0 0.988235 0.708743 0.0234747 0.151231 0.00116074
0 0.980119 0.0411895 0.0397243 0.0819777 0.00115259
0 0.967378 0.808023 0.0649073 0.366998 0.00114487
0 0.0600143 0.23664 0.120029 0.395708 0.00109575
