0 0.358562 0.33553 0.201758 0.205808 0.862405
0 0.099368 0.819434 0.198671 0.179664 0.0305385
0 0.358806 0.336773 0.256212 0.250935 0.00992721
0 0.984269 0.767435 0.0313981 0.270875 0.00289627
0 0.984285 0.709136 0.0313237 0.283332 0.00281334
0 0.520894 0.761431 0.559992 0.427809 0.0024723
0 0.0957324 0.96666 0.190002 0.0666571 0.001928
0 0.967482 0.73114 0.0650359 0.359582 0.00177721
0 0.984553 0.663355 0.0308762 0.165503 0.0016388
0 0.977621 0.605597 0.0446105 0.366029 0.00136734
0 0.984024 0.310659 0.0318943 0.278669 0.00131566
0 0.976891 0.709929 0.0462172 0.33503 0.00126673
0 0.983906 0.613615 0.0321878 0.28718 0.0011967
0 0.988963 0.295884 0.0220731 0.196876 0.00105823
