0 0.438691 0.315166 0.180646 0.188289 0.914135
0 0.965818 0.809832 0.0683633 0.301973 0.0690421
0 0.964292 0.777468 0.0714157 0.431732 0.0173264
0 0.078701 0.193587 0.157402 0.260478 0.00537864
0 0.0371511 0.258725 0.0742423 0.116448 0.00520342
0 0.952418 0.763859 0.0951645 0.472281 0.00445028
0 0.400955 0.965538 0.470908 0.0687321 0.00415082
0 0.972774 0.838605 0.0544518 0.313972 0.00406598
0 0.218965 0.673367 0.437929 0.653267 0.00373604
0 0.0965164 0.15928 0.193033 0.31856 0.00308495
0 0.072722 0.962264 0.145349 0.0754726 0.00291343
0 0.980405 0.852818 0.0391704 0.294363 0.00276545
0 0.0609327 0.949349 0.121831 0.101302 0.00206224
0 0.389984 0.98028 0.341285 0.0394028 0.00204617
0 0.0474835 0.979487 0.0949669 0.0410265 0.00203527
0 0.985263 0.863434 0.0294735 0.180447 0.00196275
0 0.383918 0.975996 0.402523 0.0478083 0.00189353
0 0.0443123 0.960928 0.088117 0.0781437 0.00156023
0 0.406741 0.947706 0.568353 0.104383 0.00138884
0 0.197979 0.978244 0.263687 0.0435113 0.00136924
0 0.210175 0.988663 0.190038 0.0226731 0.00117283
0 0.0692499 0.989148 0.1385 0.0216942 0.00116885
0 0.412598 0.964207 0.315786 0.0715854 0.00113564
0 0.204287 0.98318 0.218014 0.0336394 0.00105233
0 0.0502851 0.21077 0.10057 0.212575 0.00102281
0 0.962186 0.853205 0.0751829 0.29359 0.00100237
