0 0.39435 0.35473 0.172156 0.168456 0.861208
0 0.983955 0.673933 0.0320512 0.223037 0.0515584
0 0.977629 0.669951 0.0446366 0.286262 0.0128195
0 0.354863 0.712683 0.709725 0.574634 0.00544878
0 0.978816 0.690396 0.0423189 0.208597 0.00486452
0 0.967572 0.643259 0.0646369 0.385162 0.00480773
0 0.0270925 0.795157 0.0540993 0.221403 0.00455019
0 0.983922 0.651494 0.0321561 0.319476 0.00380723
0 0.0249515 0.788337 0.049903 0.301424 0.00345286
0 0.0352444 0.0874864 0.0704407 0.174614 0.00334072
0 0.924918 0.933111 0.148874 0.133778 0.0023691
0 0.984396 0.699616 0.0311818 0.134785 0.00230051
0 0.0553335 0.0923662 0.110316 0.184732 0.00206467
0 0.0302167 0.778143 0.0603744 0.363608 0.00204493
0 0.0110755 0.32557 0.0221509 0.191432 0.00151193
0 0.0413687 0.668465 0.0827374 0.257833 0.00150629
0 0.907841 0.922153 0.184318 0.155693 0.00143113
0 0.0138708 0.303562 0.0277416 0.280829 0.00123189
0 0.988089 0.671489 0.0237861 0.171704 0.00117475
0 0.464326 0.971924 0.0504864 0.0560195 0.00113964
0 0.0416536 0.765301 0.0832528 0.438814 0.00109873
0 0.893472 0.0221581 0.213057 0.0443163 0.0010635
0 0.964352 0.699731 0.0712963 0.466912 0.00101484
0 0.394946 0.353639 0.212969 0.201291 0.00101054
