0 0.453051 0.415481 0.183074 0.17436 0.23629
0 0.450212 0.590426 0.146687 0.147418 0.100332
0 0.453591 0.416552 0.214382 0.214225 0.0438281
0 0.453307 0.591361 0.19532 0.198438 0.0401704
0 0.887861 0.0665889 0.224225 0.133102 0.0103292
0 0.860312 0.0393104 0.279375 0.078506 0.00436335
0 0.820795 0.0436243 0.357754 0.0871497 0.00422619
0 0.937037 0.185258 0.125583 0.205452 0.00402814
0 0.835283 0.015526 0.329435 0.0310519 0.00340122
0 0.564231 0.951292 0.386493 0.0974168 0.00335064
0 0.938966 0.186863 0.122044 0.289624 0.0032195
0 0.876251 0.0295405 0.246159 0.0587191 0.00286098
0 0.936811 0.217887 0.126378 0.414694 0.00282668
0 0.817496 0.023085 0.365007 0.0461609 0.0028039
0 0.809934 0.0683481 0.378612 0.136696 0.00239683
0 0.915539 0.194402 0.168819 0.388803 0.00222005
0 0.564806 0.956039 0.274297 0.0879228 0.00207754
0 0.81183 0.0336604 0.37634 0.0672089 0.00206924
0 0.882883 0.0198974 0.234233 0.0397143 0.00204453
0 0.954725 0.19994 0.0905495 0.39988 0.00201408
0 0.594185 0.292477 0.24201 0.246802 0.00156078
0 0.863583 0.054509 0.272619 0.109018 0.00153702
0 0.7312 0.581519 0.368273 0.34333 0.00145204
0 0.942788 0.0771254 0.114283 0.154251 0.00133902
0 0.979533 0.08101 0.0409336 0.16202 0.00131643
0 0.578742 0.939932 0.574322 0.120007 0.00131311
0 0.989073 0.0818897 0.0218384 0.163779 0.00127453
0 0.85419 0.0123017 0.207432 0.0246034 0.00127307
0 0.865156 0.181478 0.269688 0.362956 0.00113936
0 0.489614 0.953684 0.535645 0.0925628 0.0010979
0 0.843822 0.131348 0.311831 0.262696 0.00109767
0 0.913805 0.0593658 0.17239 0.118348 0.00106354
0 0.837236 0.0920143 0.32506 0.183385 0.00105011
0 0.510388 0.0161918 0.26715 0.0323836 0.00103391
