0 0.453112 0.56571 0.20146 0.20159 0.357351
0 0.175498 0.902194 0.350885 0.195612 0.0646814
0 0.452008 0.567459 0.243365 0.238553 0.0540986
0 0.19888 0.924664 0.397103 0.150555 0.0316821
0 0.127596 0.895016 0.255169 0.209968 0.0148532
0 0.232147 0.944974 0.464294 0.110053 0.00775399
0 0.177051 0.357843 0.350886 0.4879 0.00629458
0 0.266892 0.983779 0.348894 0.032374 0.00451381
0 0.256756 0.960189 0.513511 0.0796032 0.00439074
0 0.253504 0.97782 0.404565 0.044361 0.00285235
0 0.241331 0.967714 0.405152 0.0645721 0.002096
0 0.285374 0.967735 0.570748 0.0643755 0.00187784
0 0.178548 0.959114 0.357096 0.081681 0.00178977
0 0.842444 0.9034 0.305295 0.193201 0.00165057
0 0.155319 0.843359 0.310638 0.312216 0.00140951
0 0.106996 0.855867 0.213979 0.287471 0.00135461
0 0.2546 0.902743 0.509201 0.193105 0.00133138
0 0.0879141 0.92945 0.175761 0.1411 0.00130334
0 0.818083 0.912913 0.218071 0.173451 0.00116965
