0 0.42037 0.342051 0.201338 0.204615 0.929044
0 0.778369 0.912622 0.428791 0.174756 0.0348462
0 0.561379 0.458137 0.253138 0.172597 0.0341717
0 0.775979 0.942044 0.383193 0.115873 0.0208338
0 0.75574 0.949193 0.269397 0.101614 0.0150399
0 0.983748 0.950843 0.0325037 0.0983144 0.0134442
0 0.987516 0.955345 0.0249443 0.0893104 0.00789703
0 0.804583 0.882654 0.38991 0.234321 0.00728034
0 0.992737 0.077008 0.0145261 0.154016 0.00187082
0 0.989159 0.0867929 0.021683 0.173586 0.00162069
0 0.973248 0.837868 0.0534174 0.19884 0.00148668
0 0.983442 0.907289 0.0331153 0.185346 0.00144103
0 0.964103 0.843052 0.0717788 0.163091 0.00128661
0 0.967279 0.820035 0.0654411 0.285962 0.00126174
0 0.784518 0.957364 0.293685 0.0850742 0.00120293
0 0.982366 0.16199 0.0352676 0.323979 0.00113776
0 0.981363 0.108002 0.0372746 0.216004 0.00113068
0 0.968373 0.0376967 0.0632546 0.0753933 0.00110686
0 0.975198 0.948897 0.0496048 0.102206 0.00102404
