0 0.409621 0.261092 0.187119 0.21245 0.905513
0 0.689739 0.812931 0.251241 0.251241 0.392809
0 0.974931 0.283181 0.0497035 0.0707614 0.364849
0 0.682415 0.815397 0.298697 0.302975 0.150209
0 0.984981 0.408237 0.0300378 0.112182 0.121051
0 0.984186 0.408472 0.0316274 0.1539 0.0621128
0 0.708101 0.80131 0.195029 0.222998 0.0288537
0 0.691302 0.793004 0.368123 0.413992 0.0204957
0 0.973416 0.268814 0.0531678 0.116234 0.016198
0 0.654246 0.935497 0.351493 0.128944 0.01565
0 0.984022 0.430304 0.0319449 0.229211 0.0149424
0 0.408794 0.261229 0.258036 0.262512 0.0121095
0 0.977592 0.41143 0.0448154 0.247694 0.0110862
0 0.658026 0.878288 0.440373 0.239164 0.010823
0 0.990846 0.424839 0.018308 0.177749 0.0106334
0 0.982899 0.394192 0.0341461 0.214935 0.00855171
0 0.156992 0.5427 0.310938 0.345663 0.00788648
0 0.110922 0.667069 0.0970719 0.0978945 0.0074042
0 0.613466 0.822843 0.444143 0.347683 0.00642683
0 0.010509 0.746088 0.0209529 0.155994 0.00548815
0 0.964274 0.315069 0.0713642 0.367729 0.00505502
0 0.66717 0.940349 0.257026 0.119302 0.0044996
0 0.697126 0.753357 0.305934 0.364646 0.0042453
0 0.736257 0.750818 0.414008 0.454705 0.00389794
0 0.371486 0.33257 0.2893 0.360046 0.00386127
0 0.989851 0.942024 0.0202318 0.115952 0.00381618
0 0.967537 0.429678 0.0648413 0.377918 0.00366328
0 0.515604 0.0957686 0.210197 0.190567 0.00359056
0 0.00654758 0.753824 0.0130952 0.115653 0.00350558
0 0.977768 0.359185 0.0444635 0.298751 0.00344698
0 0.971678 0.23757 0.0566437 0.200395 0.00309272
0 0.0247134 0.0748378 0.0494075 0.147856 0.00304211
0 0.143475 0.778416 0.171988 0.165661 0.00301294
0 0.163856 0.983574 0.196368 0.0326881 0.00295964
0 0.963566 0.227766 0.0728683 0.380314 0.00291174
0 0.0378434 0.0773451 0.0756356 0.154131 0.00273955
0 0.986668 0.391156 0.0265731 0.171566 0.00270142
0 0.710538 0.706537 0.348284 0.349809 0.00264757
0 0.970402 0.361127 0.0591966 0.335709 0.00264593
0 0.79659 0.164329 0.110115 0.111713 0.00242302
0 0.0161682 0.786348 0.0323325 0.29246 0.00230603
0 0.161338 0.978264 0.226741 0.0434717 0.00221199
0 0.0135322 0.758104 0.0270603 0.153477 0.00213152
0 0.189169 0.957154 0.335535 0.0856589 0.00201349
0 0.0221914 0.0516137 0.0443707 0.102762 0.00201316
0 0.966607 0.296521 0.0666941 0.182791 0.00200974
0 0.983884 0.933207 0.0321326 0.133586 0.00199507
0 0.202158 0.984554 0.244405 0.0306454 0.00193606
0 0.014929 0.376217 0.0298256 0.247287 0.00185822
0 0.0256319 0.876158 0.0512638 0.247684 0.00176351
0 0.0243591 0.787569 0.0486818 0.330468 0.00173729
0 0.0234069 0.375307 0.0467148 0.279324 0.00172971
0 0.0313914 0.0580534 0.0627475 0.115899 0.00172598
0 0.982358 0.922852 0.0352849 0.147539 0.00170092
0 0.990387 0.392084 0.019226 0.133691 0.00169645
0 0.0106726 0.358095 0.0213452 0.196308 0.00167418
0 0.0155654 0.884008 0.0311196 0.231983 0.00166759
0 0.985839 0.918627 0.0282323 0.114107 0.00162603
0 0.0139261 0.681843 0.0278496 0.201926 0.00162443
0 0.0187629 0.0402806 0.0373994 0.0803087 0.00159754
0 0.968088 0.417366 0.0633492 0.24291 0.00158893
0 0.170019 0.969526 0.243679 0.0609474 0.00158253
0 0.0199408 0.758927 0.0398815 0.201409 0.00158075
0 0.209171 0.566546 0.149076 0.166988 0.00154317
0 0.109301 0.671352 0.128732 0.12856 0.00144246
0 0.0109989 0.223936 0.0219978 0.196489 0.00143976
0 0.487933 0.101131 0.293648 0.202175 0.00143884
0 0.0375681 0.871826 0.0746823 0.256349 0.00143495
0 0.0252872 0.0286792 0.0505744 0.0573343 0.0014302
0 0.202648 0.474167 0.405297 0.561318 0.00142358
0 0.769931 0.0155831 0.336067 0.0311662 0.00142
0 0.0525984 0.0562839 0.104526 0.111995 0.00134313
0 0.635259 0.923396 0.428875 0.153207 0.00130569
0 0.0172211 0.352397 0.0343868 0.192415 0.00129988
0 0.9832 0.732636 0.0334995 0.263508 0.00127461
0 0.805731 0.304918 0.170555 0.140277 0.00127098
0 0.259898 0.958178 0.458622 0.0835137 0.00126613
0 0.915289 0.463726 0.0709561 0.0729351 0.00125161
0 0.976616 0.908454 0.0467681 0.18267 0.00124126
0 0.540009 0.831933 0.271991 0.264864 0.00123955
0 0.577039 0.0673908 0.0861576 0.102706 0.00119467
0 0.044545 0.0208727 0.0880366 0.0417446 0.00118749
0 0.0337551 0.365522 0.0675102 0.265726 0.00118571
0 0.127259 0.98415 0.251941 0.0315745 0.00118291
0 0.032496 0.775269 0.0645712 0.301291 0.00116336
0 0.186037 0.942208 0.360589 0.115563 0.00114313
0 0.613384 0.857482 0.527596 0.284549 0.00112126
0 0.0141643 0.501353 0.028275 0.247188 0.00111164
0 0.142697 0.81417 0.245061 0.271127 0.0011106
0 0.0218322 0.710474 0.0436643 0.342188 0.00110566
0 0.714865 0.00733943 0.18799 0.014631 0.00110116
0 0.0155067 0.42439 0.0309681 0.320036 0.00109352
0 0.215267 0.979201 0.344279 0.0414696 0.00107184
0 0.0550106 0.080529 0.109519 0.161058 0.00107148
0 0.0426132 0.396515 0.085048 0.381533 0.0010695
0 0.00679572 0.379005 0.0135914 0.14956 0.00106735
0 0.523634 0.11579 0.290662 0.227742 0.0010665
0 0.71302 0.0156195 0.2772 0.031239 0.00106267
0 0.982831 0.449698 0.034284 0.333699 0.00104431
0 0.924077 0.468861 0.0841445 0.0835012 0.00103674
0 0.0161839 0.278319 0.032362 0.29074 0.00103372
0 0.0341624 0.664683 0.0678095 0.347495 0.00103033
0 0.030539 0.908343 0.0610332 0.181854 0.00102049
0 0.0230177 0.458953 0.0460354 0.341047 0.00102046
0 0.0528226 0.863427 0.105645 0.271261 0.00101818
0 0.975461 0.303094 0.0488443 0.17759 0.00101388
