0 0.605312 0.198857 0.447729 0.397659 0.731176
0 0.894652 0.588027 0.210696 0.324477 0.59022
0 0.699221 0.202314 0.601557 0.404628 0.516293
0 0.606558 0.991433 0.134429 0.0171018 0.0967713
0 0.60691 0.988172 0.171962 0.0235792 0.055467
0 0.0522406 0.310774 0.10443 0.143333 0.0453203
0 0.886237 0.521394 0.227012 0.460082 0.0291088
0 0.618105 0.984461 0.241171 0.0310777 0.0284528
0 0.966501 0.579878 0.0668324 0.340873 0.0138045
0 0.571757 0.987821 0.200371 0.0243425 0.00921241
0 0.607835 0.979216 0.282719 0.0415688 0.00848869
0 0.621308 0.993094 0.176824 0.0138111 0.00805854
0 0.0583305 0.334544 0.116661 0.239172 0.00805399
0 0.857941 0.240057 0.284118 0.478827 0.00712007
0 0.580937 0.991888 0.160719 0.0161771 0.00699015
0 0.976284 0.578105 0.0474236 0.322751 0.00531781
0 0.0248063 0.964839 0.0496125 0.0703158 0.00431488
0 0.567257 0.983802 0.31427 0.0321814 0.00329991
0 0.0410488 0.958169 0.0820576 0.0835353 0.00323836
0 0.0183389 0.959636 0.0366779 0.080606 0.00307222
0 0.603568 0.971728 0.373754 0.0565447 0.00277203
0 0.0223693 0.717098 0.0447374 0.132389 0.00255105
0 0.0213604 0.974778 0.0426477 0.0503795 0.00244893
0 0.0625118 0.241383 0.125024 0.376672 0.00221109
0 0.637403 0.98858 0.202225 0.0228404 0.00210947
0 0.0373536 0.939485 0.0747072 0.121029 0.00206843
0 0.547539 0.977966 0.348841 0.0439644 0.001556
0 0.0205924 0.723877 0.0411848 0.190087 0.00137876
0 0.0687729 0.936664 0.136946 0.126619 0.00133336
0 0.0562698 0.383868 0.11254 0.361895 0.00133108
0 0.0233491 0.695379 0.0466983 0.288544 0.00117446
0 0.523196 0.987654 0.20054 0.0246682 0.00100238
