0 0.515988 0.414263 0.0960599 0.123308 0.8543
0 0.288947 0.907419 0.255805 0.185097 0.131311
0 0.988527 0.795788 0.022771 0.118742 0.0105856
0 0.983623 0.869609 0.0325735 0.260781 0.00818312
0 0.947149 0.867947 0.105703 0.26291 0.00641801
0 0.96342 0.86475 0.0725141 0.270193 0.0049174
0 0.975448 0.866559 0.0487976 0.266881 0.00489055
0 0.984601 0.805926 0.0307255 0.158926 0.00348123
0 0.991109 0.789907 0.0177429 0.0987673 0.00261023
0 0.145553 0.0113437 0.191835 0.0226874 0.00162053
0 0.98851 0.928276 0.0229796 0.143448 0.00159144
0 0.136626 0.007885 0.155844 0.01577 0.00135864
0 0.991675 0.935602 0.0166491 0.128796 0.00117536
0 0.982263 0.911688 0.0354737 0.176624 0.00117495
0 0.977263 0.787347 0.0453932 0.276308 0.00100046
