0 0.379119 0.272473 0.179437 0.144948 0.867839
0 0.943498 0.079511 0.111581 0.158268 0.218817
0 0.679399 0.0370025 0.312865 0.074005 0.0633126
0 0.687693 0.0269571 0.303079 0.0538402 0.054601
0 0.754523 0.0236986 0.153708 0.0472804 0.0354152
0 0.682986 0.0488174 0.347927 0.0971766 0.0158352
0 0.380212 0.272878 0.21302 0.186114 0.0123749
0 0.00635306 0.581591 0.0126637 0.106072 0.00979772
0 0.940134 0.901266 0.11972 0.197467 0.00952278
0 0.0105682 0.589425 0.0210395 0.14046 0.00872102
0 0.722934 0.0319038 0.283468 0.0637751 0.00680014
0 0.933645 0.0962285 0.132596 0.192457 0.00676206
0 0.922147 0.879474 0.155589 0.241052 0.00550476
0 0.672055 0.0199029 0.334145 0.0396489 0.00488579
0 0.938924 0.85003 0.122141 0.299741 0.00413747
0 0.927553 0.925123 0.144893 0.149755 0.00388234
0 0.963204 0.896305 0.073504 0.207389 0.00221723
0 0.530721 0.983926 0.245584 0.0321453 0.0020825
0 0.889288 0.90471 0.220725 0.19058 0.0019297
0 0.735041 0.018476 0.164755 0.0369106 0.00180775
0 0.957733 0.837045 0.0844729 0.325909 0.00176167
0 0.524875 0.97795 0.283663 0.0441003 0.00175668
0 0.666085 0.0662977 0.378219 0.130559 0.00148841
0 0.0118777 0.586159 0.0237553 0.195744 0.00135835
0 0.037331 0.0365462 0.0745829 0.0729209 0.0012744
0 0.0105673 0.553677 0.0211345 0.178796 0.00126339
0 0.971815 0.856924 0.0563694 0.286153 0.00112837
0 0.0180345 0.872328 0.0360691 0.255344 0.00109101
0 0.742281 0.0129875 0.13834 0.0258948 0.00102089
0 0.0314616 0.0264957 0.0629231 0.0529915 0.00101474
