0 0.454773 0.326091 0.219256 0.223254 0.891406
0 0.960051 0.970912 0.0798337 0.0580078 0.0152324
0 0.445142 0.0159626 0.231762 0.0319097 0.0104367
0 0.946209 0.964183 0.107438 0.0716337 0.00740711
0 0.89615 0.0222027 0.2077 0.0444054 0.00545394
0 0.443343 0.0233678 0.33794 0.0467356 0.00431765
0 0.43597 0.0145313 0.173343 0.0290626 0.00400682
0 0.983027 0.450103 0.0339293 0.256746 0.00340223
0 0.976661 0.442271 0.0466777 0.286956 0.00274238
0 0.944503 0.950244 0.110994 0.0993948 0.00269501
0 0.0107405 0.918781 0.0214523 0.162438 0.00245975
0 0.422383 0.0168299 0.323634 0.0336248 0.00238021
0 0.895296 0.0163834 0.176347 0.03273 0.00217815
0 0.961338 0.938158 0.0772858 0.123685 0.00205368
0 0.950175 0.921612 0.0996491 0.156776 0.00205243
0 0.92404 0.947547 0.151921 0.104905 0.00204254
0 0.881235 0.021825 0.148012 0.0435356 0.00182455
0 0.965512 0.415604 0.0687467 0.397364 0.00153561
0 0.445435 0.032161 0.353735 0.0641743 0.00151782
0 0.160467 0.988855 0.202864 0.0221512 0.00149503
0 0.895771 0.011081 0.151424 0.022162 0.00131092
0 0.878308 0.933942 0.243384 0.132115 0.00127516
0 0.0068253 0.930098 0.0135823 0.139805 0.00123563
0 0.8638 0.0390231 0.27167 0.0780462 0.00120034
0 0.0486752 0.036342 0.0973504 0.072684 0.00111952
0 0.475814 0.0184834 0.322818 0.0369669 0.00109858
0 0.0136493 0.893172 0.0272567 0.213657 0.00107673
0 0.983254 0.516323 0.0334009 0.265158 0.00106667
0 0.162078 0.978011 0.324157 0.043977 0.00105411
0 0.150006 0.984118 0.297689 0.0317445 0.00101607
0 0.174731 0.993384 0.152738 0.01319 0.00100085
