0 0.922138 0.886508 0.155654 0.226985 0.0911573
0 0.939771 0.912344 0.120388 0.175312 0.0496008
0 0.915345 0.842896 0.169309 0.313857 0.0193348
0 0.204713 0.91827 0.407725 0.163415 0.0129463
0 0.221903 0.954122 0.391761 0.0917561 0.010329
0 0.226374 0.943996 0.452747 0.111978 0.0076497
0 0.089322 0.939867 0.178644 0.120266 0.00460429
0 0.821539 0.878513 0.355748 0.242975 0.00399342
0 0.0683056 0.956601 0.136611 0.0867985 0.00388155
0 0.228028 0.961523 0.313954 0.0769547 0.00382521
0 0.0587659 0.932626 0.117532 0.134748 0.00373839
0 0.245098 0.925266 0.490196 0.149287 0.00362259
0 0.0808449 0.915957 0.16169 0.168086 0.00301067
0 0.253237 0.905215 0.506473 0.189569 0.00289629
0 0.149022 0.912172 0.297717 0.175525 0.00274132
0 0.145278 0.942683 0.290164 0.114633 0.00271902
0 0.0493587 0.954259 0.0984564 0.0914826 0.00233958
0 0.479928 0.542524 0.220493 0.228827 0.00196581
0 0.826735 0.917976 0.34653 0.164017 0.00187836
0 0.254728 0.970648 0.296203 0.0586789 0.00144874
0 0.0508383 0.975257 0.101677 0.0494859 0.00140421
0 0.828027 0.035534 0.343945 0.0710679 0.00140254
0 0.828295 0.0241679 0.34341 0.0483359 0.00135546
0 0.284078 0.889216 0.568156 0.221568 0.00132908
0 0.983022 0.116854 0.0339569 0.233707 0.00127772
0 0.849378 0.0184647 0.301243 0.0369294 0.00113162
0 0.062729 0.987898 0.125458 0.0241802 0.00108187
0 0.803475 0.0162529 0.371585 0.0325058 0.00107376
0 0.444595 0.0248862 0.412218 0.0496422 0.00106689
0 0.336031 0.0261935 0.428936 0.0523869 0.00106356
0 0.974235 0.130572 0.0515305 0.261144 0.00105492
