0 0.202802 0.562261 0.267671 0.307017 0.501611
0 0.224837 0.557007 0.355084 0.351359 0.134725
0 0.98266 0.662151 0.034681 0.151196 0.0149339
0 0.98158 0.681773 0.0368401 0.0987965 0.0116742
0 0.959465 0.382764 0.0810655 0.270666 0.00655701
0 0.983583 0.647844 0.0328344 0.228138 0.00609355
0 0.977072 0.659217 0.045857 0.225305 0.00588334
0 0.980901 0.927127 0.0381975 0.144708 0.00218486
0 0.972067 0.948711 0.0558667 0.102461 0.00211125
0 0.988918 0.923023 0.0221649 0.153955 0.00198072
0 0.980992 0.689635 0.0379751 0.309297 0.00196745
0 0.258653 0.539559 0.431736 0.461157 0.0016895
0 0.504447 0.0121761 0.197965 0.0243522 0.00154439
0 0.496191 0.00874629 0.156446 0.0174926 0.00150826
0 0.975124 0.396367 0.0497528 0.337471 0.0014657
0 0.312421 0.684383 0.624843 0.631234 0.00146239
0 0.946532 0.94363 0.106936 0.112654 0.0014055
0 0.978023 0.847322 0.0439544 0.305355 0.00135848
0 0.982491 0.832851 0.0349435 0.207496 0.00134616
0 0.952929 0.925969 0.0940362 0.148062 0.00131809
0 0.943456 0.430413 0.113026 0.364204 0.00124975
0 0.985879 0.687443 0.028241 0.105557 0.00111746
0 0.992647 0.93274 0.0147053 0.134521 0.00110726
0 0.968376 0.654776 0.0632293 0.281973 0.00106539
0 0.514912 0.0256945 0.235454 0.051344 0.00100747
0 0.968676 0.92408 0.0626475 0.15184 0.00100159
