0 0.459882 0.345755 0.166654 0.156767 0.861369
0 0.669961 0.987439 0.143504 0.0251126 0.0143855
0 0.735503 0.983999 0.303598 0.0320027 0.00893463
0 0.123867 0.982011 0.247734 0.0359788 0.00730827
0 0.141452 0.9841 0.282904 0.031801 0.00664893
0 0.729046 0.97668 0.351507 0.0466409 0.00475259
0 0.667933 0.991575 0.13647 0.0168447 0.00444715
0 0.473171 0.984422 0.334973 0.0311564 0.00332692
0 0.062487 0.986705 0.124974 0.0264757 0.00315985
0 0.153035 0.977278 0.306071 0.0454444 0.00264983
0 0.686084 0.984578 0.194685 0.0307529 0.0026045
0 0.120429 0.97201 0.240646 0.0556087 0.0025485
0 0.459567 0.34709 0.201258 0.191265 0.00246249
0 0.171793 0.984605 0.306206 0.0307897 0.0022154
0 0.0221501 0.436693 0.0442938 0.142332 0.00212039
0 0.0602749 0.992732 0.12055 0.0145364 0.00178036
0 0.474373 0.978426 0.379522 0.0431489 0.00175928
0 0.0227507 0.456434 0.0454574 0.229936 0.00163315
0 0.489652 0.96888 0.398194 0.0620389 0.00155162
0 0.539997 0.984523 0.27712 0.0308651 0.00149289
0 0.16568 0.969044 0.331359 0.0619117 0.00141909
0 0.621341 0.984225 0.368278 0.0312667 0.00141367
0 0.0185599 0.471441 0.037115 0.280576 0.00126005
0 0.0530948 0.98615 0.10619 0.0276991 0.00122154
0 0.741266 0.968259 0.386847 0.0632578 0.00122065
0 0.414868 0.984541 0.338086 0.0309175 0.00122043
0 0.618978 0.987134 0.198334 0.0257105 0.00114374
0 0.058172 0.979764 0.115828 0.040472 0.00114128
0 0.177203 0.978747 0.354405 0.0425053 0.00110643
0 0.192551 0.963334 0.385102 0.0732853 0.00106768
0 0.0282227 0.45411 0.0564126 0.268063 0.00104266
0 0.107324 0.987983 0.198168 0.0239934 0.00103472
