0 0.333823 0.387966 0.138633 0.158848 0.887895
0 0.982575 0.85738 0.0346572 0.28524 0.00817764
0 0.791064 0.983466 0.252984 0.0330272 0.00503756
0 0.733169 0.979166 0.248388 0.0414226 0.0034437
0 0.981297 0.454755 0.0372956 0.18213 0.00335021
0 0.754364 0.98064 0.185956 0.0384637 0.00316374
0 0.975861 0.850379 0.048278 0.299242 0.00312943
0 0.776812 0.978122 0.275278 0.0437564 0.00253404
0 0.941021 0.0184224 0.117921 0.0366871 0.0016111
0 0.94788 0.048433 0.104192 0.0952172 0.00152684
0 0.926756 0.0237254 0.146401 0.0469873 0.00106687
