0 0.670123 0.210591 0.411812 0.41094 0.899703
0 0.922049 0.983548 0.155679 0.0326006 0.0174185
0 0.869615 0.964573 0.26077 0.070796 0.0132239
0 0.904813 0.977351 0.190374 0.0452985 0.00967952
0 0.9404 0.987131 0.119201 0.0257374 0.00696526
0 0.892271 0.984561 0.215457 0.0308782 0.00545164
0 0.889193 0.928342 0.221614 0.143217 0.00534648
0 0.802485 0.983704 0.150763 0.0325048 0.00441095
0 0.883667 0.978664 0.232666 0.0426722 0.00438586
0 0.928294 0.988153 0.143411 0.0236934 0.00433284
0 0.927379 0.971123 0.145239 0.0573695 0.00313359
0 0.861147 0.943011 0.277706 0.113627 0.00308672
0 0.799083 0.991259 0.116814 0.0174515 0.00243263
0 0.80641 0.98669 0.188891 0.026621 0.00225654
0 0.488549 0.978068 0.228004 0.0438495 0.00202599
0 0.492563 0.973149 0.299669 0.0535666 0.00191109
0 0.467615 0.976345 0.16415 0.0472572 0.00145483
0 0.525173 0.982246 0.354585 0.0354214 0.00138398
0 0.937989 0.991349 0.124021 0.0171218 0.00100456
