0 0.505956 0.50858 0.318187 0.330444 0.518706
0 0.49975 0.508611 0.379229 0.409255 0.0214273
0 0.175157 0.0534623 0.349859 0.106925 0.00274259
0 0.444531 0.0433581 0.586425 0.0867162 0.00232537
0 0.0841127 0.0615399 0.168225 0.123006 0.00222249
0 0.0877235 0.0947378 0.175447 0.189476 0.00191901
0 0.843391 0.0370845 0.313218 0.0741691 0.00167628
0 0.497953 0.0568346 0.661334 0.113669 0.00163784
0 0.162329 0.0895769 0.323903 0.179154 0.00145293
0 0.307503 0.959563 0.615006 0.0808728 0.00138117
0 0.0804366 0.12838 0.160873 0.25615 0.00135693
0 0.0238022 0.194313 0.0476044 0.388627 0.00128736
0 0.0617706 0.0382354 0.123496 0.0762449 0.00124657
0 0.740497 0.956926 0.513008 0.0861484 0.00117105
0 0.854056 0.0234199 0.291888 0.0468399 0.00116015
0 0.0151319 0.17569 0.0302639 0.351044 0.001137
0 0.967946 0.343395 0.0640219 0.578474 0.00112335
0 0.835899 0.0272552 0.328201 0.0544272 0.00108964
0 0.66485 0.966414 0.627739 0.0670801 0.00108771
0 0.847823 0.0113771 0.216363 0.0227542 0.00104316
0 0.0830517 0.0416665 0.166103 0.0833329 0.00103673
0 0.323149 0.916727 0.646298 0.166498 0.00103303
0 0.144184 0.0270193 0.288367 0.0540385 0.00102182
0 0.519924 0.01144 0.215382 0.0228447 0.00101275
