0 0.209111 0.251087 0.417222 0.502175 0.166697
0 0.184881 0.713138 0.364461 0.336476 0.0642237
0 0.0445632 0.481773 0.089072 0.309415 0.0404013
0 0.490969 0.573519 0.357774 0.319556 0.0239096
0 0.0403372 0.477336 0.0806745 0.237746 0.0187766
0 0.0500835 0.445579 0.100125 0.496723 0.0139571
0 0.0652831 0.444561 0.130566 0.56121 0.00646742
0 0.967188 0.741909 0.0654068 0.506083 0.00294625
0 0.0359857 0.440958 0.0719714 0.351511 0.00290194
0 0.983347 0.725126 0.0333058 0.345809 0.00146275
0 0.0335432 0.831567 0.0670863 0.307697 0.00135636
0 0.209616 0.899076 0.419232 0.201799 0.00124193
0 0.0256716 0.825531 0.0513433 0.281541 0.00107973
0 0.222691 0.916859 0.346522 0.166281 0.00106523
0 0.0428961 0.80373 0.0857923 0.392016 0.00100939
