0 0.493012 0.238692 0.309074 0.307548 0.930242
0 0.962905 0.883598 0.0741773 0.107501 0.204474
0 0.816954 0.11901 0.190242 0.238021 0.0715524
0 0.976857 0.728195 0.0462859 0.168812 0.00624434
0 0.0103743 0.0668769 0.0207486 0.133754 0.0060046
0 0.960458 0.884682 0.0790834 0.154217 0.00553017
0 0.00746681 0.0587285 0.014903 0.117457 0.00463627
0 0.399825 0.970538 0.224202 0.058913 0.00386887
0 0.417009 0.96565 0.323336 0.0686882 0.0032553
0 0.974002 0.72638 0.0519022 0.229668 0.00322833
0 0.976254 0.974684 0.0474916 0.0503597 0.00252434
0 0.00877676 0.0680529 0.0174961 0.136106 0.00226756
0 0.923502 0.627657 0.152334 0.139539 0.00225528
0 0.921687 0.675783 0.156626 0.311996 0.00211421
0 0.377789 0.983796 0.181316 0.032407 0.00166031
0 0.961821 0.863156 0.0758965 0.255154 0.00164746
0 0.833902 0.158495 0.166943 0.16021 0.00131723
0 0.385951 0.976924 0.206084 0.0461528 0.00130316
0 0.027228 0.263582 0.054456 0.348834 0.00128975
0 0.963984 0.690239 0.0718579 0.317277 0.0012658
0 0.372568 0.992532 0.168161 0.0148075 0.00113685
0 0.0194187 0.253647 0.0388373 0.316929 0.00110953
0 0.964738 0.907713 0.0705094 0.184574 0.00104261
