0 0.435024 0.183159 0.216164 0.216892 0.882225
0 0.972702 0.646349 0.0545492 0.277073 0.541288
0 0.966149 0.643099 0.0677028 0.35057 0.151091
0 0.96021 0.592219 0.0795807 0.465403 0.0398333
0 0.971809 0.679989 0.0560791 0.191791 0.038007
0 0.939743 0.576034 0.120465 0.479254 0.0164813
0 0.978671 0.64542 0.0426259 0.247919 0.00926681
0 0.143715 0.782956 0.142587 0.171968 0.00884039
0 0.432082 0.180698 0.282983 0.284237 0.0080393
0 0.944751 0.697842 0.110391 0.481047 0.00704315
0 0.194677 0.826217 0.38905 0.347523 0.00699552
0 0.145365 0.765916 0.133454 0.125938 0.00694446
0 0.716122 0.358629 0.152707 0.198889 0.0062383
0 0.859365 0.127185 0.281214 0.254369 0.00455998
0 0.621498 0.905833 0.273895 0.188335 0.00452633
0 0.929694 0.0758985 0.140611 0.150727 0.00388554
0 0.908742 0.93414 0.179348 0.13172 0.00350157
0 0.982489 0.614625 0.0349975 0.287385 0.00335101
0 0.617049 0.851825 0.117503 0.0893946 0.0031988
0 0.697078 0.951538 0.101935 0.0931696 0.00281892
0 0.858087 0.0897468 0.283826 0.179494 0.00280269
0 0.977481 0.609039 0.0449061 0.335811 0.0024397
0 0.653856 0.893588 0.379435 0.212825 0.00232213
0 0.89957 0.141057 0.20086 0.282115 0.0022166
0 0.137994 0.833786 0.275988 0.317719 0.00217845
0 0.908926 0.0648397 0.181753 0.129439 0.00191557
0 0.970052 0.711977 0.0596746 0.258702 0.00188956
0 0.894421 0.0978508 0.211086 0.195589 0.00179459
0 0.378852 0.862145 0.150527 0.174669 0.0017742
0 0.972912 0.70132 0.0539002 0.1236 0.00156005
0 0.983191 0.547372 0.0335693 0.337723 0.00155019
0 0.488142 0.471563 0.151602 0.147143 0.00150769
0 0.870228 0.0163155 0.259545 0.0326309 0.00144392
0 0.62283 0.937029 0.252232 0.125353 0.0013943
0 0.665969 0.947185 0.173556 0.104602 0.00139011
0 0.906247 0.542801 0.187507 0.571448 0.00137771
0 0.0320926 0.0991951 0.0639368 0.195187 0.00135352
0 0.0104829 0.919781 0.020951 0.160438 0.00130453
0 0.0107721 0.0739675 0.0213665 0.147333 0.00123716
0 0.79914 0.639727 0.380615 0.334531 0.00119576
0 0.84684 0.177917 0.306321 0.355835 0.00116329
0 0.863002 0.0241575 0.273995 0.048315 0.00107606
0 0.924052 0.129345 0.151897 0.257989 0.00107587
0 0.599298 0.853272 0.154439 0.0996368 0.00105972
0 0.6981 0.885727 0.53638 0.228546 0.00104323
0 0.976747 0.547195 0.0465051 0.36345 0.00102633
0 0.0244911 0.0753775 0.0489818 0.146408 0.00102278
0 0.719055 0.333584 0.112658 0.131681 0.00101192
0 0.89153 0.0525265 0.21694 0.104801 0.00100571
0 0.344635 0.984451 0.125172 0.0309794 0.00100177
0 0.346371 0.978998 0.177033 0.0420012 0.00100145
