0 0.43554 0.273934 0.25084 0.282077 0.885239
0 0.658726 0.954709 0.125472 0.0905817 0.0454367
0 0.988755 0.188652 0.0224442 0.194245 0.0108453
0 0.992583 0.185899 0.0148343 0.14457 0.00949261
0 0.979611 0.0653129 0.0406404 0.130626 0.0025228
0 0.955917 0.0674623 0.088146 0.134925 0.00234093
0 0.945962 0.0507799 0.108011 0.10156 0.00204373
0 0.969028 0.0530391 0.0618662 0.106078 0.00199206
0 0.924759 0.04347 0.150481 0.08694 0.00180206
0 0.655627 0.947959 0.156219 0.10395 0.00164645
0 0.993051 0.21432 0.0138975 0.184626 0.00163148
0 0.934396 0.0814956 0.130922 0.162991 0.00159796
0 0.984485 0.173031 0.0310049 0.223703 0.00156644
0 0.962946 0.0422903 0.074109 0.0845807 0.00128598
