0 0.505259 0.212596 0.130909 0.14003 0.90644
0 0.919232 0.979197 0.147769 0.0416051 0.0888558
0 0.899476 0.975051 0.201047 0.0498861 0.0522054
0 0.889343 0.980565 0.221314 0.0388126 0.0471727
0 0.984441 0.83454 0.0311188 0.188606 0.0194423
0 0.896867 0.983896 0.128462 0.0321665 0.0162747
0 0.86794 0.970707 0.264121 0.0585177 0.0148228
0 0.985428 0.859801 0.029144 0.105812 0.0126475
0 0.892932 0.986287 0.17358 0.0273626 0.00923082
0 0.981866 0.867513 0.0362676 0.227856 0.00916404
0 0.97735 0.837851 0.0453 0.28394 0.00794442
0 0.921555 0.957135 0.156586 0.0857294 0.0075055
0 0.853716 0.958796 0.29209 0.0824041 0.00581956
0 0.951828 0.953914 0.0963448 0.0921721 0.00415162
0 0.983107 0.816779 0.0337855 0.25166 0.00411048
0 0.641227 0.929441 0.174771 0.139152 0.00407434
0 0.986789 0.86428 0.0264224 0.156377 0.00398692
0 0.929956 0.983561 0.140089 0.0326864 0.00335668
0 0.966946 0.802866 0.0658289 0.389565 0.00293612
0 0.973516 0.868597 0.0529686 0.262805 0.00251179
0 0.974102 0.937919 0.0517968 0.124012 0.00247761
0 0.923749 0.935493 0.152501 0.128969 0.00232564
0 0.937674 0.991381 0.110911 0.0172371 0.00223867
0 0.988839 0.832308 0.0223212 0.214085 0.00208961
0 0.890891 0.938428 0.218211 0.123009 0.00203549
0 0.978403 0.908527 0.0431933 0.182631 0.00197332
0 0.966694 0.908593 0.0666122 0.182814 0.00190532
0 0.989546 0.864236 0.0209088 0.137461 0.00187309
0 0.931804 0.892467 0.136392 0.215066 0.00169667
0 0.983845 0.655184 0.0322361 0.285643 0.00152779
0 0.626588 0.934976 0.240348 0.130048 0.00152626
0 0.992188 0.844124 0.0156246 0.160205 0.00147176
0 0.938022 0.987781 0.123956 0.024245 0.0014205
0 0.96423 0.823569 0.0714478 0.272002 0.0013172
0 0.139282 0.0155679 0.278564 0.0311358 0.00125137
0 0.837959 0.94124 0.323925 0.117322 0.0012508
0 0.97406 0.796815 0.0518801 0.292394 0.0011622
0 0.977058 0.643009 0.0458835 0.363869 0.00114219
