0 0.085566 0.936763 0.171132 0.126048 0.0840683
0 0.138129 0.935621 0.27612 0.128657 0.0545822
0 0.201035 0.92521 0.40207 0.149397 0.0521562
0 0.0889153 0.897708 0.177668 0.202847 0.0193537
0 0.223344 0.0137222 0.202753 0.0274444 0.00656645
0 0.278538 0.0376254 0.557076 0.0752509 0.00603441
0 0.236164 0.0155191 0.30986 0.0310286 0.00539081
0 0.263392 0.0231173 0.378572 0.0462345 0.00387032
0 0.226704 0.0328657 0.421545 0.0654489 0.00371299
0 0.523205 0.0492545 0.330295 0.0982467 0.00330175
0 0.252942 0.909032 0.505884 0.181802 0.0030295
0 0.0676557 0.83456 0.13503 0.330029 0.0027779
0 0.225005 0.0120505 0.156599 0.0241009 0.00272006
0 0.965534 0.179993 0.0687046 0.356721 0.00269376
0 0.0519044 0.807714 0.103669 0.383544 0.00265212
0 0.581815 0.0710392 0.558183 0.142078 0.00262736
0 0.608617 0.0976401 0.526277 0.195182 0.00245836
0 0.504611 0.0446506 0.496576 0.0893012 0.00212037
0 0.299804 0.0503411 0.599608 0.100557 0.00199581
0 0.938838 0.176283 0.122281 0.35128 0.00184614
0 0.374894 0.0415021 0.626486 0.0830042 0.00177953
0 0.115645 0.824942 0.231289 0.349194 0.0017714
0 0.115416 0.0196094 0.230831 0.0391967 0.00154633
0 0.95341 0.156012 0.0928183 0.311601 0.00147332
0 0.261993 0.935222 0.523986 0.129287 0.00147238
0 0.148389 0.0161655 0.296778 0.0323307 0.00141766
0 0.901186 0.0810697 0.197628 0.162139 0.00138731
0 0.75103 0.964792 0.481911 0.0704161 0.00129637
0 0.0244258 0.126374 0.0488516 0.250481 0.00129578
0 0.871943 0.0506663 0.255608 0.101333 0.00128877
0 0.926913 0.140177 0.146175 0.280354 0.00128749
0 0.326985 0.971681 0.380991 0.0566105 0.00127589
0 0.148314 0.0324523 0.290305 0.0649047 0.00126541
0 0.320691 0.979765 0.337665 0.040471 0.00126059
0 0.143505 0.0231992 0.287009 0.0463985 0.00120919
0 0.520939 0.0436431 0.246324 0.0872863 0.00120173
0 0.165638 0.0233539 0.331276 0.0466105 0.00119396
0 0.536854 0.0304528 0.382282 0.0608329 0.00108942
0 0.974974 0.0593627 0.0499766 0.118725 0.00108716
0 0.282008 0.958721 0.564016 0.0824381 0.00107135
0 0.07604 0.788965 0.15208 0.42207 0.00102821
