0 0.485152 0.559698 0.242189 0.23268 0.0848633
0 0.933622 0.487526 0.132614 0.440083 0.0710442
0 0.944241 0.469402 0.111491 0.351268 0.0639822
0 0.918119 0.527791 0.163763 0.549258 0.0466449
0 0.910619 0.608952 0.178569 0.609265 0.018797
0 0.950528 0.436557 0.0989445 0.467199 0.0154979
0 0.159351 0.886773 0.306458 0.225197 0.0126978
0 0.955453 0.639513 0.0890944 0.591821 0.0103843
0 0.954736 0.480484 0.0905282 0.297441 0.0103745
0 0.98343 0.667695 0.0331402 0.362918 0.0077339
0 0.962416 0.470568 0.0751368 0.214179 0.00625555
0 0.966405 0.686359 0.0670567 0.519635 0.00600191
0 0.976816 0.664501 0.0463686 0.399819 0.00594894
0 0.584942 0.958078 0.461802 0.0838439 0.00588288
0 0.917667 0.411426 0.164666 0.621687 0.00532341
0 0.618303 0.975487 0.264619 0.0487101 0.00495719
0 0.615016 0.972736 0.3477 0.0544634 0.00409296
0 0.982298 0.710226 0.0353403 0.250182 0.00395276
0 0.0410303 0.282893 0.0817009 0.565787 0.00337375
0 0.56287 0.934473 0.528359 0.130931 0.00333807
0 0.967213 0.195315 0.0655738 0.390207 0.00240789
0 0.965652 0.692484 0.0686964 0.356616 0.00238441
0 0.753362 0.0394769 0.489277 0.0789538 0.00234687
0 0.622746 0.950356 0.361102 0.0992875 0.00229793
0 0.737 0.965293 0.525999 0.0693847 0.00229277
0 0.524936 0.964238 0.618146 0.0714927 0.00219046
0 0.579225 0.97872 0.380933 0.0422935 0.00215383
0 0.0460575 0.207686 0.0919515 0.413119 0.00195561
0 0.974658 0.738108 0.0506003 0.383695 0.00194143
0 0.959989 0.347873 0.07987 0.632178 0.00191976
0 0.0704546 0.0766548 0.140909 0.15331 0.00178429
0 0.967939 0.514497 0.0640256 0.362843 0.00177982
0 0.948297 0.0954883 0.10327 0.190977 0.00175102
0 0.692786 0.913164 0.534128 0.173523 0.00172495
0 0.879186 0.965566 0.241 0.0688157 0.00163963
0 0.91519 0.0984396 0.169445 0.196879 0.00156603
0 0.0262376 0.254904 0.0524753 0.416242 0.00145545
0 0.344998 0.962077 0.546952 0.0757904 0.00145393
0 0.474644 0.0377142 0.575645 0.0754285 0.00145383
0 0.649128 0.981252 0.352825 0.0374953 0.00145364
0 0.0574758 0.295045 0.114913 0.59009 0.00144904
0 0.95643 0.138859 0.087132 0.277616 0.00143975
0 0.960931 0.896736 0.0780778 0.206499 0.00139371
0 0.966203 0.848785 0.0673964 0.301764 0.00137676
0 0.040124 0.38673 0.0797407 0.634478 0.00136099
0 0.967921 0.782611 0.063309 0.432008 0.00135149
0 0.645859 0.965797 0.382978 0.0684054 0.00134012
0 0.0668786 0.0204614 0.133757 0.0408345 0.00131677
0 0.653806 0.038544 0.605187 0.0770879 0.00130975
0 0.739141 0.977033 0.420456 0.0457819 0.00127101
0 0.909723 0.935721 0.180305 0.128559 0.00125563
0 0.946892 0.709934 0.106104 0.580132 0.00123877
0 0.0502356 0.0441675 0.100471 0.0879138 0.00121495
0 0.112297 0.0693455 0.224274 0.138691 0.00121379
0 0.620044 0.92591 0.375084 0.147911 0.00119954
0 0.799324 0.965218 0.401353 0.0695646 0.00115135
0 0.0766721 0.0281877 0.153288 0.0560777 0.0011367
0 0.0560237 0.165904 0.112047 0.331809 0.00111278
0 0.161553 0.0530867 0.32275 0.106173 0.00109008
0 0.86108 0.0600908 0.27722 0.120182 0.00106898
0 0.0691923 0.0374027 0.138385 0.0748054 0.00105884
0 0.89108 0.530141 0.217419 0.622445 0.00104899
0 0.939269 0.188421 0.121448 0.376288 0.00102809
