0 0.480249 0.454077 0.2594 0.199333 0.143548
0 0.316223 0.0194731 0.207198 0.0388685 0.0440038
0 0.305426 0.023948 0.285052 0.047896 0.0270794
0 0.307703 0.0379118 0.356679 0.0758236 0.0268102
0 0.484966 0.452762 0.294343 0.270954 0.0248373
0 0.296106 0.0169921 0.268057 0.0339685 0.0153289
0 0.330089 0.0197763 0.145406 0.039525 0.0124172
0 0.971734 0.282464 0.0565318 0.231906 0.0109108
0 0.966364 0.271916 0.0672119 0.357738 0.0107793
0 0.349151 0.0220314 0.256449 0.0440627 0.00846674
0 0.359134 0.0332502 0.377053 0.0665003 0.00816432
0 0.97981 0.26991 0.0403266 0.185478 0.00691373
0 0.333819 0.0417679 0.506351 0.0834884 0.00638507
0 0.361623 0.0253023 0.324851 0.0506047 0.0049249
0 0.263366 0.0113869 0.210296 0.0227738 0.00378764
0 0.982603 0.240645 0.0347347 0.293673 0.00330151
0 0.317911 0.0115915 0.164801 0.0230669 0.00299155
0 0.347219 0.971751 0.159595 0.0564449 0.00267186
0 0.329818 0.972882 0.24403 0.0542351 0.00266435
0 0.267868 0.00899816 0.157331 0.0179963 0.00263152
0 0.953521 0.263241 0.0928872 0.457335 0.00239432
0 0.038835 0.604715 0.07767 0.161361 0.00229325
0 0.976659 0.235521 0.0466815 0.341816 0.00214843
0 0.979342 0.307847 0.0412557 0.320521 0.00208655
0 0.30119 0.955868 0.354491 0.0881364 0.00204163
0 0.335193 0.0529764 0.581308 0.105776 0.00183816
0 0.308936 0.98122 0.309646 0.0375609 0.00172575
0 0.327361 0.968366 0.315251 0.0632679 0.00170736
0 0.946053 0.94034 0.107893 0.119182 0.00156873
0 0.971337 0.317212 0.0572045 0.354644 0.00154224
0 0.0377227 0.61188 0.0754454 0.304796 0.00144125
0 0.0453573 0.52162 0.0903966 0.483929 0.0014331
0 0.958448 0.879896 0.0830841 0.240171 0.001296
0 0.960028 0.336704 0.0798779 0.53488 0.0012734
0 0.335648 0.961853 0.481515 0.0760906 0.00125974
0 0.984023 0.434977 0.0319074 0.28637 0.00125546
0 0.0170624 0.633112 0.0341248 0.310437 0.00121731
0 0.0701046 0.0119006 0.140209 0.0238012 0.00120673
0 0.941449 0.912675 0.116885 0.174649 0.00114256
0 0.0262925 0.611567 0.0525851 0.248685 0.00106951
0 0.293293 0.00817147 0.183047 0.0163429 0.00106897
0 0.549231 0.978196 0.118351 0.0436077 0.00103187
0 0.263975 0.952165 0.466781 0.0956709 0.00100768
