0 0.423703 0.440152 0.113134 0.117694 0.271337
0 0.421882 0.441396 0.142358 0.150084 0.0334478
0 0.149823 0.917691 0.298692 0.164542 0.0128554
0 0.080265 0.941671 0.154295 0.115633 0.00493822
0 0.109042 0.940642 0.215146 0.118716 0.00326576
0 0.222921 0.909691 0.444406 0.180537 0.0025745
0 0.891333 0.140986 0.217333 0.281923 0.00223859
0 0.918601 0.0963893 0.162673 0.189474 0.00216989
0 0.107107 0.979487 0.211799 0.0410244 0.00163852
0 0.904971 0.0618099 0.18994 0.12362 0.00160168
0 0.866765 0.0468362 0.266015 0.0936725 0.00156362
0 0.935463 0.0672711 0.128906 0.134542 0.00141278
0 0.143271 0.948867 0.286542 0.102265 0.00137925
0 0.297491 0.0380028 0.534132 0.0760055 0.0013373
0 0.858757 0.0156491 0.282485 0.0312982 0.00133458
0 0.867633 0.0894453 0.264734 0.17879 0.00125055
0 0.0903273 0.894852 0.180655 0.210296 0.00122944
0 0.297208 0.958437 0.594415 0.0831176 0.00115181
0 0.847824 0.0241706 0.304352 0.0483413 0.00108984
0 0.341502 0.980919 0.161473 0.0381626 0.00108148
0 0.12603 0.878987 0.25206 0.241672 0.00100944
