0 0.639504 0.139408 0.381828 0.278526 0.908895
0 0.00972825 0.525963 0.0194565 0.204941 0.00252665
0 0.979711 0.485452 0.0405773 0.252139 0.00185251
0 0.983803 0.909749 0.0323102 0.180384 0.00182351
0 0.366563 0.854294 0.249156 0.274557 0.00178603
0 0.00638844 0.538828 0.0127576 0.143272 0.00141013
0 0.0245096 0.71013 0.0489876 0.27399 0.00137445
0 0.976156 0.491541 0.0476884 0.31563 0.0012603
0 0.0157874 0.722573 0.0315589 0.254111 0.0012558
0 0.652818 0.98709 0.135462 0.0258195 0.0012464
0 0.965949 0.534918 0.0679001 0.433555 0.00121766
0 0.0131659 0.534538 0.0263317 0.275972 0.00120762
0 0.0111028 0.0930995 0.0221876 0.186199 0.00108824
0 0.982302 0.883148 0.0353532 0.233705 0.00101587
