0 0.529265 0.235874 0.159998 0.178137 0.922866
0 0.913208 0.937214 0.120129 0.125572 0.774164
0 0.507586 0.815087 0.20496 0.205475 0.11599
0 0.984164 0.941607 0.0315857 0.114747 0.0774867
0 0.520031 0.968902 0.266383 0.0621412 0.0586035
0 0.992648 0.0393426 0.0145096 0.0786853 0.0515262
0 0.992779 0.0404514 0.0144422 0.0809027 0.0479337
0 0.987256 0.0479874 0.0254521 0.0959749 0.0311278
0 0.98887 0.0546136 0.0222607 0.109227 0.0261371
0 0.977334 0.937045 0.0453311 0.125909 0.0258009
0 0.529965 0.961073 0.321337 0.0778539 0.0231959
0 0.965336 0.915006 0.0691807 0.169804 0.0190842
0 0.506357 0.811752 0.240409 0.255142 0.0176519
0 0.978802 0.0421116 0.0423951 0.0842233 0.0167132
0 0.902571 0.930271 0.194859 0.139458 0.0142645
0 0.0210781 0.801709 0.0421562 0.183453 0.0142629
0 0.0157404 0.802301 0.031478 0.255951 0.0133837
0 0.02122 0.810754 0.0424399 0.269562 0.013095
0 0.988479 0.94524 0.0230393 0.10952 0.0089513
0 0.987186 0.931291 0.0254812 0.137418 0.00798277
0 0.954672 0.93071 0.0906551 0.13858 0.00762741
0 0.923592 0.764325 0.152815 0.270863 0.00751156
0 0.969756 0.0410257 0.0604883 0.0820515 0.00593143
0 0.503822 0.969517 0.177741 0.0609661 0.00560733
0 0.94833 0.0403677 0.10334 0.0807354 0.00548412
0 0.0275302 0.816709 0.0550149 0.234645 0.00492907
0 0.937832 0.0490727 0.124336 0.0981454 0.00442138
0 0.911095 0.50038 0.177712 0.315055 0.00406346
0 0.530897 0.947071 0.411657 0.105707 0.00369723
0 0.954867 0.0529217 0.0901444 0.105843 0.00358487
0 0.914968 0.909171 0.170065 0.181545 0.00333707
0 0.983719 0.920909 0.0324311 0.158182 0.00324832
0 0.0215338 0.828324 0.0429683 0.118124 0.0030673
0 0.0109999 0.760571 0.0218703 0.155126 0.00269466
0 0.912678 0.797979 0.174578 0.404041 0.00243658
0 0.0440304 0.823967 0.0880608 0.337736 0.00210926
0 0.981465 0.0660129 0.0370706 0.132026 0.00200319
0 0.017678 0.858768 0.035356 0.23167 0.00199775
0 0.00639007 0.753859 0.0127801 0.115345 0.00194812
0 0.0331056 0.825293 0.0661676 0.290483 0.0019397
0 0.954313 0.0774869 0.0913424 0.154931 0.00190417
0 0.952596 0.90217 0.0948075 0.195661 0.00181102
0 0.0908442 0.993472 0.163001 0.0129738 0.00175769
0 0.0103107 0.239258 0.0206214 0.186468 0.00156021
0 0.0103939 0.791341 0.0207878 0.205266 0.00155002
0 0.0107453 0.570161 0.0214646 0.20253 0.00153493
0 0.950253 0.00835258 0.0994949 0.0167052 0.00142379
0 0.0137469 0.915729 0.0273795 0.117954 0.00135518
0 0.237923 0.877812 0.25003 0.239317 0.00133599
0 0.951892 0.504798 0.0960915 0.398289 0.00128998
0 0.982706 0.296661 0.0345875 0.346397 0.00124514
0 0.938947 0.0115297 0.122106 0.0230592 0.00120282
0 0.931742 0.0801065 0.136481 0.160167 0.0011829
0 0.949305 0.0257739 0.10139 0.0514568 0.00116867
0 0.00642644 0.783764 0.0128257 0.165929 0.00115807
0 0.556382 0.970685 0.195895 0.0586307 0.00115767
0 0.940362 0.00728429 0.119276 0.0145686 0.00114782
0 0.931739 0.735157 0.136523 0.199987 0.00114066
0 0.0933465 0.988488 0.186693 0.0229616 0.00113981
0 0.971107 0.0703548 0.0577044 0.14071 0.00111148
0 0.963704 0.289311 0.072463 0.419924 0.00110962
0 0.00707591 0.918425 0.0140641 0.106602 0.00110557
0 0.444362 0.955193 0.480897 0.0895944 0.00104697
0 0.993012 0.0626812 0.0139754 0.125362 0.00104204
0 0.488423 0.979133 0.164916 0.0416399 0.00102302
