0 0.218253 0.373048 0.277831 0.260658 0.22663
0 0.537609 0.426299 0.27385 0.272846 0.101134
0 0.113772 0.0801543 0.227178 0.160309 0.0217686
0 0.112983 0.0554273 0.225057 0.110855 0.0132445
0 0.0351257 0.26604 0.0702514 0.328629 0.0116232
0 0.0413015 0.258314 0.0824021 0.493034 0.0106878
0 0.100867 0.115402 0.201735 0.230237 0.00983853
0 0.149578 0.104595 0.298895 0.209191 0.00825037
0 0.0227066 0.290126 0.0454133 0.320161 0.00622529
0 0.0300542 0.257989 0.0601084 0.260616 0.005219
0 0.0966795 0.0428125 0.193359 0.0855893 0.00387438
0 0.47768 0.962671 0.551388 0.074607 0.00368828
0 0.0545386 0.27693 0.109077 0.553861 0.00349033
0 0.0289785 0.308922 0.0579264 0.360105 0.00278204
0 0.12825 0.0483627 0.2565 0.0967254 0.00277286
0 0.368622 0.775805 0.52086 0.4398 0.00266863
0 0.215396 0.373973 0.324831 0.322524 0.00240055
0 0.0353261 0.0603953 0.0705363 0.120791 0.00236338
0 0.0444189 0.0311 0.0888379 0.0620561 0.00220259
0 0.20766 0.0814469 0.415321 0.162894 0.00212109
0 0.479005 0.9691 0.304925 0.0611222 0.00211028
0 0.0232832 0.418196 0.0465517 0.366523 0.00209773
0 0.195008 0.363016 0.236281 0.209678 0.00205782
0 0.0696852 0.0329939 0.13937 0.0657766 0.00202806
0 0.407867 0.955956 0.565299 0.0880299 0.00195486
0 0.929819 0.0833467 0.140181 0.166693 0.00191522
0 0.0151392 0.422492 0.0302783 0.294698 0.00189313
0 0.0514167 0.0566149 0.102833 0.113026 0.00187855
0 0.0467035 0.338452 0.0930377 0.588754 0.00186783
0 0.0254642 0.846738 0.0509284 0.306524 0.00175232
0 0.100754 0.168183 0.201509 0.335601 0.00171471
0 0.967302 0.198801 0.0653969 0.397603 0.00169176
0 0.0373769 0.400141 0.0747539 0.374754 0.00166073
0 0.015969 0.860442 0.031938 0.279116 0.00158096
0 0.0235101 0.800014 0.0470075 0.399972 0.00157728
0 0.600675 0.96493 0.591224 0.0701234 0.00155594
0 0.955758 0.162379 0.0881764 0.324758 0.00154108
0 0.481008 0.983192 0.252209 0.0336152 0.00153584
0 0.0149257 0.825619 0.0298514 0.314572 0.00144326
0 0.0275806 0.215582 0.0551612 0.383571 0.00143382
0 0.103016 0.0249926 0.163053 0.0499851 0.00140964
0 0.0307232 0.0397055 0.0614224 0.0794109 0.00138287
0 0.239665 0.0511497 0.478411 0.102299 0.00134582
0 0.935396 0.1319 0.129209 0.263557 0.00133614
0 0.12715 0.0209084 0.158695 0.0418167 0.00131921
0 0.865418 0.0509333 0.268615 0.101867 0.00130969
0 0.503687 0.97782 0.344329 0.0443605 0.00130485
0 0.0274708 0.879673 0.0549417 0.238784 0.00128336
0 0.0262985 0.366474 0.052597 0.393074 0.00127573
0 0.97976 0.0771535 0.0404575 0.154307 0.00127369
0 0.551365 0.850405 0.111336 0.119607 0.00125775
0 0.968633 0.489017 0.0626887 0.554465 0.00123424
0 0.121075 0.0294529 0.231928 0.0589059 0.00123012
0 0.0414888 0.847726 0.0829777 0.304549 0.00121925
0 0.753262 0.0388969 0.493476 0.0777938 0.00117624
0 0.532251 0.868485 0.17236 0.190212 0.00116822
0 0.535369 0.984044 0.361458 0.0318649 0.00115891
0 0.556869 0.841882 0.0851096 0.0905286 0.0011547
0 0.0195719 0.945299 0.0391438 0.109403 0.00113965
0 0.505721 0.943172 0.622058 0.113605 0.00113366
0 0.537142 0.967383 0.404775 0.0644324 0.00112615
0 0.0355482 0.798688 0.0710964 0.402623 0.00111845
0 0.0339981 0.92904 0.0677092 0.141921 0.0011147
0 0.134765 0.0370395 0.26953 0.0740789 0.00109923
0 0.172998 0.0199392 0.345996 0.0398785 0.00107587
0 0.535153 0.856532 0.151787 0.146134 0.0010757
0 0.0430249 0.457593 0.0857195 0.623672 0.0010639
0 0.145764 0.0245659 0.291527 0.0491318 0.00104546
0 0.0399934 0.307935 0.079834 0.339748 0.00102926
