0 0.537227 0.255666 0.333499 0.335969 0.894494
0 0.186433 0.244273 0.238869 0.375782 0.0489602
0 0.578104 0.982437 0.195742 0.0351254 0.0390387
0 0.594052 0.257526 0.250531 0.384123 0.0126817
0 0.574477 0.973963 0.213797 0.0516608 0.00809643
0 0.984493 0.535414 0.0308478 0.241136 0.00255076
0 0.987778 0.57276 0.0244436 0.20719 0.00204585
0 0.558883 0.987361 0.18853 0.0252779 0.00196921
0 0.623517 0.988537 0.207604 0.022926 0.00143025
0 0.942481 0.80854 0.114773 0.376675 0.00114741
0 0.982641 0.57116 0.0346684 0.23471 0.00109823
