0 0.612774 0.283586 0.286524 0.183853 0.596523
0 0.601004 0.230539 0.312481 0.303232 0.0436707
0 0.613546 0.275321 0.351183 0.307071 0.0310612
0 0.0125615 0.627151 0.0250207 0.232545 0.0110704
0 0.359918 0.956164 0.386024 0.0876049 0.0107697
0 0.358095 0.964409 0.27523 0.0711823 0.00447709
0 0.59788 0.207116 0.394263 0.380472 0.0039482
0 0.0467012 0.951355 0.0932558 0.0972064 0.00369694
0 0.0176775 0.61227 0.0353549 0.329925 0.00366166
0 0.350336 0.946351 0.474805 0.10709 0.00362631
0 0.500932 0.988355 0.175923 0.0232902 0.00350336
0 0.650098 0.280164 0.21134 0.171695 0.00341693
0 0.0699884 0.943372 0.139977 0.113256 0.00286935
0 0.0645473 0.920895 0.129095 0.15821 0.00254506
0 0.0893602 0.926308 0.178611 0.147384 0.00233976
0 0.00965661 0.621759 0.0193132 0.173536 0.0021851
0 0.0294774 0.619835 0.0589547 0.368138 0.00200615
0 0.0805746 0.0115425 0.161149 0.0230851 0.00178514
0 0.501012 0.246211 0.592829 0.486632 0.00172816
0 0.0339269 0.935801 0.0676993 0.127432 0.00157848
0 0.0148954 0.659494 0.0297234 0.31114 0.00157714
0 0.544587 0.189668 0.55227 0.356958 0.00155236
0 0.988862 0.392376 0.0222764 0.156697 0.00141734
0 0.984596 0.385237 0.0308073 0.188754 0.00140281
0 0.0717128 0.895057 0.143426 0.209885 0.00137867
0 0.289932 0.0197424 0.341595 0.0394848 0.00135735
0 0.338044 0.978579 0.180623 0.0427419 0.00133865
0 0.499008 0.991746 0.149418 0.0164759 0.00132353
0 0.0108405 0.08901 0.0216198 0.17802 0.00130747
0 0.447923 0.956613 0.591685 0.0865958 0.00130381
0 0.125678 0.920774 0.251034 0.158452 0.00120937
0 0.0220111 0.658974 0.0439086 0.360236 0.00114191
0 0.501534 0.983902 0.19944 0.0320394 0.00112619
0 0.49268 0.979082 0.229746 0.041764 0.00106288
0 0.992768 0.386204 0.0144633 0.124846 0.00105595
0 0.290142 0.0215449 0.250707 0.0430746 0.00103032
0 0.403636 0.934708 0.593381 0.130473 0.00100557
