0 0.449473 0.34895 0.207007 0.240829 0.7999
0 0.437058 0.983667 0.290668 0.0326663 0.0399534
0 0.424207 0.984464 0.213377 0.030987 0.0191934
0 0.863301 0.102131 0.239936 0.203784 0.0137829
0 0.435108 0.978146 0.345617 0.0437086 0.0127737
0 0.407186 0.988236 0.20296 0.0235279 0.0124338
0 0.327811 0.748607 0.177173 0.124171 0.0120028
0 0.0105193 0.885862 0.0210224 0.149381 0.0107673
0 0.426032 0.979931 0.238976 0.0401222 0.00674722
0 0.937814 0.0222201 0.105923 0.0443953 0.00611104
0 0.546961 0.375077 0.435063 0.316767 0.00587587
0 0.409447 0.965369 0.414845 0.069165 0.00490778
0 0.0247332 0.0784326 0.0494664 0.156865 0.00469542
0 0.952822 0.750829 0.0941916 0.225452 0.00454254
0 0.0062491 0.888989 0.012418 0.12299 0.00444523
0 0.968192 0.148963 0.0635788 0.297926 0.00394625
0 0.0198686 0.0337369 0.0397373 0.0674737 0.00390761
0 0.934776 0.114449 0.130171 0.228897 0.00365632
0 0.934979 0.803555 0.129885 0.384971 0.00337908
0 0.0757079 0.0834248 0.151256 0.16685 0.00330417
0 0.971296 0.135687 0.0572529 0.271375 0.00315349
0 0.0213528 0.0594531 0.0425996 0.118906 0.00281661
0 0.931969 0.749581 0.135591 0.220863 0.00274324
0 0.0108475 0.910042 0.0215956 0.179915 0.00204786
0 0.979687 0.103375 0.0405924 0.20675 0.00203647
0 0.968092 0.239273 0.0637374 0.291137 0.00194009
0 0.0424747 0.0444907 0.0849494 0.0889815 0.00189499
0 0.638004 0.385077 0.275944 0.308207 0.0018682
0 0.988582 0.618725 0.0228151 0.0915705 0.00172015
0 0.396405 0.971262 0.3385 0.0574768 0.00163391
0 0.968724 0.0869285 0.0624824 0.173857 0.00155955
0 0.948138 0.781656 0.103723 0.292627 0.00155834
0 0.0622592 0.0696275 0.124345 0.139255 0.00154647
0 0.91736 0.981559 0.164594 0.0365781 0.00152896
0 0.964279 0.704575 0.0712631 0.115389 0.00147476
0 0.888654 0.124869 0.222178 0.249738 0.00141517
0 0.012912 0.871791 0.025824 0.256418 0.00141294
0 0.511462 0.98824 0.151903 0.0234982 0.00130742
0 0.984344 0.623618 0.0313121 0.137706 0.00129829
0 0.0208027 0.855471 0.0416055 0.289058 0.00122409
0 0.983586 0.610911 0.0328276 0.221695 0.00119978
0 0.939056 0.972225 0.121847 0.0555224 0.00117353
0 0.0781927 0.125128 0.156385 0.249822 0.00116775
0 0.960661 0.152658 0.078249 0.305316 0.00116576
0 0.938745 0.0452672 0.122196 0.0905344 0.0010681
0 0.99207 0.620061 0.0158597 0.0890169 0.00104152
0 0.952875 0.0384906 0.0941579 0.0769812 0.00103919
