0 0.52768 0.176769 0.178777 0.188148 0.91091
0 0.0371177 0.0776851 0.0742354 0.15537 0.0611769
0 0.0445428 0.0970621 0.0890855 0.192786 0.0236126
0 0.43949 0.911694 0.309586 0.176595 0.0101896
0 0.166226 0.937417 0.32544 0.125158 0.0023328
0 0.0598885 0.129432 0.119777 0.256661 0.00188087
0 0.0213231 0.960544 0.0426463 0.078913 0.00185287
0 0.519846 0.964625 0.153487 0.0693872 0.00177112
0 0.204582 0.753209 0.128172 0.109488 0.00165049
0 0.0164424 0.964222 0.0325681 0.0715561 0.00118692
0 0.0893579 0.0942575 0.172869 0.188515 0.00115093
0 0.0444107 0.959134 0.0888214 0.081569 0.00112881
0 0.48567 0.962628 0.253873 0.0745299 0.001124
0 0.219771 0.752183 0.0956101 0.0896819 0.00108221
0 0.984051 0.283712 0.0318627 0.285362 0.00106925
