0 0.589196 0.182763 0.456071 0.365526 0.770375
0 0.114092 0.898887 0.228036 0.202226 0.0792261
0 0.249853 0.0952492 0.427995 0.190498 0.0339034
0 0.0453655 0.130429 0.0907309 0.260376 0.0330541
0 0.0841296 0.71331 0.168259 0.204363 0.00759144
0 0.0601494 0.141193 0.120071 0.282386 0.00695533
0 0.0393435 0.171036 0.078687 0.121961 0.00680566
0 0.949989 0.441662 0.100022 0.218111 0.00556561
0 0.168142 0.867546 0.336284 0.2625 0.0052321
0 0.269892 0.137387 0.469125 0.274665 0.00473394
0 0.0826062 0.12532 0.165212 0.250639 0.00440432
0 0.153316 0.146742 0.304993 0.293483 0.00318619
0 0.0957822 0.170645 0.188865 0.34129 0.00316224
0 0.0920619 0.708363 0.184124 0.280557 0.00302393
0 0.881466 0.191426 0.120149 0.127376 0.00280328
0 0.983921 0.253782 0.0321369 0.12623 0.00267914
0 0.982321 0.238362 0.0353584 0.185264 0.00250418
0 0.0409535 0.160644 0.081879 0.169496 0.00230065
0 0.132599 0.837114 0.264581 0.325773 0.00205929
0 0.0397736 0.089219 0.0794131 0.178003 0.0020193
0 0.955784 0.417291 0.088259 0.327522 0.00199911
0 0.975101 0.234425 0.0497977 0.220367 0.00194736
0 0.964765 0.278916 0.0704002 0.464179 0.00172112
0 0.868518 0.143102 0.262964 0.286204 0.00164404
0 0.968211 0.257743 0.0635775 0.156095 0.00150019
0 0.959493 0.358054 0.0810134 0.482785 0.00145254
0 0.946329 0.392284 0.107203 0.399956 0.00142679
0 0.965481 0.280061 0.067716 0.0811155 0.00134594
0 0.927818 0.452925 0.144121 0.233967 0.00131269
0 0.062595 0.204434 0.125043 0.408869 0.00130639
0 0.167475 0.805788 0.334949 0.38837 0.00113409
0 0.975251 0.429893 0.0494238 0.256749 0.00103368
0 0.929766 0.427546 0.140467 0.328045 0.00101166
