0 0.473805 0.200818 0.346265 0.401637 0.886877
0 0.474694 0.969923 0.0882986 0.0594735 0.0152222
0 0.259656 0.238106 0.519312 0.476211 0.00769287
0 0.934019 0.0584597 0.131886 0.116919 0.00714001
0 0.15379 0.93229 0.304777 0.135415 0.00659541
0 0.0469516 0.992014 0.0939032 0.0159571 0.00643498
0 0.0887114 0.981052 0.177423 0.0378065 0.00540178
0 0.115548 0.923345 0.230905 0.15331 0.00492893
0 0.0671206 0.987358 0.134241 0.0252433 0.00491594
0 0.103299 0.969346 0.206597 0.0611742 0.00491109
0 0.47156 0.976193 0.0747747 0.0476022 0.00467642
0 0.273531 0.986896 0.0855076 0.0262083 0.00436363
0 0.0796227 0.921992 0.159245 0.156016 0.00407563
0 0.040718 0.981909 0.081436 0.0361812 0.00375285
0 0.918309 0.0900594 0.163382 0.180112 0.00362218
0 0.484989 0.969251 0.134152 0.0614457 0.00337912
0 0.0353186 0.988707 0.0706372 0.0225739 0.00323244
0 0.905032 0.05461 0.189936 0.10922 0.00305359
0 0.0733203 0.992868 0.146641 0.0142646 0.00303173
0 0.0472818 0.976695 0.0945636 0.0464673 0.00289297
0 0.0647588 0.979656 0.129306 0.040499 0.00284711
0 0.1166 0.514793 0.233199 0.209805 0.00274272
0 0.951573 0.0554674 0.0967075 0.110935 0.0026246
0 0.0783326 0.987132 0.156665 0.0257368 0.00252469
0 0.0858594 0.898018 0.124732 0.0947084 0.00225782
0 0.160401 0.515039 0.320112 0.226518 0.00219202
0 0.964154 0.712068 0.0714302 0.347429 0.00216514
0 0.969271 0.93034 0.0613065 0.139286 0.00214969
0 0.973211 0.730282 0.0535787 0.142954 0.00205769
0 0.299467 0.992254 0.133083 0.0154923 0.00199606
0 0.940695 0.0412002 0.118109 0.0823667 0.00192389
0 0.278585 0.991588 0.0799055 0.0168231 0.00185244
0 0.96892 0.0684789 0.0620339 0.136797 0.00181043
0 0.459369 0.92462 0.131376 0.150097 0.00173691
0 0.771172 0.989002 0.204536 0.0219703 0.00173214
0 0.284308 0.984412 0.102985 0.0311494 0.00169276
0 0.0542841 0.967367 0.108178 0.0652516 0.00169269
0 0.957554 0.574758 0.0846293 0.0303798 0.0016772
0 0.400664 0.988658 0.201977 0.0226407 0.00161153
0 0.305779 0.988189 0.193692 0.0236212 0.00160915
0 0.17489 0.988743 0.208245 0.0225022 0.00150686
0 0.485569 0.985145 0.14177 0.0296168 0.00142679
0 0.9332 0.12445 0.1336 0.248786 0.00141673
0 0.481185 0.992407 0.10873 0.0151852 0.00138206
0 0.361636 0.979693 0.0787144 0.0406138 0.00135154
0 0.0729227 0.972238 0.145845 0.0552629 0.00134521
0 0.934108 0.894199 0.122409 0.0931246 0.00132759
0 0.277401 0.97806 0.134974 0.0438027 0.00132205
0 0.477667 0.988241 0.100684 0.0234599 0.00130822
0 0.914578 0.866457 0.165473 0.145977 0.00126161
0 0.402646 0.993468 0.164775 0.0130631 0.00126057
0 0.494033 0.993737 0.142387 0.0125265 0.0012502
0 0.965167 0.720067 0.0691799 0.159379 0.00122424
0 0.502428 0.988024 0.186415 0.023953 0.00119014
0 0.0175241 0.319224 0.0350026 0.271673 0.00118665
0 0.951481 0.470967 0.0964171 0.111601 0.00118397
0 0.212248 0.988789 0.194153 0.0224175 0.0011801
0 0.977274 0.918294 0.045305 0.145916 0.00116716
0 0.174597 0.914703 0.348879 0.170064 0.00113301
0 0.880648 0.0931722 0.238703 0.186344 0.00112644
0 0.973062 0.945973 0.0538672 0.107432 0.00110173
0 0.736472 0.98772 0.197661 0.0245608 0.00106506
0 0.407788 0.969833 0.0748879 0.0603344 0.00103025
0 0.979588 0.700681 0.0407233 0.21616 0.0010016
