0 0.517532 0.349542 0.181881 0.207584 0.892719
0 0.0212682 0.888769 0.0425058 0.222462 0.00916381
0 0.023604 0.918294 0.0471822 0.162841 0.00902251
0 0.00982684 0.829275 0.0196308 0.159281 0.00644607
0 0.0282684 0.938837 0.0565367 0.122327 0.00384516
0 0.853607 0.826579 0.196548 0.16898 0.00340241
0 0.0129301 0.850768 0.0258603 0.240497 0.00337394
0 0.00659914 0.829813 0.0131509 0.13454 0.00293051
0 0.231945 0.984068 0.262453 0.0318222 0.00277289
0 0.518103 0.98607 0.180638 0.0278596 0.00255632
0 0.01521 0.871718 0.030417 0.256565 0.00243107
0 0.230534 0.977813 0.311889 0.0443432 0.00199083
0 0.761026 0.503872 0.138709 0.146769 0.00183254
0 0.052524 0.983173 0.105048 0.0336541 0.00182944
0 0.0292827 0.873855 0.057966 0.252291 0.00175144
0 0.0193889 0.834675 0.0387779 0.33065 0.00159575
0 0.249238 0.983601 0.128609 0.0327975 0.00151855
0 0.050313 0.990817 0.100626 0.0182936 0.00142435
0 0.234174 0.970399 0.376981 0.0590103 0.00137083
0 0.248072 0.978215 0.212259 0.0435646 0.00136411
0 0.0212314 0.702988 0.0424628 0.302618 0.0011766
0 0.039094 0.926472 0.0779065 0.147056 0.00111344
0 0.0151025 0.937678 0.030205 0.124645 0.00109747
0 0.0190135 0.933393 0.0380271 0.133215 0.00106228
0 0.0145153 0.800373 0.0290307 0.336091 0.001051
0 0.0510065 0.936738 0.101376 0.126524 0.00101265
0 0.278614 0.983485 0.202376 0.0330296 0.00100593
0 0.030922 0.703869 0.061844 0.35606 0.00100456
