0 0.596881 0.458349 0.126572 0.125948 0.336941
0 0.945993 0.122426 0.108015 0.244851 0.0160547
0 0.593912 0.458011 0.153401 0.152611 0.010991
0 0.958878 0.0964274 0.0821924 0.192855 0.00898014
0 0.519152 0.957883 0.32008 0.0842341 0.00662268
0 0.0195394 0.775661 0.0390315 0.125408 0.006247
0 0.0223906 0.787104 0.0447479 0.185714 0.00584896
0 0.517877 0.982646 0.321786 0.0346385 0.00584541
0 0.0255044 0.785606 0.0510089 0.268305 0.00521869
0 0.861704 0.962294 0.276591 0.0749365 0.0049083
0 0.545733 0.941079 0.378553 0.117777 0.00456789
0 0.956577 0.625263 0.086583 0.424386 0.00448118
0 0.50956 0.97404 0.38903 0.0515282 0.00388496
0 0.974618 0.345262 0.0507631 0.161191 0.0037421
0 0.848588 0.954185 0.302824 0.0915542 0.0035326
0 0.0186094 0.810951 0.0372187 0.327724 0.00316877
0 0.967982 0.11496 0.063952 0.229919 0.00298932
0 0.927407 0.131623 0.145186 0.263103 0.00271261
0 0.96569 0.619884 0.0686171 0.359888 0.00217537
0 0.0763225 0.40623 0.152645 0.196304 0.00216278
0 0.930901 0.227035 0.137923 0.45407 0.00168655
0 0.0165499 0.77045 0.0330998 0.0782714 0.00158029
0 0.944147 0.0874434 0.111636 0.174131 0.00150356
0 0.0330048 0.786902 0.0660096 0.313254 0.00144987
0 0.961179 0.663029 0.077642 0.284706 0.0012774
0 0.50573 0.946345 0.272854 0.10731 0.00123468
0 0.870468 0.944193 0.259063 0.111614 0.00119329
0 0.945253 0.643742 0.109368 0.480963 0.00119249
0 0.974287 0.606927 0.0514258 0.326111 0.00100154
