0 0.336215 0.586901 0.67243 0.666014 0.0300221
0 0.490899 0.510412 0.69142 0.623152 0.00996689
0 0.0874037 0.910194 0.174807 0.179612 0.00903022
0 0.144066 0.914597 0.287931 0.170805 0.00847634
0 0.754065 0.0420257 0.486505 0.0840514 0.00436328
0 0.968979 0.710105 0.0620426 0.576798 0.00382781
0 0.967643 0.20769 0.0646316 0.41538 0.0023775
0 0.95113 0.0873473 0.0975688 0.174695 0.00224102
0 0.920445 0.0880567 0.15893 0.176113 0.00206328
0 0.04967 0.682114 0.0992467 0.519737 0.0020594
0 0.65552 0.0394641 0.621853 0.0789282 0.0020033
0 0.969001 0.602961 0.0619972 0.605461 0.00193989
0 0.969456 0.276262 0.0610876 0.552524 0.00193423
0 0.787727 0.032127 0.424545 0.0639619 0.00193359
0 0.958465 0.132183 0.0830523 0.264247 0.00187034
0 0.0777627 0.93139 0.155491 0.137219 0.00156332
0 0.382793 0.0391899 0.585527 0.0783798 0.00140595
0 0.174825 0.892427 0.347891 0.214426 0.00137187
0 0.848434 0.0587322 0.302634 0.117464 0.00135079
0 0.531161 0.039061 0.605581 0.078122 0.001283
0 0.800313 0.0176975 0.324563 0.0353949 0.00119835
0 0.793879 0.0233479 0.39406 0.0465841 0.0011873
0 0.072696 0.647165 0.145221 0.533714 0.0011651
0 0.728164 0.0539283 0.543672 0.107707 0.00110294
0 0.947408 0.704584 0.105183 0.590832 0.0010392
