0 0.49904 0.490414 0.29956 0.260874 0.67076
0 0.025007 0.698365 0.0500043 0.182332 0.0809545
0 0.499957 0.495947 0.35744 0.354966 0.0724855
0 0.0298922 0.693471 0.0597843 0.227177 0.0665476
0 0.0966465 0.935942 0.193293 0.128116 0.0317183
0 0.141436 0.94127 0.282684 0.117439 0.0267647
0 0.0364846 0.69354 0.0728597 0.285573 0.0217186
0 0.040602 0.676667 0.081204 0.411521 0.0198891
0 0.151667 0.91246 0.302943 0.174779 0.01832
0 0.0947934 0.884871 0.189528 0.229056 0.0154172
0 0.0832505 0.953683 0.165328 0.0919746 0.0107897
0 0.202643 0.95964 0.405156 0.0805757 0.0065492
0 0.116521 0.958048 0.232235 0.083884 0.00528738
0 0.0105892 0.69816 0.021038 0.168534 0.0052467
0 0.207296 0.930539 0.411808 0.138694 0.00506411
0 0.0528841 0.685328 0.105768 0.582117 0.00393789
0 0.0187073 0.731803 0.0374146 0.310889 0.00378723
0 0.0246388 0.651201 0.0492776 0.390745 0.0032457
0 0.043986 0.597374 0.0877697 0.544069 0.00316241
0 0.0270278 0.739246 0.0540555 0.375791 0.00272419
0 0.19337 0.331933 0.384424 0.366474 0.00256923
0 0.148279 0.967004 0.296557 0.0659912 0.00232596
0 0.0164687 0.663996 0.0329374 0.291746 0.00232399
0 0.133889 0.981306 0.267778 0.0373805 0.00223319
0 0.154884 0.983281 0.309768 0.03333 0.00174441
0 0.0437125 0.722424 0.0872065 0.555151 0.00174324
0 0.120518 0.972963 0.241036 0.0539589 0.00170978
0 0.143514 0.974933 0.287029 0.0499531 0.0016555
0 0.0615036 0.607736 0.12294 0.55872 0.00140068
0 0.0127618 0.693384 0.0255236 0.202608 0.00134256
0 0.0426782 0.22608 0.0852015 0.448715 0.00132469
0 0.726393 0.0387351 0.542239 0.0774702 0.00117161
0 0.699395 0.0232033 0.414506 0.0463486 0.0010643
0 0.70163 0.0155136 0.350336 0.0310272 0.00103554
0 0.0581822 0.924639 0.115995 0.150723 0.00102863
0 0.67967 0.0326288 0.433939 0.06506 0.00101262
