0 0.587373 0.174052 0.417035 0.348104 0.894105
0 0.0554472 0.926021 0.110661 0.147653 0.246704
0 0.0597728 0.898108 0.119546 0.203784 0.0729987
0 0.0543847 0.953986 0.108769 0.0920289 0.0323271
0 0.0659162 0.839277 0.13176 0.321445 0.0132906
0 0.836629 0.546323 0.134912 0.127224 0.00415566
0 0.907685 0.157229 0.184592 0.314299 0.00320158
0 0.103909 0.875713 0.207818 0.248575 0.00278227
0 0.149021 0.151224 0.297426 0.301468 0.00272097
0 0.0161779 0.821683 0.0323559 0.296657 0.00248713
0 0.980525 0.461124 0.0389495 0.368385 0.00201193
0 0.956636 0.688213 0.0864533 0.32223 0.00188845
0 0.737395 0.0501377 0.46032 0.100275 0.00173293
0 0.948646 0.170361 0.102708 0.251816 0.00159579
0 0.0279421 0.815413 0.0558841 0.356601 0.00149306
0 0.0972524 0.798663 0.194432 0.402674 0.00143497
0 0.968356 0.396024 0.0632886 0.195433 0.00134315
0 0.039038 0.795975 0.0780759 0.346407 0.00121538
0 0.956119 0.671727 0.087763 0.208101 0.00121346
0 0.0232143 0.843289 0.0464286 0.313423 0.00119725
0 0.971745 0.462711 0.0565108 0.370792 0.00118113
0 0.138535 0.820979 0.276315 0.357063 0.00105696
0 0.0174237 0.861375 0.0348474 0.277249 0.00105106
0 0.0679215 0.0786053 0.135693 0.157211 0.00105029
0 0.05356 0.790099 0.107107 0.413501 0.00104353
