0 0.40462 0.240621 0.227678 0.246044 0.861671
0 0.984495 0.287668 0.0308344 0.110558 0.18494
0 0.988516 0.286008 0.0227076 0.119302 0.0764617
0 0.977569 0.286453 0.0443437 0.11677 0.0305229
0 0.957415 0.932763 0.0851703 0.13399 0.00354218
0 0.969097 0.287475 0.0618066 0.122424 0.00335601
0 0.990635 0.281707 0.0187308 0.0993122 0.00282437
0 0.977646 0.24964 0.0447083 0.217763 0.00244215
0 0.733808 0.317568 0.532383 0.635136 0.00168362
0 0.98456 0.133499 0.0308626 0.212712 0.00158263
0 0.980365 0.220604 0.039252 0.301668 0.00154663
0 0.970195 0.220432 0.0596101 0.305966 0.00130459
0 0.974918 0.290073 0.0501631 0.195539 0.00124377
