0 0.589187 0.151474 0.387891 0.302765 0.887103
0 0.051868 0.37433 0.103511 0.210225 0.0457035
0 0.0636422 0.793928 0.125842 0.135192 0.0161823
0 0.06209 0.380008 0.12418 0.267135 0.0143114
0 0.066212 0.987396 0.132424 0.0251613 0.0069672
0 0.745387 0.265327 0.509227 0.530654 0.00642383
0 0.210111 0.961982 0.420223 0.0759053 0.00626745
0 0.976429 0.692064 0.0471416 0.143743 0.00562304
0 0.153458 0.978859 0.294047 0.0422822 0.00487601
0 0.0511906 0.405924 0.101863 0.140464 0.00463279
0 0.0660713 0.980767 0.131796 0.0384655 0.00411137
0 0.0599639 0.992839 0.119928 0.0143211 0.00401184
0 0.0688969 0.810906 0.137794 0.202253 0.00380054
0 0.976392 0.666195 0.0472159 0.227731 0.00373043
0 0.154407 0.963958 0.308814 0.0712969 0.00366801
0 0.0822 0.976209 0.163062 0.0475821 0.00331011
0 0.575936 0.843734 0.0901272 0.11341 0.00315611
0 0.106049 0.982124 0.212098 0.03543 0.0030928
0 0.0642494 0.347986 0.128499 0.374995 0.00295377
0 0.0454615 0.990142 0.090923 0.0196737 0.00291991
0 0.0484309 0.982425 0.0968617 0.0351496 0.00273215
0 0.967706 0.647736 0.0645876 0.351755 0.00271475
0 0.114449 0.970989 0.228899 0.0578964 0.00262539
0 0.977055 0.671363 0.0458897 0.0805244 0.00252438
0 0.983536 0.906794 0.0329285 0.186411 0.0023558
0 0.0600922 0.974019 0.120184 0.0519618 0.00233816
0 0.194104 0.981414 0.298845 0.0371716 0.00233205
0 0.86319 0.266997 0.27362 0.504808 0.00227662
0 0.980005 0.699332 0.0399899 0.182749 0.00224977
0 0.154426 0.974449 0.308853 0.0509942 0.00224939
0 0.202849 0.966001 0.32657 0.0670362 0.00224673
0 0.0849533 0.830136 0.169907 0.258977 0.00220387
0 0.967997 0.687795 0.0637023 0.159257 0.00202721
0 0.219224 0.93782 0.4384 0.124261 0.00201904
0 0.756391 0.195428 0.487218 0.390857 0.00199206
0 0.426825 0.69826 0.650099 0.603479 0.00198452
0 0.0108287 0.114477 0.0216573 0.203733 0.00196016
0 0.900522 0.285378 0.19771 0.19034 0.00193217
0 0.964677 0.879939 0.0704367 0.240122 0.00192703
0 0.168965 0.953639 0.337894 0.0927141 0.0019114
0 0.125432 0.986647 0.195662 0.026679 0.00180847
0 0.977223 0.894378 0.0455549 0.210069 0.00175047
0 0.974392 0.705465 0.0512151 0.215288 0.00168764
0 0.981414 0.934406 0.0371729 0.130787 0.00166129
0 0.762184 0.128048 0.472687 0.256021 0.0016602
0 0.744582 0.718205 0.104652 0.0946234 0.0016433
0 0.404871 0.239101 0.156811 0.158615 0.00161796
0 0.88614 0.335875 0.226475 0.29803 0.00160705
0 0.0300068 0.80646 0.0598697 0.177735 0.00154733
0 0.988199 0.929076 0.023603 0.141848 0.00153802
0 0.964256 0.288808 0.0713598 0.516988 0.00148629
0 0.150024 0.83462 0.299814 0.284903 0.00141044
0 0.0584307 0.269362 0.116583 0.538724 0.00139352
0 0.784257 0.0708317 0.412213 0.141663 0.0013879
0 0.183873 0.988037 0.201317 0.0239255 0.00138169
0 0.105877 0.844689 0.211704 0.302034 0.00136505
0 0.97462 0.944653 0.0507599 0.110694 0.00127647
0 0.981975 0.730429 0.0360504 0.244467 0.00115356
0 0.963199 0.181618 0.0734122 0.352621 0.00111933
0 0.0308446 0.34194 0.0616891 0.139415 0.00111062
0 0.96461 0.718643 0.0707797 0.455925 0.00110892
0 0.933923 0.265542 0.132154 0.531085 0.00110237
0 0.0393757 0.822344 0.0786401 0.23281 0.00104985
0 0.984216 0.342205 0.0315441 0.244123 0.00101512
0 0.149352 0.992723 0.167154 0.0145445 0.00100535
