0 0.530367 0.37344 0.216193 0.249199 0.855863
0 0.946018 0.485336 0.107963 0.255944 0.0416413
0 0.971304 0.134587 0.0573927 0.213783 0.0202458
0 0.955126 0.46484 0.0896851 0.334208 0.0143847
0 0.96484 0.486475 0.0703205 0.248423 0.0108677
0 0.974529 0.148063 0.0509421 0.294132 0.0103454
0 0.937507 0.45241 0.124797 0.336255 0.00834528
0 0.943599 0.523081 0.111182 0.164996 0.00709663
0 0.967386 0.167373 0.0652283 0.331972 0.00473334
0 0.0109842 0.294355 0.0218159 0.190328 0.00325358
0 0.852939 0.699442 0.292433 0.601117 0.00218884
0 0.00800121 0.302392 0.0159711 0.158968 0.00218249
0 0.0132126 0.284927 0.0264253 0.252801 0.00213035
0 0.979557 0.175184 0.0408864 0.350368 0.00186627
0 0.963265 0.215035 0.0732551 0.430069 0.00183833
0 0.00666014 0.281227 0.0133047 0.157542 0.00160064
0 0.930693 0.302323 0.138331 0.193879 0.00152098
0 0.899849 0.730093 0.200303 0.539814 0.0014458
0 0.943996 0.215891 0.111936 0.431782 0.00112945
0 0.95202 0.758366 0.0958366 0.483268 0.00105374
0 0.916885 0.379379 0.166231 0.519545 0.00101956
