0 0.573896 0.196716 0.306242 0.322647 0.940036
0 0.010304 0.267697 0.0206081 0.110359 0.0132522
0 0.10929 0.171991 0.218209 0.33637 0.0076684
0 0.0686775 0.0662272 0.137259 0.132168 0.00553603
0 0.0124228 0.224725 0.0248258 0.207347 0.00477826
0 0.0437876 0.0617386 0.0875753 0.123477 0.00364278
0 0.0633913 0.0486218 0.126783 0.0972436 0.00261638
0 0.149151 0.793745 0.296521 0.393174 0.00254558
0 0.0715243 0.103951 0.143049 0.207901 0.0024484
0 0.0138126 0.207956 0.0276245 0.29368 0.0020392
0 0.0177302 0.209074 0.0354605 0.241285 0.00159521
0 0.91401 0.880619 0.17198 0.238762 0.00125768
0 0.0107017 0.157376 0.0213713 0.165993 0.00113302
0 0.0989918 0.226516 0.195202 0.219489 0.00107136
