0 0.444213 0.228754 0.141947 0.152652 0.811879
0 0.44343 0.22913 0.174492 0.184648 0.0267079
0 0.964555 0.197116 0.0708894 0.282684 0.0170614
0 0.915046 0.650438 0.167947 0.180299 0.00734574
0 0.965108 0.227498 0.069749 0.190871 0.00719174
0 0.962062 0.20921 0.0757736 0.412333 0.0054322
0 0.982015 0.116133 0.0359702 0.232267 0.00332401
0 0.988804 0.0571274 0.0223662 0.114255 0.00322255
0 0.967068 0.246918 0.0658646 0.140591 0.00288087
0 0.959697 0.161781 0.0804913 0.25932 0.00286289
0 0.987663 0.0742994 0.0246731 0.148599 0.00240463
0 0.952394 0.173944 0.095212 0.346955 0.00232007
0 0.883296 0.692433 0.106886 0.10654 0.00217163
0 0.850908 0.738072 0.297637 0.523856 0.00193205
0 0.965376 0.770642 0.0689027 0.443873 0.00170153
0 0.976458 0.129322 0.0470833 0.258643 0.00165273
0 0.875647 0.693355 0.0769794 0.0874012 0.00146353
0 0.910213 0.688428 0.179574 0.147142 0.00129582
0 0.966031 0.258186 0.0679383 0.292694 0.00128967
0 0.991199 0.0705551 0.0176026 0.14111 0.00124167
0 0.967441 0.237029 0.0634634 0.0945829 0.00121148
0 0.903521 0.637979 0.192958 0.243357 0.00121125
0 0.015537 0.239455 0.0310476 0.311468 0.00118382
0 0.982421 0.0647913 0.0351571 0.129583 0.00114748
0 0.860899 0.787825 0.278202 0.386832 0.00108943
0 0.980083 0.289118 0.0398339 0.335496 0.00108422
