0 0.969308 0.843124 0.0613713 0.313751 0.273519
0 0.495567 0.506053 0.316395 0.238531 0.228746
0 0.96307 0.800407 0.0738595 0.391874 0.19842
0 0.949854 0.773943 0.100132 0.442675 0.0620579
0 0.0328003 0.381103 0.0655543 0.225272 0.0484248
0 0.926758 0.771088 0.146396 0.454814 0.0307194
0 0.0339674 0.396184 0.0679347 0.349705 0.0219943
0 0.469349 0.507245 0.252963 0.204772 0.00718994
0 0.961901 0.722358 0.0758755 0.555284 0.0070127
0 0.0420742 0.40823 0.0838035 0.502347 0.00679193
0 0.975789 0.800952 0.0483689 0.397807 0.00667262
0 0.919547 0.705519 0.160905 0.588962 0.00446539
0 0.980488 0.793745 0.0389887 0.340967 0.0043161
0 0.0189929 0.141212 0.0379656 0.254602 0.00395115
0 0.0250858 0.139401 0.0501716 0.278801 0.00287574
0 0.584359 0.975748 0.366816 0.048503 0.00275655
0 0.935976 0.837514 0.128048 0.323985 0.00257339
0 0.0152142 0.118434 0.0304285 0.198276 0.00238466
0 0.590533 0.962376 0.563258 0.0751984 0.00222547
0 0.0262527 0.42092 0.0525053 0.353254 0.00219441
0 0.522014 0.977181 0.387815 0.0456372 0.00180368
0 0.983833 0.762049 0.0323343 0.299571 0.00179837
0 0.906468 0.816639 0.187063 0.365143 0.00177163
0 0.571106 0.982956 0.328048 0.0340871 0.00174073
0 0.864212 0.87764 0.271575 0.244567 0.00173985
0 0.856297 0.949327 0.286992 0.101304 0.00169371
0 0.0182087 0.109065 0.0362285 0.145429 0.00149764
0 0.584433 0.966906 0.404559 0.0661887 0.00139681
0 0.508785 0.983683 0.33441 0.0326332 0.00122871
0 0.039405 0.154709 0.0787648 0.309419 0.0011649
0 0.862332 0.984169 0.275336 0.0316613 0.00107748
0 0.154381 0.0160433 0.308762 0.0320867 0.00101221
