0 0.605658 0.294899 0.256283 0.252491 0.934419
0 0.965457 0.771169 0.0686977 0.111153 0.0246419
0 0.949616 0.868848 0.100646 0.262304 0.00638307
0 0.920629 0.880737 0.158352 0.238526 0.00467782
0 0.742785 0.673686 0.514429 0.652628 0.00417961
0 0.962909 0.893397 0.0741688 0.213207 0.00358613
0 0.884719 0.889671 0.230562 0.220658 0.00297045
0 0.944626 0.765989 0.110492 0.124021 0.00293175
0 0.97043 0.846688 0.0590367 0.306623 0.0023227
0 0.957686 0.748926 0.0839006 0.157799 0.00204836
0 0.960869 0.844971 0.0780268 0.309015 0.00189317
0 0.955906 0.920503 0.0881416 0.158994 0.00164227
0 0.936443 0.671795 0.127114 0.323945 0.00123571
0 0.936761 0.936881 0.126477 0.126239 0.00100487
