0 0.49932 0.392175 0.370074 0.352005 0.802944
0 0.228687 0.948511 0.276542 0.102824 0.0888174
0 0.131197 0.0158881 0.239315 0.0317762 0.0448735
0 0.122851 0.0117801 0.206099 0.0235602 0.0400955
0 0.132545 0.00865742 0.175272 0.0172567 0.0270716
0 0.135231 0.0229589 0.270461 0.0459178 0.0152557
0 0.506316 0.391616 0.441876 0.443734 0.0150785
0 0.229282 0.940018 0.411395 0.119802 0.0128715
0 0.103581 0.0093694 0.188996 0.0186364 0.00663153
0 0.150774 0.031614 0.301549 0.0628535 0.00553219
0 0.226548 0.95422 0.209779 0.0914183 0.00475431
0 0.0174422 0.540498 0.034878 0.221289 0.00474641
0 0.0219926 0.541134 0.0439609 0.26458 0.00371748
0 0.256164 0.928674 0.512329 0.142651 0.00310915
0 0.159848 0.0113735 0.218502 0.0227471 0.00189603
0 0.141232 0.0373574 0.281023 0.0745507 0.00116653
0 0.0141342 0.860557 0.0282481 0.253582 0.00102393
