0 0.530341 0.575728 0.148819 0.129597 0.66004
0 0.530225 0.578289 0.182383 0.168444 0.0766132
0 0.175483 0.0425013 0.350967 0.0849435 0.00584333
0 0.110504 0.0397504 0.219897 0.0794687 0.00324792
0 0.0949963 0.0534123 0.189993 0.106723 0.00223856
0 0.15131 0.0735244 0.302126 0.147049 0.0020386
0 0.0935025 0.0304928 0.187005 0.0609332 0.00142747
0 0.0989762 0.0939286 0.197952 0.187857 0.00139852
0 0.203099 0.0660191 0.404212 0.132038 0.0013817
0 0.0817995 0.133333 0.163599 0.265987 0.00132473
0 0.847397 0.0249025 0.305206 0.0497961 0.0013024
0 0.170693 0.0212171 0.341387 0.0424342 0.0011868
0 0.0812857 0.021462 0.162571 0.0428732 0.00108496
