0 0.945944 0.323126 0.108111 0.157595 0.0814625
0 0.509004 0.52653 0.15078 0.118832 0.0652218
0 0.138788 0.240754 0.277575 0.474916 0.0588525
0 0.96036 0.90434 0.0792807 0.161231 0.0481544
0 0.38974 0.0352345 0.311826 0.070469 0.0270744
0 0.144416 0.376956 0.199883 0.186646 0.0236437
0 0.959069 0.862701 0.0815346 0.270929 0.022914
0 0.938971 0.329584 0.121682 0.241936 0.0228172
0 0.955255 0.754679 0.0894905 0.166964 0.0217495
0 0.543903 0.626114 0.152039 0.12989 0.0204627
0 0.511994 0.836054 0.224207 0.149896 0.0182525
0 0.0904163 0.100346 0.17984 0.181373 0.017117
0 0.360116 0.528152 0.121686 0.153342 0.0165352
0 0.370983 0.0517321 0.331232 0.103269 0.012022
0 0.417665 0.0548236 0.473398 0.109647 0.0116474
0 0.289894 0.0999929 0.515439 0.199986 0.0103108
0 0.948437 0.806597 0.103127 0.383637 0.00874254
0 0.416198 0.0801808 0.518273 0.160362 0.00872625
0 0.308255 0.37952 0.113452 0.133308 0.00792418
0 0.52673 0.806973 0.276067 0.235717 0.00752221
0 0.353377 0.0655352 0.379796 0.131069 0.00740801
0 0.110592 0.177565 0.221118 0.341213 0.00638147
0 0.933761 0.299796 0.132478 0.317516 0.00545463
0 0.2866 0.0611108 0.507735 0.122222 0.00535016
0 0.531153 0.786217 0.335685 0.305764 0.00496037
0 0.252 0.250137 0.504 0.500274 0.00459421
0 0.322926 0.0301573 0.1631 0.0603146 0.00458051
0 0.0675669 0.025214 0.135134 0.0503104 0.00433949
0 0.073081 0.0358089 0.146162 0.0716179 0.00406816
0 0.337127 0.0978619 0.114972 0.119733 0.00405988
0 0.95309 0.899736 0.0938191 0.200272 0.00394924
0 0.508973 0.5246 0.169917 0.163584 0.00372215
0 0.200819 0.292137 0.401639 0.584273 0.00368466
0 0.946541 0.757161 0.106732 0.2645 0.00352493
0 0.123775 0.362388 0.242963 0.235214 0.0034057
0 0.93347 0.867912 0.133059 0.264175 0.00329783
0 0.296569 0.0900468 0.201382 0.150287 0.00316142
0 0.896048 0.378016 0.207904 0.226922 0.00287428
0 0.920403 0.524461 0.158794 0.167785 0.00286057
0 0.351589 0.0320645 0.251771 0.064129 0.00281367
0 0.130313 0.138409 0.0992967 0.0811324 0.00270518
0 0.0604547 0.0500774 0.120909 0.100155 0.00269563
0 0.922181 0.386041 0.154948 0.201138 0.00239142
0 0.314391 0.03755 0.304207 0.0751 0.002353
0 0.0812874 0.0603389 0.162575 0.12031 0.00231948
0 0.923304 0.82583 0.153392 0.347992 0.002146
0 0.188379 0.101639 0.375602 0.203278 0.00206806
0 0.111914 0.0773083 0.0972227 0.0881373 0.00192573
0 0.588501 0.77921 0.488159 0.409984 0.00190426
0 0.90584 0.266509 0.188321 0.224351 0.00186668
0 0.905693 0.873787 0.188613 0.252427 0.00180728
0 0.239719 0.100079 0.123684 0.136702 0.00175243
0 0.910408 0.35042 0.179184 0.376563 0.00173743
0 0.902919 0.787583 0.194161 0.424394 0.00172759
0 0.285621 0.157316 0.570667 0.314632 0.00172684
0 0.479963 0.731832 0.2407 0.146702 0.0017101
0 0.452006 0.0895974 0.134384 0.103626 0.00168349
0 0.678301 0.934291 0.477528 0.131418 0.00161776
0 0.305051 0.379315 0.151228 0.168297 0.00160226
0 0.134627 0.35074 0.268588 0.313573 0.00153314
0 0.399349 0.363337 0.13459 0.136148 0.00149861
0 0.863323 0.243518 0.123165 0.108146 0.0014566
0 0.940468 0.424209 0.117688 0.122271 0.00144199
0 0.276235 0.0266983 0.312948 0.0533967 0.00143608
0 0.421128 0.0884699 0.198035 0.125959 0.00138978
0 0.934794 0.773421 0.130132 0.199356 0.00138737
0 0.141504 0.201361 0.0928202 0.0848606 0.00137905
0 0.896446 0.211138 0.207109 0.201253 0.00136957
0 0.503787 0.775511 0.272628 0.241927 0.00135656
0 0.951431 0.726328 0.0969094 0.373147 0.00134375
0 0.541848 0.626083 0.191407 0.175617 0.00133346
0 0.926401 0.912423 0.146623 0.175154 0.00132829
0 0.0921359 0.149356 0.184272 0.29158 0.00132798
0 0.476726 0.838749 0.147991 0.128722 0.00131369
0 0.393254 0.0724558 0.253896 0.144912 0.0013116
0 0.942694 0.38958 0.114613 0.179749 0.00131152
0 0.914296 0.502186 0.171407 0.244943 0.00126455
0 0.946183 0.267115 0.107634 0.441936 0.00124409
0 0.124167 0.141534 0.119296 0.104783 0.0012349
0 0.890754 0.242277 0.190138 0.122492 0.00120106
0 0.924029 0.757965 0.151941 0.342477 0.00117187
0 0.64385 0.945305 0.399411 0.109363 0.00114177
0 0.962248 0.886897 0.0755038 0.103046 0.00111036
0 0.0966921 0.0444241 0.192641 0.0884194 0.00110447
0 0.0708868 0.0140714 0.141774 0.028089 0.00108915
0 0.471013 0.0683547 0.469714 0.136709 0.00101561
