0 0.374723 0.417662 0.209118 0.171257 0.886912
0 0.980936 0.965153 0.0381286 0.0696934 0.0136512
0 0.633202 0.982317 0.0905508 0.0353653 0.0120471
0 0.953665 0.0880672 0.0926702 0.176134 0.00842318
0 0.982448 0.967532 0.0349528 0.0649352 0.00443365
0 0.975866 0.95764 0.0481246 0.0845462 0.00382056
0 0.96805 0.944652 0.0636058 0.110696 0.00376029
0 0.86866 0.976683 0.13078 0.0466088 0.0036225
0 0.901653 0.975138 0.189748 0.0497245 0.00340554
0 0.943867 0.11765 0.112266 0.235284 0.00330751
0 0.630965 0.979965 0.114757 0.0400708 0.00275492
0 0.979914 0.941416 0.0401725 0.115576 0.00226325
0 0.89644 0.966419 0.204757 0.0670211 0.00216567
0 0.957037 0.959114 0.0857747 0.0817724 0.00186805
0 0.869149 0.988591 0.13756 0.022714 0.00173288
0 0.893963 0.947518 0.212073 0.104963 0.00168754
0 0.380433 0.428121 0.249394 0.231297 0.00162821
0 0.642746 0.984407 0.128784 0.0309993 0.00161681
0 0.858004 0.978055 0.252271 0.0437264 0.00157724
0 0.814683 0.0374278 0.256628 0.0748555 0.00139447
0 0.941457 0.955743 0.11534 0.0884521 0.00133623
0 0.628575 0.975505 0.142689 0.04899 0.00130164
0 0.845341 0.974888 0.309317 0.0502188 0.00129514
0 0.933494 0.937587 0.133011 0.124735 0.0012624
0 0.0461886 0.0274173 0.0923771 0.0548346 0.00122818
0 0.836879 0.0290594 0.326242 0.0580331 0.00118305
0 0.600276 0.982371 0.197132 0.0352086 0.00108347
0 0.916645 0.143409 0.166711 0.286817 0.00104783
0 0.66427 0.978722 0.198939 0.0425138 0.00103037
0 0.980042 0.958724 0.0397711 0.0825528 0.00101665
