0 0.45762 0.225278 0.163592 0.144176 0.879621
0 0.203307 0.593944 0.128695 0.0999184 0.154571
0 0.492201 0.231322 0.252448 0.194674 0.0387734
0 0.555733 0.250057 0.117562 0.130975 0.00747701
0 0.535125 0.239652 0.162606 0.153412 0.00286819
0 0.481633 0.23133 0.30899 0.279852 0.00258367
0 0.204268 0.60737 0.142382 0.145079 0.00223904
0 0.568637 0.98737 0.19209 0.0252597 0.00155371
0 0.547041 0.992925 0.169954 0.0140822 0.00151695
0 0.99291 0.289297 0.0141792 0.142602 0.00138833
0 0.613673 0.0322255 0.262471 0.064451 0.00125764
0 0.312722 0.992844 0.124809 0.0142956 0.00118536
0 0.536528 0.989288 0.211554 0.0214175 0.00113036
0 0.310019 0.988491 0.155469 0.0230181 0.00111232
0 0.471651 0.985518 0.187472 0.0289589 0.00101196
