0 0.547386 0.328699 0.128914 0.151836 0.917538
0 0.219055 0.70348 0.261821 0.310215 0.226892
0 0.963826 0.946198 0.0721906 0.104372 0.15708
0 0.602873 0.990357 0.120448 0.0191747 0.0828259
0 0.603611 0.988164 0.139413 0.0236723 0.0599609
0 0.951378 0.943166 0.0972435 0.113657 0.0220546
0 0.644531 0.983689 0.229772 0.0326229 0.0218993
0 0.476435 0.934486 0.116502 0.130632 0.0169203
0 0.876994 0.674673 0.0778838 0.0790474 0.0151592
0 0.4742 0.9884 0.111911 0.0232009 0.0120504
0 0.933323 0.936773 0.133055 0.126455 0.00989042
0 0.816371 0.917652 0.0854504 0.0926106 0.00948602
0 0.472775 0.991396 0.100905 0.0171669 0.00894547
0 0.611836 0.988918 0.196474 0.0221633 0.00832715
0 0.219643 0.752787 0.238336 0.199702 0.00693002
0 0.508205 0.931828 0.20432 0.136343 0.00604916
0 0.642756 0.978046 0.259699 0.0439084 0.00471438
0 0.582792 0.989743 0.133794 0.0204556 0.0047046
0 0.950323 0.899411 0.0992502 0.201179 0.00434137
0 0.60804 0.98469 0.175913 0.0305523 0.00409979
0 0.878956 0.932194 0.242087 0.135612 0.00386698
0 0.941355 0.758133 0.117264 0.32251 0.00371078
0 0.314663 0.988658 0.186135 0.0226591 0.00367076
0 0.0735861 0.256991 0.14704 0.513983 0.00341624
0 0.0501637 0.256538 0.100094 0.513077 0.00326987
0 0.933629 0.755161 0.132536 0.477352 0.00319839
0 0.226981 0.705192 0.33136 0.370535 0.00294449
0 0.535782 0.924992 0.287642 0.150016 0.00270625
0 0.478287 0.983976 0.145807 0.0320487 0.00269487
0 0.478115 0.989043 0.18583 0.0219142 0.00268441
0 0.308634 0.982462 0.144803 0.0350755 0.0026101
0 0.651681 0.956152 0.328072 0.0876366 0.00244436
0 0.472744 0.993496 0.133717 0.0130072 0.0024251
0 0.953653 0.733162 0.0926609 0.343943 0.00241914
0 0.620885 0.992424 0.17081 0.0151525 0.00224909
0 0.0330663 0.340409 0.0660652 0.30661 0.00224521
0 0.581066 0.98559 0.147936 0.0288197 0.00195322
0 0.576399 0.927957 0.0972724 0.105561 0.0018529
0 0.627063 0.970855 0.243614 0.0577376 0.0018091
0 0.601555 0.760902 0.0721817 0.0777203 0.00176014
0 0.11146 0.264572 0.222919 0.529145 0.00172059
0 0.656204 0.965678 0.247761 0.0686446 0.00164502
0 0.0431827 0.324423 0.0863653 0.390018 0.00164339
0 0.570372 0.935892 0.36985 0.128141 0.0016317
0 0.311644 0.977063 0.189545 0.0458734 0.00158095
0 0.925663 0.826645 0.148674 0.345028 0.00149242
0 0.950593 0.831393 0.0988131 0.337214 0.00146188
0 0.565664 0.98252 0.107394 0.034886 0.00146074
0 0.88921 0.758855 0.22158 0.478187 0.00140726
0 0.95151 0.740956 0.0969809 0.196479 0.00138988
0 0.663552 0.950892 0.234828 0.0982167 0.00133191
0 0.287201 0.972923 0.20907 0.0541531 0.00131975
0 0.87673 0.674565 0.092953 0.0978609 0.00130273
0 0.573385 0.933863 0.124962 0.130057 0.00130248
0 0.812024 0.986531 0.125763 0.0269182 0.00123937
0 0.659167 0.988714 0.187522 0.0225267 0.00123923
0 0.0103444 0.0536169 0.0206371 0.107234 0.00122677
0 0.317682 0.992366 0.152942 0.0152682 0.00120942
0 0.660484 0.993136 0.158189 0.0136311 0.00119517
0 0.978813 0.743039 0.0423613 0.220833 0.00119088
0 0.912661 0.764544 0.174678 0.392087 0.00117038
0 0.0402794 0.263769 0.0800717 0.362905 0.00115749
0 0.0449511 0.965978 0.0896217 0.0679879 0.00111546
0 0.0963729 0.981379 0.192746 0.0372145 0.00107246
0 0.0837967 0.993189 0.167593 0.0135714 0.00105138
0 0.970446 0.243148 0.0591079 0.362547 0.00103242
0 0.981063 0.24235 0.0378746 0.343148 0.00103049
0 0.327345 0.98404 0.236291 0.0318835 0.00102168
0 0.693588 0.944849 0.421094 0.110303 0.00101946
0 0.0815402 0.974548 0.162208 0.0507255 0.00100441
0 0.0892445 0.988845 0.178489 0.0223004 0.00100163
