0 0.572103 0.173033 0.199128 0.195825 0.91069
0 0.403809 0.965808 0.240226 0.0683465 0.00522063
0 0.388905 0.960651 0.377128 0.0785921 0.00404338
0 0.988283 0.33175 0.0233275 0.218524 0.00224843
0 0.553292 0.965647 0.519095 0.0686185 0.00200667
0 0.423929 0.98235 0.269219 0.0353006 0.00145669
0 0.977576 0.885392 0.0448476 0.229216 0.00135269
0 0.565122 0.970337 0.170026 0.0592232 0.00133457
0 0.0147315 0.548256 0.0294441 0.196458 0.00128462
0 0.010322 0.564626 0.020644 0.199945 0.00125431
0 0.393824 0.947808 0.477743 0.104185 0.0012381
0 0.424661 0.97396 0.305307 0.0519053 0.00122209
0 0.765705 0.803013 0.072288 0.0707462 0.00119843
0 0.983515 0.739233 0.0329621 0.34412 0.00119449
0 0.0100956 0.711453 0.0201912 0.20333 0.00112635
0 0.966357 0.795663 0.0669637 0.403973 0.00111235
0 0.0218297 0.538958 0.0436593 0.244357 0.00111135
0 0.983507 0.681104 0.0328822 0.224002 0.0010935
0 0.0560898 0.0892525 0.111891 0.178505 0.00109311
0 0.959775 0.955977 0.0803542 0.0878704 0.00106439
0 0.965172 0.245336 0.0694271 0.485193 0.00101377
