0 0.359152 0.222591 0.185911 0.191684 0.914371
0 0.509625 0.988476 0.192311 0.0230486 0.0493353
0 0.509007 0.992399 0.163096 0.0152024 0.0465318
0 0.489158 0.990879 0.14485 0.0181978 0.0369532
0 0.981524 0.753774 0.0369446 0.122331 0.0179479
0 0.299191 0.988355 0.175136 0.0232896 0.0115929
0 0.511199 0.983623 0.225122 0.0327542 0.0101513
0 0.97714 0.743386 0.0457193 0.144888 0.00893766
0 0.828953 0.0671041 0.193215 0.134208 0.00766138
0 0.477119 0.987467 0.201325 0.0250657 0.0065365
0 0.506042 0.978164 0.266446 0.0436726 0.00574888
0 0.97942 0.700067 0.0410961 0.246026 0.00555721
0 0.9611 0.699479 0.0778 0.421609 0.00535843
0 0.0106109 0.935558 0.0211875 0.128884 0.0039168
0 0.298296 0.990298 0.137991 0.0194032 0.0038803
0 0.967689 0.723608 0.0646213 0.189999 0.00373721
0 0.0068079 0.942945 0.0136158 0.114111 0.00319063
0 0.319573 0.985469 0.194798 0.02903 0.00303977
0 0.292185 0.978664 0.268171 0.0426729 0.0028294
0 0.980842 0.763679 0.0383167 0.189019 0.00268151
0 0.299565 0.982521 0.186847 0.0349579 0.00244405
0 0.51732 0.971841 0.296085 0.0563177 0.00191234
0 0.949643 0.666706 0.100714 0.400424 0.00165093
0 0.519771 0.960243 0.329762 0.0795133 0.00164559
0 0.256328 0.978754 0.386477 0.0424925 0.00153861
0 0.313112 0.992993 0.163295 0.014014 0.00136086
0 0.936432 0.728051 0.126998 0.505785 0.00133322
0 0.973724 0.673619 0.0525514 0.312079 0.00131941
0 0.300444 0.970391 0.275096 0.0590878 0.00129051
0 0.259674 0.984081 0.356928 0.0318371 0.00123363
0 0.986445 0.762113 0.0271105 0.164734 0.00104024
