0 0.386032 0.224279 0.20027 0.222527 0.8955
0 0.636216 0.972036 0.223521 0.055927 0.0067798
0 0.609182 0.968568 0.158831 0.0628639 0.00407209
0 0.653479 0.979302 0.280707 0.041396 0.00289032
0 0.37679 0.798996 0.246994 0.243384 0.00230868
0 0.609074 0.966677 0.217535 0.0666468 0.00217353
0 0.902733 0.95077 0.193119 0.0984595 0.00191622
0 0.651126 0.972355 0.328 0.0552894 0.001818
0 0.966485 0.252276 0.0670102 0.339363 0.00159284
0 0.20914 0.988567 0.117529 0.0228069 0.00126228
0 0.981692 0.402524 0.0364809 0.27208 0.00103506
0 0.928512 0.952162 0.136778 0.0945802 0.00101883
