0 0.499772 0.50804 0.340063 0.324651 0.188603
0 0.84695 0.0469226 0.30561 0.0938452 0.0143282
0 0.0798991 0.935881 0.159798 0.128237 0.0126211
0 0.884796 0.0521817 0.230409 0.104363 0.0121886
0 0.491757 0.5157 0.398507 0.399717 0.0121117
0 0.0659758 0.0941171 0.131858 0.188234 0.0112706
0 0.908222 0.0614305 0.18335 0.122434 0.00992391
0 0.0698556 0.907853 0.139711 0.184294 0.00921744
0 0.120842 0.944869 0.241684 0.110165 0.00751884
0 0.100772 0.0913353 0.201326 0.182671 0.00743658
0 0.0508331 0.143565 0.101666 0.287119 0.00704473
0 0.0243061 0.120005 0.0486121 0.237569 0.00616786
0 0.0641009 0.955572 0.128095 0.0888551 0.00557146
0 0.0303023 0.0664499 0.0604738 0.1329 0.00552587
0 0.057008 0.937425 0.114016 0.12515 0.00544301
0 0.0185916 0.108051 0.0371165 0.212863 0.00492305
0 0.110066 0.901221 0.219861 0.197198 0.00491578
0 0.912567 0.117347 0.174575 0.234196 0.00470655
0 0.909978 0.0387907 0.180044 0.0775814 0.00448217
0 0.0567236 0.0382566 0.113332 0.0765132 0.0039596
0 0.0524363 0.0221055 0.104873 0.0439924 0.00387612
0 0.95657 0.0458952 0.0868595 0.0917904 0.00377763
0 0.969153 0.268319 0.0616945 0.536638 0.00366174
0 0.168064 0.0656306 0.335954 0.131254 0.00352154
0 0.210468 0.0443584 0.420088 0.0886496 0.00305418
0 0.0394325 0.0324575 0.078865 0.064915 0.00304885
0 0.305264 0.0381292 0.610528 0.0762584 0.00303044
0 0.944618 0.161558 0.110602 0.322937 0.00296408
0 0.0479378 0.0851111 0.0958756 0.169579 0.00267211
0 0.0382035 0.127532 0.0764069 0.252852 0.00259892
0 0.163448 0.908908 0.32464 0.182076 0.00248927
0 0.844312 0.0741322 0.311331 0.148206 0.00244427
0 0.879261 0.106192 0.241221 0.212234 0.00200021
0 0.0245339 0.16477 0.0490679 0.329539 0.00199456
0 0.0694425 0.988802 0.138885 0.0223858 0.00198488
0 0.945223 0.0324141 0.109554 0.0648283 0.00193597
0 0.871022 0.0376643 0.257676 0.0753286 0.00188798
0 0.405135 0.0386023 0.629146 0.0772046 0.00182035
0 0.0159674 0.151606 0.0319349 0.303212 0.00169265
0 0.096292 0.0591741 0.191846 0.118053 0.00166501
0 0.0770944 0.0291084 0.153456 0.0582168 0.00165958
0 0.117026 0.96333 0.233437 0.0733405 0.00164543
0 0.967209 0.208011 0.0655073 0.415744 0.00159018
0 0.0578563 0.81125 0.115713 0.375604 0.00149079
0 0.314999 0.0603871 0.629997 0.120774 0.0013759
0 0.0700928 0.195819 0.140186 0.391398 0.00134872
0 0.0119647 0.0766058 0.0237379 0.153212 0.00132272
0 0.0444874 0.265411 0.0889747 0.530822 0.00128471
0 0.929345 0.0115927 0.141309 0.0231853 0.00124668
0 0.774668 0.0440985 0.450189 0.0880778 0.00119585
0 0.948818 0.276876 0.102363 0.553753 0.00114816
0 0.92551 0.0293409 0.148891 0.0586017 0.00112678
0 0.969533 0.74216 0.0609342 0.515198 0.00111993
0 0.176811 0.120588 0.353065 0.241176 0.00111325
0 0.887525 0.0245321 0.223461 0.0490152 0.00108813
0 0.0541726 0.986855 0.108345 0.0262897 0.00107972
0 0.692128 0.0401711 0.615744 0.0803422 0.00107713
0 0.0463151 0.921407 0.0926302 0.156574 0.00106087
0 0.968545 0.371122 0.06291 0.62418 0.00106046
0 0.835211 0.023443 0.329578 0.046886 0.00104489
0 0.115636 0.0376856 0.231273 0.0751118 0.00100778
