0 0.498754 0.166929 0.206748 0.201275 0.787401
0 0.501674 0.172021 0.247676 0.244767 0.109937
0 0.920576 0.0198716 0.158845 0.0397433 0.0066804
0 0.942167 0.012557 0.115666 0.0251139 0.00660854
0 0.961398 0.0220462 0.0772032 0.0437499 0.00646784
0 0.929775 0.075012 0.14045 0.150024 0.006315
0 0.926561 0.0420472 0.146614 0.0840943 0.00544453
0 0.91175 0.0536257 0.176419 0.107251 0.00523635
0 0.967592 0.0713578 0.0647237 0.142716 0.00435496
0 0.952834 0.0503793 0.0941855 0.100759 0.00403493
0 0.957465 0.0128824 0.0850697 0.0257507 0.00313795
0 0.929366 0.0126406 0.141268 0.0252812 0.00311045
0 0.0853611 0.126032 0.170595 0.25152 0.00272655
0 0.942302 0.0103524 0.115396 0.0206258 0.00247723
0 0.967091 0.839632 0.0655177 0.310406 0.00190188
0 0.504139 0.172532 0.283217 0.308857 0.00165936
0 0.0153514 0.293346 0.0307029 0.176597 0.0013184
0 0.0238567 0.227812 0.0477133 0.259057 0.00131515
0 0.0209233 0.237998 0.0418416 0.205424 0.0012516
0 0.112498 0.141639 0.224996 0.283277 0.00119724
0 0.942384 0.107981 0.115232 0.215845 0.00114365
