0 0.43472 0.329397 0.170068 0.169769 0.911441
0 0.87963 0.0692039 0.160066 0.138408 0.0828589
0 0.880752 0.0700845 0.227336 0.140169 0.0581416
0 0.830299 0.069731 0.32923 0.139462 0.0303827
0 0.770205 0.0718325 0.459591 0.143665 0.0112446
0 0.909751 0.890866 0.180499 0.218268 0.00982535
0 0.75321 0.0444079 0.473254 0.0888159 0.00732083
0 0.981583 0.330169 0.036714 0.25227 0.00647331
0 0.982446 0.311492 0.0350873 0.181506 0.00588015
0 0.984581 0.501151 0.0308385 0.124417 0.00489756
0 0.976094 0.337835 0.0478129 0.331197 0.00430477
0 0.984174 0.475119 0.0316523 0.192559 0.00293909
0 0.439947 0.332921 0.231626 0.22988 0.00277006
0 0.977083 0.293785 0.0458348 0.187707 0.00235086
0 0.704496 0.0343323 0.279068 0.0682255 0.00228369
0 0.967008 0.324837 0.0658419 0.470564 0.00219814
0 0.696671 0.0389235 0.353228 0.07774 0.00208835
0 0.98335 0.263899 0.0331593 0.259563 0.00165798
0 0.984222 0.893029 0.0315433 0.213942 0.00143332
0 0.96869 0.304185 0.06262 0.184022 0.00134067
0 0.759905 0.106251 0.48019 0.211429 0.00127954
0 0.977229 0.46873 0.0455412 0.259957 0.00120181
0 0.96644 0.244056 0.0668886 0.488113 0.00116393
0 0.716319 0.0326708 0.203177 0.0653415 0.0011181
0 0.966593 0.843331 0.0662541 0.313338 0.00110113
0 0.982823 0.458024 0.0343542 0.295915 0.00100947
