0 0.446628 0.352269 0.125152 0.124989 0.870206
0 0.851909 0.988254 0.140914 0.023492 0.0504696
0 0.844614 0.984871 0.170777 0.0302581 0.0498922
0 0.836366 0.982171 0.22242 0.035659 0.0441716
0 0.865169 0.988731 0.198801 0.0225374 0.0386773
0 0.863311 0.991449 0.105399 0.017101 0.0364628
0 0.866331 0.99193 0.169184 0.0161273 0.0229876
0 0.838985 0.977639 0.277017 0.0447012 0.0191557
0 0.992728 0.939507 0.0145431 0.120985 0.00462777
0 0.825875 0.96588 0.345878 0.0682398 0.00412618
0 0.988955 0.926904 0.022089 0.146193 0.00337209
0 0.966517 0.441972 0.0669659 0.247128 0.00245908
0 0.889829 0.991627 0.11849 0.0167457 0.00147605
0 0.905327 0.989119 0.189346 0.0217443 0.00131226
0 0.778572 0.963195 0.442856 0.0735934 0.00121149
0 0.822719 0.988562 0.197899 0.0228691 0.00119355
0 0.875914 0.983682 0.246851 0.0326364 0.00116869
0 0.91293 0.992394 0.151242 0.0152115 0.00110451
