0 0.346434 0.33709 0.201969 0.20266 0.898385
0 0.963115 0.895595 0.0735661 0.207491 0.319736
0 0.962278 0.839006 0.0752823 0.321362 0.0316382
0 0.951966 0.863746 0.0960522 0.272386 0.0212823
0 0.925341 0.871432 0.148841 0.257137 0.00777022
0 0.931426 0.806056 0.136485 0.387225 0.00411611
0 0.95804 0.7942 0.0838456 0.411599 0.0041009
0 0.96312 0.926826 0.0736946 0.146347 0.00320648
0 0.886486 0.881542 0.227029 0.236917 0.00161551
0 0.949853 0.909629 0.100287 0.180742 0.00152863
0 0.588526 0.977944 0.229035 0.0441123 0.00127265
0 0.588732 0.97051 0.280862 0.0589809 0.0012171
