0 0.532906 0.224958 0.161253 0.129413 0.871541
0 0.982197 0.0639341 0.0354857 0.127868 0.00981876
0 0.984142 0.0856707 0.0317132 0.171341 0.00843794
0 0.965584 0.10078 0.068833 0.201559 0.00633662
0 0.97705 0.0913565 0.0457041 0.182713 0.00453508
0 0.942836 0.111419 0.11371 0.222837 0.00262678
0 0.111189 0.0170936 0.221434 0.0341873 0.00260449
0 0.991508 0.0447328 0.0168509 0.0894655 0.00225385
0 0.991511 0.0519496 0.0169774 0.103899 0.00202919
0 0.119701 0.0243594 0.23872 0.0487188 0.00196371
0 0.968145 0.147659 0.0634382 0.295319 0.00194297
0 0.986001 0.0514182 0.0279974 0.102836 0.00182196
0 0.978162 0.882785 0.0435286 0.234431 0.00172167
0 0.142326 0.0160112 0.284651 0.0320224 0.00155428
0 0.970506 0.875515 0.0589889 0.248971 0.00151946
0 0.066801 0.0168641 0.13346 0.0337282 0.00146521
0 0.96026 0.0727734 0.0794489 0.145547 0.00131657
0 0.988836 0.0629475 0.0223272 0.125895 0.00126267
0 0.102121 0.0114119 0.204241 0.0227427 0.00125239
0 0.0393218 0.938597 0.0786052 0.121608 0.00108427
0 0.988997 0.0880067 0.0220068 0.176013 0.00105012
