0 0.493425 0.317792 0.285803 0.294816 0.910851
0 0.0971291 0.860173 0.194161 0.260895 0.335873
0 0.713725 0.974567 0.171747 0.0507817 0.0160655
0 0.704693 0.969494 0.210906 0.0610112 0.0104003
0 0.62697 0.905804 0.360539 0.188314 0.00572316
0 0.693718 0.978554 0.222981 0.042891 0.00524827
0 0.735718 0.971886 0.129359 0.0560452 0.00342347
0 0.581742 0.896047 0.479909 0.207906 0.00337628
0 0.725693 0.964184 0.166603 0.0711925 0.00277797
0 0.0248863 0.235761 0.0497528 0.272545 0.00262685
0 0.0211882 0.231267 0.0423386 0.200999 0.00202584
0 0.913656 0.0112927 0.172687 0.0225854 0.00199454
0 0.0193169 0.258143 0.0386339 0.314164 0.00199136
0 0.0323954 0.241633 0.0647907 0.332246 0.00191317
0 0.987015 0.135908 0.0257967 0.171682 0.00176942
0 0.991119 0.133572 0.0177619 0.12596 0.00163071
0 0.575335 0.831687 0.469623 0.336284 0.00132695
0 0.920298 0.00831841 0.159403 0.0165903 0.00129704
0 0.387459 0.983632 0.336152 0.0326324 0.0012536
0 0.983986 0.109669 0.031957 0.219338 0.00104521
