0 0.610852 0.136411 0.508942 0.272822 0.848073
0 0.983676 0.370924 0.0325472 0.328885 0.0173462
0 0.984251 0.482705 0.0313376 0.294725 0.0131337
0 0.976522 0.368937 0.0468017 0.373639 0.00829946
0 0.977205 0.47744 0.045446 0.361888 0.00526168
0 0.98372 0.34695 0.032536 0.228543 0.0044934
0 0.983633 0.903695 0.0327264 0.192609 0.00438887
0 0.978093 0.925001 0.043793 0.149998 0.00401158
0 0.984464 0.600682 0.0308981 0.321184 0.00343853
0 0.603908 0.993029 0.164711 0.0138968 0.00320954
0 0.966338 0.862528 0.0669661 0.274945 0.00315731
0 0.597608 0.98921 0.211723 0.0215681 0.00299283
0 0.0108412 0.914175 0.0216678 0.17165 0.00290336
0 0.977358 0.368497 0.0452291 0.268272 0.0028688
0 0.984044 0.86203 0.0316887 0.275939 0.00257883
0 0.9844 0.663206 0.0310612 0.326111 0.00242394
0 0.966635 0.415503 0.0666578 0.403813 0.0020772
0 0.967481 0.90528 0.0648588 0.189439 0.00190931
0 0.803898 0.0531689 0.281758 0.106338 0.00184287
0 0.864963 0.0413062 0.15731 0.0824849 0.00175728
0 0.899103 0.153658 0.168633 0.172873 0.00173806
0 0.00682569 0.911542 0.0135953 0.129017 0.00170191
0 0.984307 0.540078 0.031244 0.34912 0.00168118
0 0.97661 0.896848 0.0467424 0.206305 0.00162783
0 0.96449 0.740841 0.0708275 0.516717 0.00162318
0 0.977004 0.60005 0.0457817 0.378169 0.0015348
0 0.984747 0.943665 0.0305068 0.112671 0.00147585
0 0.977307 0.851359 0.0450383 0.297281 0.00139564
0 0.823487 0.13605 0.350464 0.271458 0.00118019
0 0.885946 0.135098 0.227589 0.270196 0.00106666
0 0.98846 0.929893 0.023079 0.140213 0.00101592
