0 0.360682 0.196852 0.220997 0.206661 0.904941
0 0.744879 0.650969 0.192127 0.188613 0.0491965
0 0.988575 0.831719 0.0228494 0.162268 0.00983273
0 0.984318 0.256669 0.031363 0.27839 0.0097331
0 0.992452 0.833821 0.0150965 0.125353 0.00832588
0 0.983483 0.816501 0.033006 0.187603 0.00574042
0 0.0353518 0.716373 0.0707008 0.246554 0.00536936
0 0.048157 0.725161 0.0962556 0.234314 0.00515044
0 0.371873 0.868148 0.185621 0.174737 0.00465077
0 0.977457 0.252654 0.0450652 0.344394 0.00455651
0 0.988681 0.281772 0.0226378 0.161394 0.00409802
0 0.970318 0.389224 0.0593635 0.358656 0.00392178
0 0.845912 0.852612 0.308176 0.294053 0.00363717
0 0.991454 0.276074 0.017074 0.146848 0.00307791
0 0.977222 0.820029 0.0455552 0.254595 0.00252116
0 0.964531 0.319424 0.070928 0.477964 0.00250515
0 0.770999 0.0125066 0.202512 0.0250131 0.00236913
0 0.025641 0.859707 0.05121 0.213263 0.00195009
0 0.286925 0.845707 0.314829 0.299536 0.00156947
0 0.815231 0.0172132 0.342088 0.0344265 0.00151344
0 0.666304 0.711074 0.345456 0.316472 0.00145115
0 0.772353 0.00861178 0.174657 0.0171989 0.00139466
0 0.984312 0.305624 0.0312877 0.261451 0.00132924
0 0.831412 0.01141 0.207796 0.0228043 0.00131257
0 0.95557 0.501631 0.0885854 0.574854 0.00124849
0 0.0215021 0.856315 0.0429636 0.17377 0.00124381
0 0.990975 0.307635 0.0180509 0.159097 0.00109028
0 0.0531261 0.799144 0.106039 0.392559 0.00103471
0 0.965885 0.247512 0.0679734 0.350758 0.00102842
0 0.350502 0.981826 0.10788 0.0363476 0.0010035
