0 0.638345 0.13116 0.51974 0.261285 0.866839
0 0.0802707 0.988964 0.160541 0.0220715 0.030312
0 0.0955127 0.98444 0.187055 0.0311191 0.0101536
0 0.0549797 0.990939 0.109959 0.0180773 0.00795809
0 0.0685096 0.983387 0.136753 0.0332136 0.00471972
0 0.0776065 0.976151 0.155213 0.0476987 0.00327999
0 0.108512 0.979165 0.216573 0.0416707 0.00309684
0 0.470591 0.756885 0.0969132 0.106608 0.00155829
0 0.107681 0.96884 0.215362 0.062319 0.00134724
0 0.157092 0.960594 0.31387 0.0788012 0.00128045
0 0.0729702 0.949049 0.144533 0.101901 0.00103481
