0 0.509579 0.309688 0.144022 0.120303 0.777363
0 0.972204 0.874669 0.0554041 0.232457 0.0936728
0 0.485047 0.981634 0.226742 0.0367316 0.0152896
0 0.460344 0.986523 0.172676 0.0269536 0.00632085
0 0.965578 0.861157 0.0688435 0.277687 0.00572346
0 0.954666 0.870134 0.0906682 0.247763 0.00469024
0 0.0293323 0.041725 0.0584838 0.08345 0.00427246
0 0.0219554 0.0638259 0.0438534 0.127652 0.00389448
0 0.483548 0.976522 0.28889 0.0469557 0.00370427
0 0.0432055 0.0451268 0.086411 0.0902537 0.00251883
0 0.509238 0.307222 0.168334 0.149503 0.00235724
0 0.0205536 0.0394959 0.0411072 0.0789472 0.00235088
0 0.020029 0.045617 0.0400574 0.091234 0.0018224
0 0.873798 0.773981 0.25189 0.440597 0.0018155
0 0.95165 0.831094 0.0966996 0.337094 0.00170521
0 0.482918 0.969656 0.234987 0.0606885 0.00169334
0 0.886449 0.983622 0.227102 0.0327555 0.00160472
0 0.0402824 0.0662062 0.0805648 0.132412 0.00133977
0 0.497262 0.963116 0.319064 0.073769 0.00106523
0 0.0720652 0.847517 0.144112 0.276181 0.00104919
