0 0.456807 0.582268 0.137178 0.143367 0.087866
0 0.455447 0.585911 0.170103 0.167121 0.00456136
0 0.966621 0.830024 0.0667573 0.338895 0.00178672
0 0.967767 0.593938 0.0644667 0.618253 0.00153176
0 0.293629 0.0393379 0.587258 0.0786757 0.00152467
0 0.296389 0.964693 0.592779 0.0705025 0.0013642
0 0.968856 0.710844 0.0621998 0.578312 0.00115708
0 0.929869 0.0807193 0.140039 0.161439 0.00113136
0 0.974467 0.835574 0.0510268 0.328852 0.00112574
0 0.968052 0.487773 0.0638955 0.576301 0.00111128
0 0.951161 0.0765344 0.0975299 0.153069 0.00110715
0 0.980434 0.0743015 0.0391312 0.148603 0.00103638
