0 0.528754 0.320487 0.216961 0.227708 0.819021
0 0.398326 0.0267372 0.225662 0.0534209 0.230156
0 0.390498 0.0361516 0.259744 0.0723032 0.103421
0 0.530746 0.319153 0.283385 0.281399 0.0378932
0 0.835994 0.974089 0.135527 0.0516421 0.0155969
0 0.38595 0.0401706 0.35332 0.0803413 0.00998957
0 0.842224 0.968652 0.173561 0.0626922 0.00805407
0 0.304127 0.988768 0.188863 0.0224644 0.00538056
0 0.845503 0.975509 0.207953 0.0489593 0.00355384
0 0.301694 0.992489 0.126988 0.0150161 0.00267642
0 0.329918 0.04527 0.453488 0.0905399 0.00240872
0 0.295511 0.984692 0.197988 0.0305519 0.00225229
0 0.846312 0.968358 0.263342 0.0632833 0.00220401
0 0.821229 0.977626 0.107578 0.0447478 0.00213453
0 0.367317 0.973015 0.111881 0.0537393 0.00187537
0 0.295693 0.979865 0.235717 0.0402079 0.00179313
0 0.858189 0.979722 0.163721 0.0405564 0.00171713
0 0.355001 0.983095 0.35972 0.0337497 0.00131322
0 0.273195 0.987303 0.157619 0.0253946 0.00116548
0 0.323196 0.97881 0.359047 0.0422971 0.00116106
0 0.361409 0.981998 0.120502 0.0359391 0.00113186
0 0.799855 0.96058 0.341354 0.0787828 0.00111443
0 0.289379 0.990977 0.153063 0.0179722 0.00105125
0 0.368329 0.971524 0.308327 0.056941 0.0010413
0 0.367784 0.977696 0.248892 0.0446079 0.00103015
