0 0.534524 0.230992 0.260203 0.276175 0.822387
0 0.925371 0.0681273 0.142457 0.117887 0.158804
0 0.946122 0.295105 0.107576 0.173314 0.0844202
0 0.543041 0.220889 0.320812 0.342178 0.0410187
0 0.0103409 0.752723 0.0206818 0.16504 0.0169065
0 0.00628502 0.753707 0.0124982 0.118836 0.0139404
0 0.86313 0.987326 0.079247 0.0253444 0.0117076
0 0.936929 0.284704 0.125812 0.257532 0.0104362
0 0.0131428 0.720469 0.0262855 0.279238 0.00555064
0 0.936479 0.928972 0.12553 0.141111 0.00451541
0 0.739979 0.0156185 0.312564 0.031237 0.00281451
0 0.0234326 0.714206 0.0468652 0.32322 0.00267658
0 0.0189072 0.742527 0.0378144 0.280127 0.0022595
0 0.905541 0.923016 0.188918 0.153968 0.00224824
0 0.916111 0.949314 0.166944 0.101371 0.00206624
0 0.297486 0.983083 0.233256 0.0337015 0.0020219
0 0.862413 0.987468 0.134281 0.0248972 0.00195988
0 0.0104649 0.112162 0.0209298 0.203579 0.00191521
0 0.0146269 0.76714 0.0292346 0.270817 0.00186972
0 0.010948 0.254949 0.0218475 0.209796 0.00165601
0 0.942009 0.236854 0.11594 0.39038 0.00151817
0 0.768508 0.57945 0.145373 0.167924 0.00134798
0 0.741407 0.0233852 0.351486 0.0467705 0.00132524
0 0.0291962 0.746759 0.0583924 0.343041 0.00128574
0 0.873962 0.982783 0.0970068 0.034433 0.00125069
0 0.334928 0.984175 0.264866 0.0315864 0.00123146
0 0.0164343 0.690298 0.0328687 0.312326 0.00119652
0 0.89639 0.974916 0.197719 0.0501678 0.00119566
0 0.638943 0.0158004 0.242475 0.0316009 0.00111034
0 0.25869 0.993452 0.175564 0.0129304 0.0010894
0 0.0354136 0.697746 0.0708272 0.308613 0.00108627
0 0.858049 0.983037 0.186897 0.0339252 0.00101246
0 0.900003 0.212551 0.199994 0.425102 0.00101201
