0 0.475143 0.280007 0.194003 0.201286 0.794869
0 0.0940958 0.172683 0.188192 0.345255 0.182989
0 0.0554267 0.1711 0.11064 0.3422 0.0364041
0 0.922389 0.981308 0.154106 0.0373837 0.0302182
0 0.0429588 0.1635 0.085766 0.326083 0.0298517
0 0.0761717 0.20963 0.152323 0.416805 0.0262303
0 0.105232 0.129825 0.210443 0.25959 0.020084
0 0.914165 0.953207 0.171299 0.0935868 0.0200192
0 0.920222 0.967136 0.159554 0.0656508 0.0152084
0 0.116491 0.216656 0.231948 0.433311 0.0149185
0 0.0734132 0.140346 0.146249 0.280691 0.0110376
0 0.925694 0.991486 0.148612 0.0170271 0.00957624
0 0.922732 0.988238 0.154536 0.0235244 0.00901712
0 0.0276666 0.174741 0.0553332 0.273902 0.00712712
0 0.474336 0.280776 0.241623 0.256399 0.00705746
0 0.0528535 0.238852 0.105543 0.477705 0.00647429
0 0.313801 0.829715 0.436749 0.34057 0.00516564
0 0.906696 0.922515 0.186608 0.154969 0.00490199
0 0.91111 0.976014 0.17778 0.047972 0.00462139
0 0.959526 0.0978738 0.080948 0.187448 0.00380521
0 0.0701286 0.155517 0.139777 0.311035 0.00330327
0 0.0373136 0.225527 0.0746272 0.395862 0.00250795
0 0.0496839 0.73598 0.0990254 0.52804 0.00211394
0 0.0846307 0.080609 0.169261 0.161218 0.00204405
0 0.0937532 0.0499591 0.187506 0.0997343 0.00195934
0 0.0678522 0.785132 0.135578 0.429141 0.00183188
0 0.938792 0.98855 0.122417 0.0229001 0.00136255
0 0.0872048 0.0343641 0.17441 0.0686859 0.00129799
0 0.0700507 0.846312 0.140101 0.307375 0.00124716
0 0.732971 0.977351 0.278446 0.0452932 0.00123592
0 0.738092 0.984252 0.238909 0.0314955 0.00118596
0 0.906834 0.877332 0.186332 0.245337 0.00115722
0 0.94576 0.992321 0.108481 0.0153575 0.00115112
0 0.0278704 0.2516 0.0554755 0.3855 0.00102899
