0 0.585521 0.359921 0.223609 0.234433 0.898363
0 0.954025 0.553663 0.090601 0.12196 0.00503471
0 0.399244 0.284401 0.625666 0.568801 0.00488003
0 0.0966668 0.918287 0.19322 0.163427 0.00383267
0 0.0751741 0.930062 0.149972 0.139877 0.00277177
0 0.772514 0.952513 0.446893 0.0949745 0.00266864
0 0.048949 0.988245 0.097898 0.0235095 0.00250728
0 0.1343 0.899499 0.268454 0.200974 0.00161974
0 0.833981 0.983569 0.332037 0.0326309 0.00161888
0 0.720821 0.984139 0.337732 0.0316222 0.00154908
0 0.797051 0.931847 0.404611 0.136187 0.0014979
0 0.0813814 0.960311 0.162031 0.0793787 0.00142161
0 0.815826 0.974877 0.368349 0.0501091 0.00140249
0 0.290736 0.974257 0.142269 0.0513816 0.00132542
0 0.187099 0.903632 0.373525 0.192618 0.00127673
0 0.0455402 0.935982 0.0909184 0.128035 0.0011924
0 0.420135 0.834799 0.292096 0.315733 0.001098
