0 0.21875 0.114984 0.370451 0.229969 0.546287
0 0.210916 0.24851 0.421586 0.497019 0.052831
0 0.172182 0.289578 0.343399 0.44625 0.0130927
0 0.0131602 0.608917 0.0263204 0.198499 0.00779305
0 0.229195 0.154058 0.45839 0.306839 0.00633336
0 0.511879 0.568409 0.205488 0.218017 0.0047093
0 0.281538 0.98771 0.177695 0.0245702 0.00326764
0 0.0268307 0.615753 0.0529715 0.321702 0.0029353
0 0.960953 0.659996 0.0780691 0.363142 0.00273235
0 0.0162732 0.605022 0.0324964 0.231929 0.00255842
0 0.0220044 0.606427 0.043899 0.26084 0.0023371
0 0.0167073 0.585706 0.0334057 0.335924 0.00225553
0 0.282978 0.993231 0.152464 0.0135374 0.00223984
0 0.110018 0.407679 0.183477 0.142058 0.00148319
0 0.976198 0.67323 0.0475906 0.367519 0.00142429
0 0.0305153 0.303168 0.0610305 0.398182 0.00122261
0 0.148974 0.0392011 0.197628 0.0783797 0.00112943
0 0.0181687 0.30666 0.0363374 0.351425 0.00110715
0 0.00970751 0.608432 0.0193714 0.14086 0.00109201
0 0.113083 0.194038 0.226029 0.387116 0.00104154
