0 0.569617 0.257722 0.276354 0.327955 0.146716
0 0.615038 0.243071 0.430774 0.4066 0.0285721
0 0.0150438 0.150928 0.0300728 0.235861 0.00483388
0 0.245531 0.900173 0.247629 0.199654 0.00379571
0 0.983306 0.652172 0.0333667 0.265707 0.00340124
0 0.985677 0.673302 0.0286095 0.177446 0.00331604
0 0.0213394 0.148847 0.0426788 0.29581 0.00330602
0 0.572863 0.28308 0.216753 0.229244 0.00312902
0 0.0428637 0.177372 0.0857159 0.351612 0.00260727
0 0.0101716 0.145314 0.0203224 0.190035 0.0025107
0 0.977121 0.646516 0.0457578 0.34284 0.00243812
0 0.24749 0.896076 0.344035 0.207847 0.00235134
0 0.0351716 0.149602 0.0703432 0.299204 0.00226633
0 0.988181 0.670951 0.0236371 0.140773 0.00210155
0 0.557187 0.0115572 0.203157 0.0231144 0.00191508
0 0.678251 0.243336 0.523881 0.463782 0.00186433
0 0.653512 0.0234063 0.232232 0.0468126 0.00182878
0 0.668827 0.0221615 0.156025 0.0442758 0.00176068
0 0.54806 0.0181736 0.22115 0.0362341 0.00164739
0 0.0264569 0.190124 0.0529139 0.351011 0.00158473
0 0.991708 0.685318 0.0165842 0.165822 0.00157109
0 0.638576 0.0249311 0.382659 0.0498621 0.00155534
0 0.0183683 0.189801 0.0367366 0.306067 0.00145537
0 0.00714563 0.151822 0.0142827 0.151837 0.00143547
0 0.0106713 0.174872 0.0211944 0.148088 0.00139498
0 0.968244 0.661159 0.0633756 0.514627 0.001378
0 0.6239 0.0401881 0.483549 0.0803762 0.00124679
0 0.543448 0.00791713 0.158312 0.0158343 0.00123068
0 0.600975 0.0170647 0.367834 0.0341293 0.00121436
0 0.516133 0.0226692 0.221452 0.0452773 0.00110861
0 0.673889 0.0322678 0.317603 0.0645356 0.00107619
