0 0.561037 0.179916 0.360251 0.358241 0.864154
0 0.937441 0.916208 0.124654 0.166997 0.0499975
0 0.911129 0.90792 0.177712 0.184159 0.00651553
0 0.825009 0.943404 0.318282 0.113136 0.00648769
0 0.0644141 0.907803 0.128747 0.183685 0.00560586
0 0.792519 0.943345 0.197157 0.11331 0.00434073
0 0.527231 0.927338 0.117134 0.110438 0.00421617
0 0.836448 0.908105 0.327013 0.183766 0.00394963
0 0.042243 0.318179 0.0843488 0.377132 0.00339973
0 0.0646169 0.863457 0.129234 0.272566 0.00305822
0 0.503407 0.907637 0.166389 0.158396 0.00298889
0 0.307093 0.854058 0.279201 0.288313 0.00294118
0 0.317272 0.993363 0.175094 0.0132489 0.00232406
0 0.0352072 0.307916 0.0703726 0.277924 0.00231213
0 0.104454 0.0403891 0.208238 0.0807783 0.00213956
0 0.0849615 0.879515 0.169831 0.240971 0.00193534
0 0.83745 0.959739 0.3251 0.0801942 0.00172146
0 0.930102 0.881528 0.139608 0.236945 0.00168357
0 0.0993982 0.908265 0.198155 0.18347 0.0016474
0 0.0180118 0.314247 0.0360236 0.250725 0.00159274
0 0.026164 0.26938 0.0522006 0.35942 0.0014681
0 0.301582 0.989136 0.207867 0.0216887 0.00146731
0 0.984358 0.647741 0.0312396 0.266668 0.00145431
0 0.0256952 0.31302 0.0513904 0.242694 0.00141585
0 0.168766 0.0170159 0.337532 0.0340205 0.0013938
0 0.0783793 0.0499362 0.156554 0.0995096 0.00138209
0 0.0349228 0.893546 0.0698457 0.212908 0.00133703
0 0.77821 0.960487 0.191648 0.0790262 0.00130511
0 0.07834 0.822175 0.15668 0.355651 0.00129545
0 0.286373 0.834187 0.356244 0.316242 0.00126249
0 0.777898 0.941597 0.134548 0.113848 0.00122114
0 0.349502 0.983125 0.28345 0.0335616 0.00121867
0 0.962682 0.907844 0.0746253 0.184312 0.00121773
0 0.951605 0.851428 0.0966773 0.297081 0.0011559
0 0.79017 0.919323 0.419659 0.161336 0.00113369
0 0.891585 0.977952 0.215769 0.0440348 0.0011246
0 0.983382 0.594915 0.0332148 0.294222 0.00110594
0 0.150242 0.0397824 0.298491 0.0795396 0.00108947
0 0.0155519 0.614738 0.0310648 0.287355 0.00105982
0 0.0695065 0.0370289 0.138988 0.0740578 0.00104579
0 0.176965 0.0268622 0.353931 0.053612 0.00103991
0 0.467404 0.984284 0.312558 0.0311966 0.00102835
0 0.0638792 0.0242776 0.127553 0.0483084 0.00100198
