0 0.495386 0.493123 0.182689 0.154448 0.167241
0 0.614525 0.0668741 0.323567 0.133748 0.0254617
0 0.49096 0.492075 0.212723 0.205377 0.0224117
0 0.567722 0.072467 0.493445 0.144934 0.00868475
0 0.622144 0.982984 0.301449 0.0339673 0.00664855
0 0.613813 0.0325746 0.360638 0.0647268 0.00529658
0 0.607883 0.0247037 0.329107 0.0494074 0.00520391
0 0.631804 0.0841843 0.449384 0.168369 0.00450661
0 0.524309 0.0489261 0.55097 0.0978521 0.00388221
0 0.625524 0.970384 0.368526 0.0592321 0.00360419
0 0.601693 0.978424 0.413881 0.0431522 0.00290277
0 0.626654 0.987692 0.199674 0.024615 0.00279591
0 0.652055 0.0669145 0.199828 0.132017 0.00236927
0 0.662368 0.967818 0.652409 0.0642996 0.00209311
0 0.678362 0.978021 0.427799 0.0438306 0.00194087
0 0.0749747 0.182427 0.149651 0.364854 0.00185734
0 0.532105 0.0925033 0.649376 0.185007 0.00172852
0 0.509232 0.0244115 0.436915 0.0485141 0.00166656
0 0.679814 0.983797 0.393013 0.0322479 0.00156538
0 0.712684 0.0686655 0.570366 0.137331 0.00133935
0 0.688245 0.0952704 0.623511 0.190541 0.00133382
0 0.0985023 0.933156 0.197005 0.133688 0.00115067
