0 0.20936 0.850821 0.41784 0.298357 0.356651
0 0.528533 0.500972 0.238914 0.221889 0.102329
0 0.0915207 0.902611 0.183041 0.194777 0.0818589
0 0.0617492 0.910076 0.123463 0.179848 0.0190592
0 0.0861312 0.932381 0.171798 0.135237 0.016223
0 0.110964 0.883357 0.221729 0.23323 0.0155982
0 0.131664 0.846951 0.263164 0.305623 0.0109208
0 0.556314 0.512033 0.322576 0.276985 0.00454107
0 0.0650727 0.950556 0.130037 0.0988871 0.00281112
0 0.0530966 0.885957 0.106193 0.22755 0.00230021
0 0.62927 0.954857 0.218193 0.0902859 0.0022094
0 0.619761 0.958818 0.400873 0.0822698 0.0018778
0 0.104644 0.955726 0.209289 0.0885471 0.00183212
0 0.628642 0.950277 0.288785 0.0994459 0.00154988
0 0.0313839 0.351684 0.0627679 0.375396 0.00141233
0 0.0435338 0.378305 0.0870567 0.463953 0.00139116
0 0.55024 0.952844 0.545851 0.0942392 0.00128401
0 0.0202968 0.376093 0.0405936 0.323824 0.00125302
0 0.377437 0.960027 0.63392 0.079901 0.0011572
0 0.987551 0.299394 0.0248985 0.194803 0.00113814
0 0.708682 0.966797 0.575144 0.0662636 0.00111643
0 0.095035 0.817944 0.189963 0.364111 0.00103574
