0 0.494922 0.505104 0.240013 0.200636 0.422325
0 0.499988 0.501745 0.271884 0.262429 0.139181
0 0.926952 0.828495 0.146032 0.330955 0.00415723
0 0.929977 0.844573 0.140045 0.217803 0.00269357
0 0.837937 0.0428208 0.324125 0.0855218 0.00191836
0 0.435546 0.984043 0.331365 0.0318813 0.00164766
0 0.709064 0.0482138 0.554535 0.0964275 0.00156129
0 0.429718 0.978314 0.390451 0.0433719 0.00153809
0 0.825469 0.0305683 0.349062 0.0611367 0.00153694
0 0.923299 0.774834 0.153403 0.450331 0.00143822
0 0.814806 0.0197123 0.370388 0.0394247 0.00113312
0 0.765703 0.0687666 0.459529 0.137533 0.00112971
