0 0.427377 0.197807 0.203626 0.208974 0.889744
0 0.790205 0.867971 0.41959 0.264058 0.0856865
0 0.0132138 0.914079 0.0264276 0.171842 0.0831741
0 0.977001 0.546526 0.0459979 0.15763 0.0564984
0 0.978021 0.569538 0.0439582 0.229232 0.0510408
0 0.981418 0.598825 0.0371646 0.268718 0.0291742
0 0.984529 0.878546 0.0308881 0.242908 0.0253438
0 0.01834 0.914548 0.0366799 0.168055 0.0252693
0 0.420597 0.946063 0.313877 0.107805 0.0197263
0 0.818957 0.98213 0.193731 0.0354095 0.019092
0 0.728797 0.83517 0.20276 0.18009 0.0136767
0 0.026878 0.909474 0.0528811 0.181052 0.00796192
0 0.835271 0.975608 0.207229 0.0487833 0.00788376
0 0.968292 0.56931 0.0634161 0.349121 0.00682469
0 0.787687 0.981686 0.301305 0.0365691 0.00676629
0 0.98463 0.223675 0.0307407 0.226664 0.00585966
0 0.9926 0.221027 0.0148001 0.12789 0.00531975
0 0.969273 0.553848 0.0614543 0.218946 0.00495102
0 0.97747 0.869867 0.0449431 0.260266 0.00468893
0 0.851965 0.981156 0.259143 0.0376881 0.00416737
0 0.434313 0.919618 0.349598 0.16076 0.00403607
0 0.988836 0.234437 0.0223272 0.159553 0.00390811
0 0.358396 0.987755 0.156182 0.024491 0.00390479
0 0.984562 0.913413 0.0308763 0.172071 0.0036033
0 0.39311 0.96195 0.266128 0.0760993 0.0033982
0 0.992725 0.13131 0.0145499 0.0873481 0.00299296
0 0.98329 0.182537 0.0334122 0.255866 0.00279669
0 0.848647 0.974088 0.301953 0.0518234 0.00255155
0 0.375181 0.949665 0.216234 0.10067 0.0025445
0 0.0111204 0.895519 0.0222408 0.139307 0.00252541
0 0.988236 0.919082 0.0235287 0.145761 0.0024455
0 0.982794 0.0918842 0.0343146 0.183768 0.00241767
0 0.962419 0.602383 0.0749018 0.280757 0.0022961
0 0.988521 0.129705 0.0229578 0.0786552 0.00218524
0 0.359142 0.97853 0.183031 0.0429398 0.00215435
0 0.976352 0.523577 0.047296 0.2695 0.00203382
0 0.988693 0.130008 0.0226142 0.114429 0.00196592
0 0.97743 0.220652 0.0451399 0.282198 0.00190022
0 0.0462597 0.89459 0.0925195 0.21082 0.00188626
0 0.967081 0.0965589 0.0656279 0.193118 0.00161121
0 0.724428 0.869963 0.274432 0.252674 0.00159678
0 0.976914 0.901734 0.0461231 0.193306 0.00154201
0 0.519245 0.846163 0.138788 0.136671 0.00149026
0 0.967939 0.859703 0.0637274 0.27966 0.0013403
0 0.809271 0.953531 0.380196 0.0926161 0.00122955
0 0.977517 0.114984 0.0449655 0.229969 0.0012127
0 0.940907 0.0938747 0.118187 0.187749 0.00103161
