0 0.709557 0.143992 0.499183 0.287984 0.824185
0 0.0493536 0.035208 0.0987072 0.0703579 0.155372
0 0.0516618 0.0162713 0.10267 0.0322595 0.0854065
0 0.0520632 0.0244667 0.103056 0.0489334 0.066977
0 0.0322085 0.0403244 0.064417 0.0793506 0.065417
0 0.0661358 0.0451227 0.132239 0.0898824 0.0378159
0 0.0984268 0.0594394 0.196675 0.118879 0.00896864
0 0.0511563 0.0116597 0.0998762 0.0233195 0.00735815
0 0.126712 0.0417306 0.253423 0.0833728 0.00682661
0 0.0785728 0.084013 0.157146 0.168026 0.00380611
0 0.861062 0.123629 0.158055 0.246706 0.0028143
0 0.604274 0.0364247 0.332396 0.0728493 0.0026599
0 0.569468 0.0346308 0.240665 0.0691039 0.00247525
0 0.0778261 0.0130076 0.155652 0.0259425 0.00236667
0 0.146257 0.0599676 0.292513 0.119935 0.00229239
0 0.052359 0.00822523 0.0981203 0.0164505 0.00228521
0 0.0165964 0.0316831 0.0331928 0.0633661 0.0021543
0 0.20604 0.0775201 0.412079 0.15504 0.00180976
0 0.175389 0.0436193 0.35028 0.0870182 0.00171878
0 0.124247 0.0796803 0.248113 0.159361 0.00155861
0 0.729988 0.0192695 0.109888 0.0385391 0.00151084
0 0.0727891 0.00961879 0.145578 0.0191025 0.00113318
