0 0.116494 0.0587916 0.230272 0.117583 0.200772
0 0.134493 0.0743722 0.268987 0.148744 0.0484721
0 0.517968 0.464338 0.127467 0.124717 0.0229076
0 0.518179 0.467185 0.159537 0.155786 0.00455699
0 0.294183 0.193214 0.588365 0.386427 0.00396731
0 0.388987 0.121763 0.347679 0.242574 0.00387596
0 0.150315 0.151658 0.299945 0.302473 0.00355249
0 0.168291 0.091404 0.336582 0.182808 0.00331676
0 0.120567 0.128001 0.241135 0.254739 0.00211661
0 0.278485 0.0731666 0.556971 0.146333 0.0019565
0 0.982544 0.216456 0.0349126 0.336756 0.00165792
0 0.258119 0.111911 0.516237 0.223822 0.00161785
0 0.286724 0.0499403 0.573448 0.0998806 0.00158331
0 0.110788 0.181745 0.221575 0.363398 0.00156807
0 0.936208 0.253136 0.127507 0.412102 0.00151213
0 0.96843 0.222496 0.0630217 0.330315 0.00140852
0 0.310748 0.960663 0.621496 0.0786028 0.00135302
0 0.322736 0.272608 0.645471 0.545216 0.001228
0 0.444399 0.969435 0.385453 0.0611309 0.00104985
