0 0.84646 0.256753 0.148719 0.161792 0.522412
0 0.953576 0.806004 0.0927594 0.170081 0.372369
0 0.844134 0.256538 0.18305 0.194301 0.145388
0 0.936886 0.803912 0.125978 0.213676 0.058141
0 0.919638 0.825446 0.160725 0.319823 0.0308757
0 0.838463 0.25154 0.241881 0.24816 0.00760046
0 0.467304 0.0535897 0.157378 0.107179 0.00644266
0 0.879675 0.821372 0.240248 0.353709 0.00639978
0 0.581389 0.0165536 0.281295 0.0331072 0.00288658
0 0.42665 0.0559598 0.24016 0.11192 0.00261045
0 0.953268 0.775658 0.0934639 0.397233 0.00236594
0 0.582544 0.0234656 0.32393 0.0469313 0.00225531
0 0.8381 0.839716 0.323202 0.318444 0.00204178
0 0.598516 0.0180975 0.208479 0.036195 0.00189223
0 0.421037 0.0388631 0.253653 0.0777262 0.00185751
0 0.921897 0.824386 0.156206 0.209179 0.00155364
0 0.882958 0.891518 0.234085 0.216917 0.00137663
0 0.369805 0.0606866 0.388394 0.121373 0.00137545
0 0.936685 0.877225 0.126631 0.245549 0.00125726
0 0.577227 0.0370215 0.335058 0.0740431 0.00120593
0 0.962286 0.182344 0.0753386 0.346187 0.00119413
0 0.847687 0.226158 0.293744 0.420679 0.00112136
0 0.022365 0.506948 0.0447223 0.202374 0.00104447
0 0.516134 0.0452936 0.430202 0.0905871 0.00103619
0 0.894621 0.948134 0.21062 0.103732 0.00100234
0 0.0390871 0.507786 0.078165 0.199952 0.0010018
