0 0.320669 0.360191 0.140903 0.154665 0.849076
0 0.0703456 0.379717 0.140615 0.343288 0.114221
0 0.752984 0.984221 0.16225 0.0314932 0.0416232
0 0.75303 0.97852 0.178801 0.0429602 0.0153136
0 0.0695875 0.444927 0.13914 0.187477 0.0146943
0 0.517977 0.768319 0.158056 0.153453 0.0132757
0 0.926586 0.925322 0.146827 0.14885 0.013084
0 0.0908241 0.380717 0.181571 0.404716 0.0114684
0 0.787303 0.928487 0.371772 0.142921 0.00889865
0 0.233424 0.914038 0.207243 0.171923 0.00763726
0 0.952605 0.927551 0.0943764 0.144899 0.00717603
0 0.888374 0.919889 0.223252 0.160222 0.0068439
0 0.774663 0.984791 0.109666 0.0304153 0.00617139
0 0.972391 0.123498 0.0552189 0.246996 0.00584967
0 0.924168 0.947846 0.151664 0.104308 0.00563992
0 0.115412 0.281651 0.230525 0.563302 0.00561578
0 0.947038 0.949682 0.105208 0.100636 0.00539293
0 0.980572 0.123633 0.038807 0.247266 0.00477803
0 0.948412 0.902164 0.103087 0.195671 0.00415253
0 0.837455 0.920579 0.32509 0.158842 0.00373769
0 0.777868 0.986662 0.191865 0.0266761 0.00359382
0 0.975406 0.187184 0.0490491 0.0873401 0.00357655
0 0.912404 0.721588 0.174099 0.21972 0.00345762
0 0.322757 0.36383 0.183301 0.183648 0.00338092
0 0.983782 0.0857736 0.0323555 0.164554 0.00332897
0 0.974117 0.159988 0.051767 0.14859 0.00307561
0 0.234095 0.905428 0.282364 0.189143 0.00255717
0 0.957021 0.979442 0.0857438 0.041117 0.00249233
0 0.0685836 0.416782 0.135174 0.146463 0.00238812
0 0.789006 0.901563 0.421988 0.196385 0.00220565
0 0.72703 0.985488 0.125221 0.0290205 0.00192805
0 0.965492 0.922964 0.0689833 0.135732 0.00189865
0 0.966495 0.134773 0.0668607 0.268659 0.00173187
0 0.129219 0.378644 0.258216 0.419369 0.00148031
0 0.781645 0.928445 0.222404 0.14311 0.00144568
0 0.157245 0.910341 0.181891 0.178298 0.00143909
0 0.17208 0.292844 0.344159 0.585689 0.00137156
0 0.977502 0.0983261 0.0447612 0.193901 0.0013713
0 0.0488051 0.342626 0.0972667 0.27726 0.00131916
0 0.250873 0.886579 0.427876 0.225044 0.00129821
0 0.180936 0.900985 0.30327 0.197701 0.00125548
0 0.953063 0.971842 0.0936798 0.0562317 0.0012533
0 0.98868 0.104416 0.0226395 0.17965 0.0012207
0 0.375968 0.978854 0.207325 0.0422918 0.00118147
0 0.981866 0.0577493 0.0362672 0.114585 0.00116531
0 0.937508 0.97981 0.123423 0.0403799 0.00114889
0 0.952529 0.128951 0.0948945 0.256456 0.00108049
0 0.743992 0.970337 0.204419 0.0593258 0.00107845
0 0.0694252 0.399024 0.137203 0.230785 0.00104582
0 0.0310324 0.956719 0.0620597 0.0865625 0.00101779
0 0.0507165 0.949292 0.101433 0.101417 0.00101241
