0 0.488719 0.505149 0.160177 0.146985 0.0229032
0 0.509801 0.514929 0.215172 0.193475 0.00447142
0 0.988794 0.629155 0.0224119 0.212595 0.00200857
0 0.983947 0.602629 0.0321019 0.335975 0.00194667
0 0.65261 0.0396364 0.531126 0.0792728 0.00186742
0 0.968964 0.583829 0.0618312 0.542384 0.00125159
0 0.976791 0.601043 0.0464184 0.389764 0.00111887
0 0.65106 0.0156307 0.373345 0.0312615 0.00109118
0 0.533406 0.513729 0.259774 0.231152 0.00102689
0 0.626662 0.0232885 0.399364 0.046577 0.00101692
0 0.427976 0.0385921 0.533441 0.0771841 0.00101523
0 0.991399 0.636801 0.017203 0.186711 0.00100402
