0 0.563913 0.363898 0.19529 0.204216 0.316399
0 0.569843 0.368859 0.239705 0.241963 0.0165385
0 0.0438098 0.0636799 0.0876195 0.12736 0.00937455
0 0.0553275 0.0763926 0.110582 0.152785 0.00691943
0 0.958996 0.0820204 0.0818152 0.164041 0.00548275
0 0.962841 0.112291 0.0742662 0.224581 0.0047511
0 0.970641 0.05805 0.0587171 0.1161 0.00424237
0 0.992548 0.557038 0.0149037 0.127474 0.00401562
0 0.594732 0.370775 0.323924 0.280974 0.00396655
0 0.940784 0.0890332 0.118039 0.178066 0.00372538
0 0.973842 0.116778 0.0521927 0.233556 0.00295978
0 0.976699 0.0681187 0.0465821 0.134559 0.00284126
0 0.988857 0.561942 0.0222851 0.167757 0.00248038
0 0.981903 0.108967 0.0361816 0.217935 0.00240636
0 0.0102976 0.534306 0.0205952 0.211614 0.00200623
0 0.0512728 0.130919 0.102546 0.261839 0.00196521
0 0.970696 0.947695 0.0586082 0.104611 0.00194414
0 0.988967 0.70101 0.021996 0.199738 0.00186901
0 0.0209711 0.150371 0.0419423 0.220179 0.00172563
0 0.0296019 0.164916 0.0592038 0.290461 0.00169878
0 0.016772 0.321121 0.0335441 0.242584 0.00166265
0 0.0631415 0.902851 0.126283 0.193797 0.00165719
0 0.0133813 0.303085 0.0267286 0.192527 0.00163701
0 0.534885 0.0155416 0.312537 0.0310832 0.0016361
0 0.0221866 0.312449 0.0441389 0.274502 0.00161795
0 0.940718 0.0422326 0.118565 0.0844653 0.00161662
0 0.984289 0.543573 0.0314224 0.208684 0.0015747
0 0.533658 0.0129974 0.196877 0.0259948 0.00154848
0 0.983534 0.502077 0.0329316 0.338535 0.00151633
0 0.930012 0.0577532 0.139975 0.115506 0.00151158
0 0.0360565 0.953258 0.0721129 0.0934503 0.00139219
0 0.0180301 0.156638 0.0360425 0.156694 0.00132898
0 0.983356 0.692907 0.0332247 0.208858 0.00129417
0 0.988555 0.191138 0.0228895 0.161704 0.00128019
0 0.0142646 0.576994 0.0285293 0.270785 0.0012535
0 0.981585 0.923775 0.0368301 0.152437 0.00123788
0 0.767688 0.0223365 0.274473 0.0446731 0.00123708
0 0.992241 0.198458 0.0155171 0.138654 0.00120698
0 0.0124428 0.0581673 0.0248856 0.116335 0.00117931
0 0.983767 0.957744 0.0324657 0.0845125 0.0011603
0 0.0141959 0.264697 0.0283919 0.269779 0.00116023
0 0.98329 0.576682 0.033419 0.307886 0.00115779
0 0.0236751 0.600109 0.0473502 0.412317 0.00115757
0 0.990319 0.0442227 0.0193621 0.0884454 0.00115576
0 0.959832 0.945197 0.080287 0.109606 0.00115338
0 0.0424484 0.225439 0.0848174 0.443643 0.00114876
0 0.107747 0.0790972 0.214946 0.158194 0.00113272
0 0.0163558 0.12961 0.0327117 0.259221 0.00112343
0 0.977243 0.535734 0.0455143 0.261437 0.00111877
0 0.776967 0.0339982 0.266659 0.0678775 0.00109563
0 0.0522616 0.941571 0.104251 0.116853 0.0010859
0 0.976196 0.503895 0.047609 0.367532 0.00105559
0 0.0210449 0.11156 0.0420898 0.22312 0.00103978
0 0.934982 0.141895 0.130003 0.283791 0.00103561
