0 0.376066 0.34208 0.183815 0.183309 0.80379
0 0.536407 0.94004 0.325766 0.119885 0.169089
0 0.97151 0.399701 0.0569797 0.188198 0.103138
0 0.975865 0.418865 0.0481899 0.1468 0.0347133
0 0.967241 0.381598 0.0654511 0.25857 0.0177909
0 0.569158 0.924262 0.395007 0.151339 0.0154411
0 0.982711 0.775286 0.034577 0.240497 0.00387631
0 0.982881 0.74695 0.0342373 0.138068 0.00370852
0 0.953614 0.362277 0.0927715 0.296605 0.00326856
0 0.871151 0.0919457 0.257698 0.183891 0.00322864
0 0.960379 0.333506 0.0792427 0.404082 0.0024062
0 0.615132 0.911382 0.502439 0.177013 0.0019887
0 0.976592 0.77899 0.0468161 0.26163 0.00195833
0 0.983295 0.73954 0.0334105 0.0979521 0.00158259
0 0.535122 0.95465 0.384762 0.0906998 0.00148187
0 0.588165 0.988018 0.201386 0.0239639 0.00144713
0 0.977328 0.755175 0.0452917 0.177962 0.00139223
0 0.945885 0.321905 0.10823 0.400793 0.00134232
0 0.967018 0.803044 0.0656123 0.371906 0.00121447
0 0.934014 0.43512 0.131919 0.37062 0.00112716
