0 0.45542 0.21579 0.193254 0.190532 0.903144
0 0.975889 0.259639 0.0482228 0.317918 0.00828271
0 0.955401 0.262166 0.0891988 0.303363 0.00742737
0 0.0973082 0.95845 0.193298 0.0826467 0.00639319
0 0.957529 0.269019 0.0847598 0.42426 0.00482707
0 0.0579279 0.0969281 0.115604 0.193856 0.00444113
0 0.127057 0.950579 0.253468 0.0987992 0.00261027
0 0.946869 0.285738 0.106059 0.539642 0.00229011
0 0.16402 0.957012 0.327633 0.0858092 0.00226349
0 0.0692278 0.118398 0.138325 0.236747 0.00202037
0 0.0362562 0.107348 0.0723433 0.214695 0.0019163
0 0.0317613 0.0824585 0.0635057 0.163598 0.00175243
0 0.0202079 0.0725936 0.0404072 0.143586 0.00167127
0 0.0222895 0.0951629 0.044579 0.190326 0.00152394
0 0.125638 0.0928075 0.250838 0.185615 0.00121452
