0 0.579663 0.21072 0.58729 0.420285 0.84374
0 0.0106886 0.064313 0.0213773 0.128626 0.00515246
0 0.0105143 0.336778 0.0209873 0.187468 0.00380936
0 0.0149552 0.0474625 0.0297985 0.0947384 0.00373686
0 0.0216875 0.0487778 0.0433749 0.0975556 0.00308296
0 0.864012 0.40129 0.220732 0.330239 0.00306311
0 0.00642737 0.340671 0.0128069 0.139121 0.00275205
0 0.015558 0.0726087 0.0311056 0.144478 0.00273361
0 0.0222132 0.0778531 0.0444264 0.15554 0.00201036
0 0.841825 0.285823 0.285621 0.571645 0.0019585
0 0.00782195 0.0534127 0.0155946 0.106825 0.00167295
0 0.0360739 0.0494108 0.0721478 0.0988216 0.00116141
0 0.664374 0.311794 0.63253 0.623588 0.00110241
