0 0.540016 0.20882 0.217756 0.239688 0.90375
0 0.296725 0.949071 0.290082 0.101684 0.352246
0 0.304163 0.942803 0.369818 0.114298 0.124911
0 0.31132 0.926105 0.485752 0.147678 0.0157543
0 0.557169 0.212363 0.291553 0.268745 0.00819531
0 0.900543 0.94601 0.19864 0.10798 0.00323561
0 0.909569 0.985952 0.139723 0.0280956 0.00265174
0 0.918287 0.969163 0.162984 0.0616732 0.00208664
0 0.355497 0.94304 0.548231 0.113856 0.00199186
0 0.919186 0.979221 0.160411 0.0415165 0.00176595
0 0.910285 0.917171 0.17943 0.165657 0.00159986
0 0.973718 0.348994 0.0525637 0.368301 0.001459
0 0.0872673 0.949068 0.174163 0.101865 0.00137328
0 0.972433 0.412173 0.0551349 0.381488 0.00130812
0 0.230731 0.381331 0.290546 0.251794 0.00128559
0 0.979699 0.394955 0.0406028 0.358039 0.00127117
0 0.561165 0.978719 0.2263 0.0425622 0.00122519
0 0.907226 0.992466 0.13688 0.0150684 0.00112447
0 0.0388139 0.960933 0.0776278 0.0779816 0.00110267
0 0.904631 0.988436 0.190737 0.0230963 0.00110141
0 0.0563841 0.945101 0.112745 0.109798 0.0010809
0 0.692954 0.988631 0.18507 0.0227382 0.00102381
0 0.907786 0.993479 0.175638 0.0129718 0.0010221
0 0.560449 0.95993 0.226886 0.0801407 0.00101835
