0 0.476199 0.518716 0.243354 0.231903 0.294705
0 0.0366055 0.462844 0.0730948 0.212951 0.0845053
0 0.0428602 0.503764 0.0856903 0.368717 0.0607377
0 0.0314577 0.457693 0.0629154 0.170834 0.032938
0 0.473552 0.517967 0.285396 0.284099 0.0290243
0 0.0556576 0.506081 0.111315 0.481815 0.0167193
0 0.0225583 0.490827 0.0451166 0.297772 0.01518
0 0.114969 0.0520665 0.229556 0.104133 0.00650145
0 0.101095 0.0411096 0.2011 0.0821363 0.00510795
0 0.645588 0.906911 0.606081 0.186107 0.00509016
0 0.0293675 0.519304 0.0587351 0.37905 0.00493094
0 0.0516655 0.413424 0.103235 0.533145 0.00435037
0 0.119471 0.0758351 0.238905 0.15167 0.0039302
0 0.0161001 0.519303 0.0322002 0.334372 0.00300711
0 0.0670803 0.40807 0.134161 0.611411 0.00285207
0 0.0268768 0.39355 0.0537536 0.358187 0.00252107
0 0.688322 0.872616 0.623355 0.254614 0.0024485
0 0.59851 0.923276 0.451494 0.1534 0.00240061
0 0.0200703 0.405585 0.0401068 0.277061 0.00184832
0 0.0809987 0.494006 0.161997 0.594283 0.00180776
0 0.116009 0.0460607 0.232019 0.092108 0.00150006
0 0.0246835 0.440484 0.049367 0.239884 0.00148645
0 0.0709635 0.0420991 0.141927 0.0841982 0.00141847
0 0.967182 0.817004 0.0652626 0.360968 0.00138723
0 0.109787 0.0285759 0.219574 0.0571517 0.00127276
0 0.107329 0.123497 0.214659 0.246319 0.00121198
0 0.0435563 0.382194 0.0870319 0.360076 0.00116846
0 0.966803 0.353069 0.0662246 0.557922 0.00108937
0 0.0476401 0.0530438 0.0952803 0.105605 0.00107077
0 0.701537 0.930984 0.596926 0.138029 0.00106691
0 0.542008 0.941324 0.297191 0.117352 0.00101803
