0 0.396819 0.231408 0.202142 0.184179 0.878526
0 0.394374 0.229525 0.237316 0.228322 0.0356435
0 0.926197 0.130958 0.147605 0.261916 0.010504
0 0.105076 0.983553 0.175847 0.0327797 0.00814521
0 0.421849 0.188081 0.356361 0.356163 0.00603657
0 0.917977 0.0979499 0.164046 0.1959 0.00596598
0 0.269048 0.0620395 0.538096 0.124079 0.00528732
0 0.106203 0.978008 0.212407 0.0439587 0.00497266
0 0.28182 0.0820705 0.563639 0.164141 0.00494427
0 0.0105747 0.933786 0.0210647 0.132428 0.0047768
0 0.11517 0.972766 0.23034 0.0541744 0.00378897
0 0.0180373 0.931375 0.0360455 0.130806 0.00320694
0 0.943662 0.165216 0.112507 0.330096 0.00316078
0 0.0257443 0.931082 0.0514887 0.132865 0.00315255
0 0.106285 0.986458 0.144908 0.0270833 0.00312114
0 0.408846 0.230302 0.297583 0.264895 0.00290043
0 0.00676492 0.930139 0.0135298 0.121155 0.00280106
0 0.294231 0.122227 0.588461 0.244454 0.00215537
0 0.0392227 0.919029 0.0777691 0.161942 0.00204428
0 0.170535 0.962118 0.341071 0.0756545 0.00186027
0 0.493721 0.202432 0.472755 0.404384 0.0018391
0 0.113218 0.991785 0.118522 0.0164301 0.00178895
0 0.982561 0.467228 0.0348248 0.282958 0.00178692
0 0.0797139 0.918 0.158551 0.163999 0.00158426
0 0.295384 0.831072 0.226627 0.210155 0.00157164
0 0.100585 0.936699 0.20117 0.126602 0.00156959
0 0.569141 0.288186 0.12499 0.127968 0.00156693
0 0.560552 0.983756 0.281259 0.0324745 0.00145395
0 0.0922658 0.950053 0.183621 0.099829 0.00140156
0 0.554794 0.978309 0.33135 0.0433619 0.00137047
0 0.568758 0.983531 0.195527 0.0329376 0.00121518
0 0.975384 0.466253 0.0492319 0.306648 0.00117171
0 0.0140806 0.903408 0.0281612 0.193184 0.00112902
0 0.0553455 0.923949 0.110041 0.152102 0.00112595
0 0.511007 0.984363 0.326369 0.0312607 0.00111525
0 0.86606 0.0750926 0.267879 0.150185 0.00108092
0 0.321375 0.839914 0.282799 0.267963 0.0010638
0 0.983602 0.694292 0.0327713 0.231805 0.00105627
0 0.569384 0.972299 0.249278 0.0554026 0.00104653
0 0.577478 0.268981 0.153735 0.167074 0.00104429
