0 0.57994 0.388398 0.184732 0.182607 0.85859
0 0.928128 0.935091 0.143538 0.12981 0.0661695
0 0.907766 0.925583 0.184037 0.148834 0.0440126
0 0.877491 0.27684 0.162835 0.179653 0.0168555
0 0.577479 0.390594 0.239729 0.238616 0.0098268
0 0.958141 0.93393 0.0836718 0.132139 0.00910453
0 0.906083 0.891407 0.187834 0.217187 0.00803477
0 0.87457 0.911415 0.250859 0.177171 0.00687973
0 0.65866 0.976122 0.111154 0.0476103 0.00683845
0 0.773402 0.018719 0.293111 0.0374379 0.00628003
0 0.396023 0.971924 0.156417 0.0560024 0.00548604
0 0.418306 0.95207 0.359397 0.0958279 0.00500473
0 0.387008 0.967865 0.198887 0.0642706 0.00454066
0 0.438184 0.962917 0.306561 0.0741656 0.00420546
0 0.766566 0.0259066 0.316155 0.0518133 0.00410863
0 0.796046 0.0122454 0.199859 0.0244907 0.00344479
0 0.979404 0.598702 0.0411929 0.280141 0.00300505
0 0.983953 0.543171 0.0319972 0.237746 0.0027373
0 0.807837 0.0205828 0.215751 0.0411655 0.00268156
0 0.0397236 0.931256 0.0794293 0.135087 0.00267529
0 0.975054 0.630829 0.0498911 0.327481 0.0025856
0 0.904704 0.950929 0.190591 0.0981423 0.00252601
0 0.983015 0.332615 0.0339693 0.210319 0.00245811
0 0.0160434 0.135451 0.0320868 0.255726 0.00245265
0 0.351525 0.01209 0.170156 0.0241799 0.00242478
0 0.0106329 0.105262 0.0212659 0.187152 0.00233333
0 0.0260317 0.144281 0.0519748 0.284714 0.00229294
0 0.982631 0.353576 0.0347371 0.322859 0.00220654
0 0.981231 0.718834 0.0375128 0.336318 0.00206815
0 0.380822 0.976473 0.289923 0.0469964 0.00191265
0 0.0524381 0.926647 0.104369 0.146706 0.00178432
0 0.354934 0.00898404 0.146014 0.0179681 0.00177329
0 0.977217 0.543298 0.0455353 0.276492 0.00172976
0 0.406644 0.940783 0.425337 0.118352 0.00172594
0 0.964222 0.594449 0.0713966 0.42741 0.00171302
0 0.935746 0.911749 0.128483 0.176461 0.0016989
0 0.765286 0.0475591 0.281653 0.0946488 0.0016885
0 0.370121 0.964604 0.290942 0.0707923 0.00168818
0 0.86713 0.869597 0.265566 0.260805 0.00166534
0 0.978908 0.663001 0.042071 0.291381 0.00161359
0 0.100711 0.0116901 0.201423 0.0233803 0.00153867
0 0.97642 0.346549 0.0471597 0.296318 0.00153474
0 0.397089 0.980675 0.165293 0.0386335 0.00152932
0 0.918033 0.850875 0.163933 0.298251 0.00152861
0 0.0456237 0.161159 0.0907345 0.29404 0.00150699
0 0.801551 0.00939426 0.155617 0.0187885 0.00147831
0 0.0243958 0.383918 0.0486153 0.290986 0.0014421
0 0.988849 0.319716 0.0223019 0.199355 0.00143411
0 0.383786 0.957338 0.165845 0.0853243 0.00141969
0 0.440755 0.943349 0.270275 0.113302 0.00141664
0 0.983931 0.282451 0.0321052 0.200426 0.00140705
0 0.0304385 0.465591 0.0605993 0.331805 0.00136182
0 0.100677 0.00876341 0.153783 0.0175268 0.00132069
0 0.655439 0.991819 0.12691 0.0163614 0.00125391
0 0.983801 0.179744 0.0322959 0.291177 0.00123413
0 0.0110912 0.408982 0.0221824 0.199438 0.0012164
0 0.476322 0.962288 0.211824 0.0754186 0.00120148
0 0.015506 0.388779 0.0310013 0.253834 0.00119318
0 0.478344 0.977112 0.201099 0.0457762 0.00119133
0 0.365334 0.0156113 0.283878 0.0312225 0.00117613
0 0.014544 0.439542 0.0290672 0.194189 0.00115188
0 0.0230364 0.238116 0.0460727 0.374653 0.00113906
0 0.00639673 0.102619 0.0127935 0.14315 0.0011263
0 0.0437014 0.227887 0.0872276 0.340148 0.00112136
0 0.0474306 0.423846 0.0948433 0.411989 0.00109654
0 0.0127555 0.930465 0.0254069 0.13907 0.00108451
0 0.0215232 0.932359 0.0429972 0.135092 0.00107611
0 0.971509 0.719468 0.0568534 0.339924 0.0010646
0 0.731037 0.745135 0.13386 0.130702 0.00105405
0 0.983489 0.247393 0.0330222 0.306866 0.00105385
0 0.0072282 0.439182 0.0144564 0.165456 0.00104227
0 0.964326 0.951844 0.0711533 0.0956395 0.00103636
0 0.0158025 0.332224 0.0316008 0.310279 0.00102697
0 0.0237065 0.313177 0.0473923 0.363644 0.00102639
0 0.670515 0.977126 0.169967 0.0456887 0.00102367
0 0.965869 0.339128 0.0681152 0.378322 0.00101386
0 0.969328 0.936518 0.0613439 0.123786 0.00101016
