0 0.603298 0.208951 0.422483 0.357419 0.913786
0 0.0177201 0.241181 0.0352949 0.196989 0.0561274
0 0.0244142 0.244519 0.0476833 0.209369 0.0115904
0 0.407847 0.916111 0.303785 0.167777 0.0092138
0 0.467369 0.912617 0.451072 0.174759 0.00546503
0 0.974679 0.856898 0.050642 0.286204 0.00392032
0 0.966101 0.893861 0.067775 0.209446 0.00354189
0 0.960519 0.863243 0.0785661 0.273416 0.00245054
0 0.959102 0.316989 0.0817956 0.442825 0.00212721
0 0.0200463 0.219217 0.040078 0.130339 0.0021176
0 0.0260048 0.254472 0.0519167 0.324513 0.00210843
0 0.0174338 0.261956 0.0348676 0.310072 0.00210195
0 0.982159 0.359308 0.0356066 0.305046 0.00189021
0 0.860178 0.278888 0.270279 0.344956 0.00174354
0 0.375243 0.914323 0.211564 0.171354 0.00173554
0 0.644267 0.211317 0.343637 0.422635 0.00158982
0 0.557361 0.889757 0.604227 0.220325 0.00128344
0 0.0763076 0.820766 0.152615 0.240347 0.00113648
0 0.0429143 0.225092 0.0858286 0.259921 0.0010912
0 0.186198 0.876309 0.200671 0.246267 0.00100346
