0 0.497466 0.504634 0.178994 0.175289 0.693475
0 0.0564731 0.0204665 0.112946 0.0408151 0.00910072
0 0.310939 0.0124915 0.193491 0.0249829 0.00870654
0 0.0850754 0.0287264 0.170151 0.0574529 0.00663645
0 0.0655138 0.0254247 0.130843 0.0506953 0.0064122
0 0.049833 0.0142587 0.0996661 0.0285174 0.00543938
0 0.314981 0.00998762 0.148185 0.0199752 0.00488437
0 0.0604182 0.0121116 0.120836 0.0242232 0.00478567
0 0.294729 0.0159723 0.317833 0.0319446 0.00477758
0 0.288049 0.039722 0.576099 0.0794441 0.00429203
0 0.14784 0.0492416 0.295679 0.0984831 0.00398423
0 0.304953 0.0178973 0.214884 0.0357228 0.00355683
0 0.293876 0.0233038 0.373225 0.0464724 0.00346445
0 0.344427 0.0229922 0.218982 0.0459823 0.00343233
0 0.109962 0.0240103 0.219683 0.047906 0.00300108
0 0.0871979 0.0527275 0.174396 0.105103 0.00294772
0 0.912848 0.0551357 0.174303 0.110271 0.00283948
0 0.979834 0.0675495 0.0403317 0.134433 0.00283683
0 0.877521 0.0467711 0.244607 0.0935421 0.00262666
0 0.940595 0.0627323 0.118687 0.125211 0.00255824
0 0.298709 0.033376 0.395579 0.066752 0.00255059
0 0.117276 0.0332043 0.233787 0.0663362 0.00250577
0 0.570868 0.0211665 0.283409 0.0423331 0.00241309
0 0.365912 0.0201824 0.291866 0.0403649 0.00239161
0 0.91593 0.027016 0.168005 0.054032 0.00231977
0 0.250138 0.0589686 0.495095 0.117937 0.00229116
0 0.328928 0.00731108 0.184275 0.0146222 0.00223141
0 0.0521488 0.00758806 0.104298 0.0151761 0.00215997
0 0.48462 0.963757 0.586274 0.0723646 0.00215166
0 0.0431953 0.0102728 0.0863905 0.0205457 0.00214802
0 0.906006 0.0379469 0.187988 0.0755971 0.00207907
0 0.340206 0.0115124 0.21284 0.0230249 0.00197587
0 0.341986 0.0291334 0.261288 0.0580819 0.0019495
0 0.221533 0.100833 0.439187 0.201366 0.001834
0 0.0711848 0.0355118 0.141941 0.0710236 0.0017246
0 0.975755 0.0549304 0.0484903 0.109776 0.00170648
0 0.17938 0.0163366 0.34114 0.0326733 0.00166267
0 0.897117 0.018051 0.205767 0.0360677 0.00157108
0 0.0921993 0.084794 0.184399 0.169588 0.00153827
0 0.851265 0.0158664 0.29747 0.0317328 0.00149547
0 0.968711 0.037477 0.062577 0.074954 0.00147659
0 0.146114 0.015934 0.292229 0.031868 0.00144807
0 0.40797 0.0402871 0.553017 0.0805741 0.00144431
0 0.643152 0.886621 0.392153 0.226652 0.00142796
0 0.297623 0.0786133 0.595246 0.157227 0.00141066
0 0.933726 0.0938304 0.132547 0.187277 0.00140957
0 0.575351 0.0264859 0.356698 0.0529718 0.00135589
0 0.393879 0.0238143 0.376767 0.0476286 0.00131481
0 0.883554 0.0259827 0.231583 0.0517696 0.00124564
0 0.582191 0.0361081 0.300945 0.0722161 0.00123484
0 0.125384 0.0166971 0.250769 0.0333582 0.00122959
0 0.324166 0.0370148 0.264694 0.0740295 0.00119367
0 0.922098 0.0117565 0.155803 0.0235131 0.00119172
0 0.56858 0.977209 0.425718 0.0455827 0.00114233
0 0.620452 0.0134046 0.193786 0.0268023 0.00110523
0 0.619127 0.929624 0.506071 0.140751 0.00109826
0 0.157044 0.0237821 0.314088 0.0475642 0.00109313
0 0.079854 0.802794 0.159708 0.393645 0.00108005
0 0.845508 0.0236146 0.308984 0.0472292 0.00107352
0 0.160597 0.078527 0.320635 0.157054 0.00104079
