0 0.550304 0.355554 0.145319 0.162442 0.648967
0 0.550363 0.356938 0.197664 0.201896 0.0132159
0 0.448649 0.56486 0.165457 0.16309 0.00565421
0 0.988956 0.0860961 0.0220873 0.172192 0.00557972
0 0.990581 0.076098 0.0188388 0.152196 0.00261415
0 0.967578 0.224579 0.0646645 0.426782 0.00241151
0 0.98188 0.245072 0.0362399 0.354446 0.00172873
0 0.322654 0.0223115 0.346216 0.0446231 0.00157984
0 0.949925 0.964012 0.10015 0.0719383 0.00150385
0 0.97502 0.233973 0.0499349 0.357591 0.0013705
0 0.981833 0.218937 0.036294 0.246359 0.00126125
0 0.983475 0.0976539 0.0330508 0.195308 0.00119932
0 0.316359 0.0335865 0.404019 0.067173 0.00119655
0 0.933791 0.970351 0.132418 0.0592974 0.00117855
