0 0.59487 0.289634 0.422266 0.409332 0.911447
0 0.748618 0.875846 0.324325 0.248307 0.243559
0 0.0485652 0.91496 0.0967842 0.17008 0.0628055
0 0.289433 0.951497 0.416139 0.0969603 0.0309854
0 0.759848 0.853221 0.396513 0.293558 0.0237957
0 0.282354 0.940003 0.495038 0.119778 0.0133669
0 0.0451179 0.909931 0.0902358 0.121132 0.0127921
0 0.0571193 0.0775818 0.112756 0.153155 0.0106581
0 0.0587896 0.871839 0.117579 0.255634 0.00969443
0 0.490879 0.914501 0.193018 0.170998 0.00887548
0 0.293949 0.957737 0.259782 0.0845262 0.0078401
0 0.679877 0.862216 0.508607 0.275569 0.00676516
0 0.0127784 0.627838 0.0255569 0.259165 0.00643577
0 0.0758897 0.900046 0.151037 0.199908 0.00631963
0 0.011156 0.644933 0.022303 0.178674 0.0059355
0 0.88824 0.107176 0.218486 0.213176 0.00566588
0 0.0882748 0.84629 0.176466 0.305874 0.00437546
0 0.0152836 0.591228 0.0305671 0.346384 0.00430752
0 0.515705 0.90779 0.135519 0.153626 0.00384035
0 0.265072 0.964707 0.233527 0.0705855 0.00320823
0 0.0154191 0.666151 0.0308382 0.34326 0.00295592
0 0.319529 0.9252 0.580698 0.149531 0.00284641
0 0.038971 0.0758269 0.0779421 0.151352 0.00284563
0 0.0486005 0.726771 0.0970387 0.278978 0.00234027
0 0.962941 0.780395 0.0738461 0.439211 0.00233799
0 0.0241093 0.585211 0.0482185 0.393995 0.00229612
0 0.767982 0.299878 0.464037 0.599756 0.00217534
0 0.010574 0.069519 0.0211479 0.139038 0.00215968
0 0.0203788 0.644364 0.0407576 0.346581 0.00213641
0 0.846589 0.143095 0.300208 0.28619 0.00209247
0 0.133616 0.904939 0.267231 0.190122 0.00209033
0 0.0184311 0.0674571 0.0368621 0.133389 0.00207818
0 0.273849 0.907502 0.547698 0.184568 0.00205955
0 0.0475501 0.709559 0.0950958 0.190416 0.0020421
0 0.067084 0.0997349 0.134168 0.19946 0.00198179
0 0.0503676 0.675383 0.100735 0.331413 0.00195503
0 0.630747 0.0158555 0.292943 0.031711 0.00192777
0 0.0269552 0.0792721 0.0539103 0.158143 0.00192549
0 0.0871347 0.131306 0.174201 0.261913 0.00177596
0 0.0526048 0.51687 0.10519 0.355024 0.00173415
0 0.151124 0.85937 0.301657 0.28126 0.00171617
0 0.072551 0.548124 0.145102 0.227999 0.00162745
0 0.234053 0.740799 0.301352 0.33483 0.00153716
0 0.128606 0.806186 0.257016 0.387627 0.00152936
0 0.543883 0.900672 0.317613 0.198657 0.00150931
0 0.0356506 0.749674 0.0713012 0.338322 0.00144896
0 0.211498 0.967026 0.399195 0.0659488 0.00144373
0 0.0581983 0.755965 0.116397 0.448643 0.00142584
0 0.537958 0.913139 0.234457 0.172513 0.00139905
0 0.212027 0.982971 0.36984 0.0339018 0.0013745
0 0.20986 0.977232 0.417587 0.0455258 0.00137267
0 0.0176871 0.0437321 0.0352994 0.0874338 0.00135926
0 0.0328812 0.0436825 0.0657624 0.0873649 0.00135333
0 0.590417 0.881796 0.405666 0.234546 0.00132426
0 0.816641 0.862754 0.17222 0.186004 0.0012624
0 0.00637343 0.0574524 0.0127337 0.114905 0.00117328
0 0.0661447 0.655581 0.132257 0.35885 0.00114816
0 0.525531 0.888517 0.0988069 0.105268 0.00114341
0 0.635069 0.02328 0.365586 0.04656 0.00110541
0 0.574184 0.396014 0.512574 0.297777 0.00105767
0 0.057192 0.959836 0.114014 0.0803277 0.00105604
0 0.984075 0.256797 0.0318122 0.233897 0.0010506
0 0.0252413 0.680454 0.0504826 0.405026 0.00104225
0 0.0544241 0.585535 0.108848 0.419974 0.0010277
0 0.0688672 0.542491 0.137734 0.332458 0.00102486
