0 0.589945 0.568079 0.22047 0.202827 0.627596
0 0.590566 0.568952 0.261514 0.252773 0.0475465
0 0.100459 0.940435 0.200902 0.119131 0.00355301
0 0.088358 0.903586 0.176716 0.192828 0.00318514
0 0.113501 0.972957 0.225417 0.054086 0.00270196
0 0.0819014 0.961553 0.163717 0.0768936 0.00224994
0 0.714792 0.956899 0.570416 0.0862027 0.00205169
0 0.116101 0.982046 0.226711 0.0359073 0.00176409
0 0.0704438 0.864139 0.140888 0.270688 0.00160421
0 0.0595922 0.94394 0.118427 0.112119 0.0015245
0 0.29223 0.0370472 0.584459 0.0740944 0.00147438
0 0.137393 0.96522 0.267341 0.0695605 0.00144016
0 0.111549 0.956576 0.221872 0.086848 0.001375
0 0.1371 0.977483 0.274201 0.0450337 0.00127637
0 0.161739 0.97805 0.323478 0.0438998 0.00126198
0 0.553633 0.016764 0.384233 0.0335279 0.0012022
0 0.555618 0.0241832 0.425154 0.0483664 0.00106698
0 0.308297 0.942681 0.616595 0.114637 0.00101979
0 0.769145 0.972359 0.409454 0.0551277 0.00100991
0 0.767889 0.980107 0.36978 0.0395695 0.00100071
