0 0.442437 0.413688 0.108156 0.10816 0.783159
0 0.438476 0.415525 0.144439 0.139696 0.00324041
0 0.0147887 0.822132 0.029524 0.176431 0.00287201
0 0.0143198 0.79455 0.0286397 0.094815 0.00215002
0 0.0172436 0.859994 0.0344872 0.280013 0.00138374
0 0.492777 0.984145 0.322962 0.0316832 0.00130737
0 0.508755 0.98441 0.206855 0.0311803 0.00123041
0 0.0206104 0.82531 0.0411029 0.213242 0.00118716
0 0.026556 0.853663 0.0529489 0.292674 0.0011503
0 0.490034 0.978309 0.387856 0.0433816 0.00103673
0 0.501548 0.978176 0.248021 0.0436486 0.00102725
