0 0.475414 0.285732 0.203835 0.167386 0.847788
0 0.172481 0.297642 0.180363 0.196609 0.549655
0 0.921708 0.912611 0.156584 0.174779 0.0495287
0 0.176712 0.298564 0.226225 0.229444 0.0470551
0 0.976971 0.768476 0.0460581 0.155936 0.0207386
0 0.91119 0.87101 0.17762 0.25798 0.0116946
0 0.477528 0.290013 0.238237 0.226664 0.0113427
0 0.975098 0.773694 0.0498034 0.214331 0.00693827
0 0.0126622 0.939616 0.0252561 0.120574 0.00686558
0 0.0111965 0.92675 0.0223588 0.1465 0.00636929
0 0.007224 0.938039 0.0144187 0.123922 0.00526283
0 0.96622 0.783196 0.0671721 0.402011 0.00479743
0 0.0185838 0.927946 0.0371675 0.144108 0.00464691
0 0.96936 0.7663 0.0611203 0.177334 0.00449399
0 0.0136455 0.920976 0.0272909 0.158049 0.00377864
0 0.978763 0.945288 0.0424747 0.109424 0.00367562
0 0.0102479 0.113781 0.0204958 0.211545 0.00346595
0 0.945054 0.949209 0.109891 0.101479 0.00342893
0 0.968806 0.956403 0.0623889 0.0869935 0.00280294
0 0.177012 0.277361 0.278594 0.292003 0.00269561
0 0.00633549 0.949157 0.0125836 0.101686 0.00269263
0 0.51296 0.308474 0.124834 0.11968 0.00223784
0 0.00674295 0.123482 0.0134516 0.182701 0.00218664
0 0.0397711 0.913949 0.0795422 0.172103 0.00216082
0 0.882824 0.857565 0.234351 0.28487 0.00211175
0 0.98062 0.920961 0.0387597 0.157737 0.00206152
0 0.172634 0.977478 0.260425 0.0450437 0.00204303
0 0.889913 0.906321 0.220174 0.187358 0.00201296
0 0.972073 0.790582 0.0557541 0.297929 0.00195067
0 0.937956 0.932886 0.124088 0.134229 0.00184079
0 0.209899 0.95802 0.419799 0.0838559 0.00176811
0 0.0196106 0.886268 0.0392212 0.227463 0.00166648
0 0.68089 0.988592 0.192662 0.0228167 0.00158439
0 0.929594 0.801838 0.140813 0.39561 0.00153921
0 0.170872 0.972996 0.335756 0.0539973 0.00148512
0 0.978182 0.815111 0.0436367 0.322838 0.00139998
0 0.133209 0.980414 0.263776 0.0390625 0.0013007
0 0.975849 0.717342 0.0483013 0.349434 0.00128949
0 0.988351 0.936001 0.0232975 0.127999 0.00124706
0 0.864962 0.171465 0.269367 0.338589 0.00124221
0 0.966765 0.700324 0.0663859 0.452368 0.00122049
0 0.0153011 0.883522 0.0306022 0.232956 0.00116912
0 0.922718 0.954745 0.154415 0.09051 0.00112681
0 0.656705 0.975719 0.165174 0.0485085 0.00111608
0 0.520397 0.989122 0.20397 0.0217406 0.00109786
0 0.975282 0.966439 0.0494366 0.0671227 0.00109751
0 0.037302 0.944499 0.0744639 0.111002 0.00109644
0 0.930832 0.166905 0.138335 0.332614 0.00106528
0 0.0450188 0.874991 0.0899198 0.250017 0.00105544
0 0.0136981 0.593135 0.0273352 0.262099 0.00102437
0 0.00877953 0.937211 0.0175591 0.125577 0.00101857
0 0.222759 0.933332 0.443729 0.133216 0.00101248
0 0.134231 0.967036 0.268462 0.0659288 0.0010018
