0 0.50536 0.40884 0.234513 0.154975 0.528299
0 0.507049 0.410961 0.26548 0.208794 0.137359
0 0.506673 0.406263 0.295298 0.277596 0.0337888
0 0.570377 0.0233399 0.123001 0.0464958 0.0264284
0 0.549348 0.02458 0.181564 0.04916 0.0162334
0 0.765091 0.028133 0.161247 0.0559623 0.0059663
0 0.54261 0.0272561 0.308025 0.0545122 0.0057579
0 0.289316 0.0143617 0.124092 0.0287078 0.0055676
0 0.503547 0.369309 0.253119 0.268829 0.00533577
0 0.970516 0.730877 0.0589685 0.174722 0.00530218
0 0.548835 0.0312651 0.209689 0.0625302 0.00419724
0 0.755197 0.0276305 0.243963 0.0552611 0.00345738
0 0.969577 0.73518 0.060845 0.250219 0.00286035
0 0.969961 0.684883 0.0600779 0.315898 0.00262458
0 0.96551 0.68332 0.0688798 0.44557 0.00257299
0 0.291366 0.0156769 0.256138 0.0313538 0.00244039
0 0.101811 0.87311 0.203536 0.25378 0.00234341
0 0.301484 0.0156439 0.175715 0.0312878 0.00228211
0 0.983176 0.10713 0.0336487 0.0798949 0.00200071
0 0.52635 0.0329021 0.390446 0.0658041 0.00197949
0 0.977087 0.670728 0.0458264 0.35808 0.00157476
0 0.744772 0.0326603 0.311444 0.0653206 0.00148068
0 0.980076 0.779665 0.039848 0.339518 0.0014084
0 0.797167 0.0298506 0.269285 0.0595316 0.00140729
0 0.240239 0.0191496 0.358698 0.0382991 0.00121565
0 0.972746 0.785632 0.0543909 0.367268 0.0012075
0 0.983118 0.0833104 0.0337645 0.126739 0.0011876
0 0.312985 0.0227929 0.258667 0.0455858 0.00118204
0 0.879432 0.955449 0.240582 0.0890898 0.00115659
0 0.917822 0.980758 0.161559 0.0384786 0.00114545
0 0.166858 0.023959 0.242053 0.0479076 0.00102469
0 0.914193 0.965187 0.171092 0.0694671 0.00101069
