0 0.966398 0.598269 0.0670857 0.47101 0.00782927
0 0.97168 0.60981 0.0566399 0.313771 0.0051131
0 0.972884 0.646645 0.054231 0.225386 0.00490183
0 0.848403 0.0589022 0.302739 0.117804 0.00307482
0 0.981294 0.607132 0.0372775 0.356263 0.00292021
0 0.951997 0.601 0.0959725 0.54224 0.00287859
0 0.965263 0.658582 0.0694408 0.263484 0.00253842
0 0.965215 0.705061 0.06949 0.589879 0.00247141
0 0.849008 0.0422015 0.301983 0.0841516 0.00235572
0 0.865887 0.0773639 0.268227 0.154728 0.00225667
0 0.0781777 0.0678155 0.156355 0.135524 0.00205449
0 0.0647957 0.0203005 0.129591 0.0404771 0.00196547
0 0.787466 0.0414444 0.425069 0.0828887 0.00178061
0 0.079238 0.0338763 0.158476 0.0677527 0.00165172
0 0.981865 0.740657 0.0362597 0.385734 0.00151395
0 0.115678 0.0694495 0.231109 0.138899 0.00148487
0 0.880574 0.050011 0.237813 0.0996552 0.00147891
0 0.0546882 0.0280882 0.109376 0.0561765 0.00141887
0 0.944787 0.68375 0.110206 0.607085 0.00127317
0 0.970606 0.720818 0.0586728 0.384647 0.00121899
0 0.0816204 0.101877 0.163241 0.203754 0.00118128
0 0.797981 0.0674417 0.403107 0.134883 0.00116644
0 0.927231 0.621537 0.144968 0.649095 0.00112039
0 0.895473 0.111998 0.208769 0.223552 0.00111822
0 0.0520802 0.0471873 0.10416 0.0939447 0.00109525
0 0.0254398 0.166821 0.0508796 0.333643 0.00107671
