0 0.473688 0.213623 0.385972 0.427245 0.87287
0 0.917844 0.316693 0.0512084 0.0564102 0.334508
0 0.976608 0.710133 0.0467834 0.311187 0.0136695
0 0.973231 0.758654 0.0535383 0.203061 0.00986129
0 0.973395 0.631143 0.0531836 0.339659 0.00916843
0 0.964513 0.559345 0.0708408 0.461495 0.00819619
0 0.979164 0.649002 0.0416315 0.281292 0.0075199
0 0.965947 0.653423 0.0681051 0.489496 0.0069043
0 0.974173 0.562988 0.0516348 0.343598 0.0036347
0 0.961362 0.743691 0.0769818 0.494632 0.00320662
0 0.0138904 0.729291 0.0277808 0.283504 0.00276516
0 0.0133321 0.740331 0.0266582 0.201261 0.00273583
0 0.95063 0.621241 0.0985272 0.547853 0.00232371
0 0.948362 0.530636 0.103164 0.545551 0.00212033
0 0.977122 0.494347 0.0457559 0.400119 0.00211933
0 0.979858 0.691978 0.0401974 0.164898 0.00202572
0 0.978748 0.796678 0.0424585 0.250074 0.00201946
0 0.141051 0.949969 0.228237 0.0999827 0.00193246
0 0.979212 0.556459 0.0415106 0.295409 0.00180768
0 0.974478 0.810913 0.0510443 0.306293 0.00170953
0 0.0120847 0.752152 0.0241694 0.130375 0.00167738
0 0.983858 0.467409 0.0322409 0.369104 0.00161708
0 0.0167102 0.760811 0.0334203 0.25463 0.00144441
0 0.964806 0.749183 0.0702723 0.230685 0.00125501
0 0.0110402 0.75966 0.0219853 0.173257 0.00125057
0 0.982071 0.517668 0.0357645 0.321789 0.00118441
0 0.946004 0.1678 0.107781 0.327513 0.0011077
0 0.0192122 0.717353 0.0384244 0.387253 0.00110733
0 0.0252202 0.759198 0.0503668 0.293845 0.00107964
0 0.965268 0.460347 0.0691383 0.567855 0.00104255
