0 0.496436 0.378759 0.181426 0.197798 0.91229
0 0.0567854 0.696567 0.113571 0.271837 0.0493687
0 0.984845 0.0507421 0.030176 0.101484 0.00667676
0 0.980376 0.061948 0.0389922 0.123896 0.00457021
0 0.976478 0.080361 0.0469608 0.160722 0.00447203
0 0.981897 0.751744 0.0361884 0.349439 0.00434958
0 0.0505781 0.878091 0.10114 0.243817 0.00431164
0 0.99077 0.0428988 0.0183716 0.0857976 0.00364612
0 0.975707 0.754939 0.0485868 0.311029 0.00330268
0 0.982196 0.0904446 0.0355473 0.180889 0.00310209
0 0.978873 0.739193 0.0422302 0.238441 0.00296749
0 0.988029 0.769107 0.0238676 0.217749 0.00287278
0 0.474534 0.0115987 0.207469 0.0231755 0.0027571
0 0.976773 0.0446929 0.0463021 0.0893858 0.00247343
0 0.953707 0.11042 0.0921843 0.220839 0.00236607
0 0.988978 0.0642919 0.0219557 0.128584 0.00234468
0 0.489431 0.00903556 0.141937 0.0180437 0.00225309
0 0.984469 0.739583 0.0310619 0.18212 0.00200405
0 0.989201 0.237048 0.0215554 0.139802 0.00186149
0 0.983464 0.643575 0.0330713 0.306708 0.00172409
0 0.0464154 0.645268 0.0928309 0.144079 0.00163047
0 0.98528 0.228573 0.0294396 0.185895 0.00145077
0 0.99154 0.0531176 0.0169209 0.106235 0.00140744
0 0.0222829 0.208101 0.0445658 0.161604 0.00132234
0 0.011173 0.193869 0.0222527 0.160913 0.0012361
0 0.0144176 0.209024 0.0288062 0.148244 0.00114433
0 0.0659451 0.690489 0.13169 0.355209 0.00107809
0 0.927662 0.114463 0.144366 0.228926 0.00106797
0 0.930327 0.0690607 0.139346 0.138121 0.00106193
0 0.079348 0.879271 0.158647 0.241459 0.00104865
