0 0.558799 0.369399 0.193286 0.188491 0.891909
0 0.849039 0.987609 0.142817 0.0246559 0.00576342
0 0.00636628 0.560895 0.0127326 0.114562 0.00508577
0 0.0109102 0.557536 0.0217521 0.121039 0.00449832
0 0.918255 0.90565 0.16349 0.188699 0.00400252
0 0.8498 0.990933 0.122431 0.018115 0.00378431
0 0.0108556 0.563827 0.0216885 0.172487 0.00298953
0 0.984223 0.431567 0.0314651 0.254896 0.00263812
0 0.941314 0.0317466 0.117129 0.0634931 0.00260947
0 0.988998 0.143934 0.0220044 0.215475 0.00252991
0 0.0105363 0.331125 0.0210726 0.156492 0.00226016
0 0.954343 0.0369868 0.0913068 0.0739736 0.00198254
0 0.00677781 0.560232 0.013471 0.0828116 0.00196222
0 0.977518 0.428508 0.0448587 0.322626 0.00172655
0 0.0171374 0.561741 0.0342747 0.184261 0.00172354
0 0.0176184 0.557521 0.0352368 0.262951 0.00169039
0 0.983869 0.1404 0.0322481 0.264758 0.0016553
0 0.916488 0.0329372 0.165215 0.0657565 0.00155584
0 0.966407 0.179481 0.0671859 0.358963 0.00147592
0 0.93649 0.051889 0.127021 0.103778 0.00138953
0 0.982092 0.173284 0.0358169 0.346569 0.00119875
0 0.970681 0.055489 0.0586019 0.110978 0.00118469
0 0.957388 0.0252608 0.0852234 0.0505217 0.00114426
0 0.99271 0.140415 0.0145793 0.173359 0.00109695
0 0.929216 0.0980913 0.141442 0.196183 0.00108504
0 0.0131996 0.53829 0.0263993 0.27231 0.00108266
0 0.159534 0.21214 0.31785 0.418238 0.00102585
0 0.0339956 0.552063 0.0677028 0.285333 0.00102134
