0 0.585635 0.358461 0.215457 0.22725 0.924917
0 0.110231 0.0524655 0.220445 0.104931 0.0839167
0 0.155526 0.0591488 0.311051 0.118134 0.0155367
0 0.599499 0.365991 0.284498 0.252587 0.00717242
0 0.134481 0.10031 0.268797 0.200619 0.00267539
0 0.933288 0.110117 0.133425 0.220233 0.00264994
0 0.0691528 0.564007 0.138306 0.263034 0.0019813
0 0.933797 0.0700177 0.132406 0.139777 0.00161011
0 0.968084 0.0933448 0.0638314 0.18669 0.00137691
0 0.956403 0.0808034 0.087193 0.161607 0.00113202
0 0.141782 0.0459286 0.20058 0.0918571 0.00108985
0 0.122174 0.147815 0.244347 0.294613 0.00107264
0 0.981477 0.0989614 0.0369654 0.197923 0.0010688
0 0.206927 0.071302 0.413854 0.142473 0.00103341
0 0.934195 0.970389 0.131609 0.0592226 0.00101064
