0 0.405127 0.477864 0.198008 0.185215 0.793999
0 0.401932 0.481095 0.256306 0.250822 0.033328
0 0.468447 0.899227 0.170583 0.172283 0.0247979
0 0.677888 0.049063 0.106827 0.094001 0.0231723
0 0.819211 0.655906 0.112167 0.096131 0.015186
0 0.469303 0.899786 0.138351 0.145335 0.0139283
0 0.810754 0.636534 0.129222 0.136096 0.0104382
0 0.974595 0.643068 0.05081 0.303881 0.00769797
0 0.966857 0.629556 0.0660591 0.384988 0.00642023
0 0.97954 0.642618 0.0408995 0.261095 0.00547216
0 0.963471 0.16664 0.0728853 0.302063 0.00535713
0 0.973884 0.148087 0.0522313 0.141435 0.00526881
0 0.622563 0.88492 0.141947 0.158326 0.0050009
0 0.660444 0.0435322 0.146835 0.0847228 0.00452796
0 0.637576 0.0445533 0.205593 0.0878243 0.00447314
0 0.813631 0.658039 0.148573 0.128414 0.0032567
0 0.946273 0.182338 0.107333 0.361996 0.0026606
0 0.968883 0.141575 0.0618656 0.185406 0.00236332
0 0.621706 0.0175703 0.312532 0.0351407 0.00208632
0 0.610902 0.023382 0.382296 0.0467639 0.00186084
0 0.589609 0.0381984 0.463489 0.0763968 0.00178575
0 0.963666 0.224381 0.0724175 0.435651 0.00169027
0 0.0106644 0.566075 0.0213006 0.204282 0.00164819
0 0.952816 0.622161 0.094295 0.46971 0.00164484
0 0.284144 0.964014 0.568288 0.0718169 0.00146416
0 0.0130797 0.566541 0.0261594 0.268803 0.00146278
0 0.944958 0.1205 0.109606 0.239634 0.00141277
0 0.964353 0.759007 0.0710188 0.481986 0.00121715
0 0.116585 0.982313 0.229703 0.0353391 0.00119417
0 0.964483 0.549011 0.0707955 0.538576 0.00110381
0 0.901406 0.0584937 0.19714 0.116987 0.00108802
