0 0.562797 0.501575 0.444332 0.36447 0.258812
0 0.0589847 0.569379 0.117953 0.520798 0.0716874
0 0.0408699 0.567972 0.0816682 0.337045 0.0290085
0 0.0762194 0.569659 0.152439 0.590653 0.0264211
0 0.506459 0.53393 0.260286 0.250658 0.0115178
0 0.0507888 0.594225 0.101578 0.362556 0.0080056
0 0.666927 0.485333 0.237205 0.232083 0.00657378
0 0.0947228 0.513936 0.189446 0.678483 0.00605849
0 0.031389 0.572365 0.062778 0.2951 0.0056922
0 0.171304 0.983999 0.337671 0.0317719 0.00482572
0 0.52342 0.501132 0.333401 0.332787 0.00395417
0 0.180675 0.97829 0.361349 0.0433471 0.0036873
0 0.947296 0.0971242 0.105408 0.193142 0.00317867
0 0.193026 0.982603 0.250025 0.0347244 0.00296046
0 0.0577347 0.476542 0.115204 0.546822 0.00249764
0 0.183027 0.968584 0.366053 0.062469 0.00235378
0 0.160947 0.98868 0.202313 0.0226401 0.00230621
0 0.168245 0.992181 0.153734 0.0156375 0.002299
0 0.196793 0.970936 0.271305 0.0579139 0.00171324
0 0.040182 0.627714 0.0803128 0.33836 0.00167412
0 0.924084 0.0958453 0.150842 0.189027 0.00165274
0 0.0248535 0.614222 0.049707 0.31252 0.00145613
0 0.0499835 0.486145 0.0996234 0.373845 0.00143977
0 0.157347 0.971837 0.314694 0.0562124 0.0014212
0 0.891737 0.945785 0.215832 0.108427 0.00133488
0 0.0185115 0.172922 0.037023 0.325441 0.0013266
0 0.222684 0.9599 0.445368 0.080039 0.00129795
0 0.962883 0.0989169 0.0741169 0.197834 0.00126214
0 0.0878818 0.97201 0.17258 0.0559795 0.00119531
0 0.0144228 0.132864 0.0288423 0.251715 0.00116751
0 0.0303586 0.512408 0.0607171 0.391502 0.00114314
0 0.957394 0.141333 0.0850638 0.282667 0.00111893
0 0.670218 0.484147 0.2612 0.315275 0.00111175
0 0.98352 0.716828 0.0329598 0.298661 0.00109466
0 0.0292806 0.174858 0.0585611 0.349716 0.00109365
0 0.0214606 0.151267 0.0429212 0.302533 0.00103669
0 0.0216627 0.541104 0.0433253 0.31482 0.0010168
0 0.20794 0.979733 0.175536 0.040534 0.00100203
