0 0.96701 0.433886 0.0659807 0.100237 0.399423
0 0.503244 0.503368 0.119299 0.108976 0.390004
0 0.962831 0.432692 0.0741591 0.128303 0.0301886
0 0.260352 0.300474 0.519995 0.600948 0.0229472
0 0.509041 0.503612 0.158545 0.148957 0.020187
0 0.964543 0.428803 0.0707896 0.185979 0.0101387
0 0.0511028 0.373533 0.102076 0.461189 0.00809944
0 0.959113 0.463439 0.0817733 0.261535 0.00672003
0 0.0432426 0.797165 0.0864852 0.401841 0.00454014
0 0.065541 0.372723 0.131082 0.523058 0.00399966
0 0.364511 0.620467 0.729023 0.727714 0.00368434
0 0.0357432 0.39596 0.0714864 0.294452 0.00361051
0 0.314586 0.510569 0.629171 0.53791 0.00334616
0 0.963118 0.386854 0.0733898 0.42936 0.0033135
0 0.966318 0.575021 0.0671587 0.565669 0.00301922
0 0.0143877 0.842746 0.0287754 0.284726 0.00268008
0 0.0234393 0.801668 0.0468559 0.396664 0.00262067
0 0.0234082 0.404174 0.0468164 0.265256 0.0025571
0 0.966948 0.26306 0.0658395 0.51092 0.00246875
0 0.0587397 0.295952 0.117192 0.591903 0.00237194
0 0.0242716 0.84295 0.0484847 0.3141 0.00206466
0 0.0480952 0.408652 0.0961904 0.311659 0.00176362
0 0.100839 0.378276 0.201678 0.60058 0.00164774
0 0.0170361 0.857962 0.0340721 0.284077 0.00163774
0 0.0341634 0.811043 0.0683268 0.377915 0.00158806
0 0.982147 0.510145 0.0357064 0.379529 0.00144875
0 0.960917 0.489563 0.0778902 0.546348 0.00144112
0 0.0587589 0.751256 0.117265 0.4884 0.00144071
0 0.0109309 0.842422 0.0217667 0.213044 0.00143959
0 0.768298 0.94571 0.461026 0.10858 0.001422
0 0.538457 0.957079 0.540482 0.0857444 0.0013999
0 0.0834962 0.259202 0.166908 0.516626 0.0013597
0 0.319413 0.961275 0.630044 0.0774168 0.0013575
0 0.725984 0.976988 0.420112 0.0460237 0.00134026
0 0.944377 0.547763 0.111222 0.587097 0.00133678
0 0.0276262 0.371171 0.0552523 0.376212 0.00128506
0 0.977857 0.362126 0.0440471 0.385878 0.00121589
0 0.0331223 0.446067 0.0662446 0.359806 0.00120059
0 0.279806 0.431373 0.557413 0.678416 0.00120056
0 0.350236 0.978042 0.404585 0.0439166 0.00119481
0 0.950602 0.366759 0.0987968 0.561332 0.00116281
0 0.975004 0.508869 0.0498285 0.400731 0.00114317
0 0.0417737 0.365076 0.0835474 0.383313 0.00111503
0 0.774481 0.91439 0.449159 0.17122 0.00111443
0 0.0246033 0.168761 0.0492066 0.337522 0.00105553
0 0.271181 0.524706 0.53348 0.446171 0.00103583
0 0.0429729 0.710764 0.0858039 0.578473 0.00102682
0 0.0552545 0.177504 0.110509 0.353529 0.00101809
0 0.967238 0.773878 0.0651959 0.451683 0.00101687
0 0.425288 0.957462 0.627186 0.0850697 0.00101084
0 0.015932 0.153056 0.0318641 0.306112 0.00100906
