0 0.654346 0.241396 0.624347 0.482791 0.673128
0 0.138015 0.522158 0.248235 0.236475 0.0207976
0 0.759544 0.0566038 0.326046 0.113208 0.00639171
0 0.762407 0.0264024 0.324453 0.0528048 0.00486077
0 0.770755 0.0356864 0.3605 0.0712515 0.00416451
0 0.022805 0.550086 0.04561 0.238036 0.00163375
0 0.0165868 0.54563 0.0331375 0.218711 0.00153077
0 0.44551 0.054667 0.173299 0.109156 0.00145308
0 0.0409107 0.546737 0.0812938 0.402843 0.00129563
0 0.0358591 0.0264272 0.0716326 0.0527678 0.00129404
0 0.91174 0.0543333 0.17652 0.108134 0.00117926
0 0.0297485 0.538423 0.0594834 0.290257 0.00117493
0 0.751363 0.0355143 0.232619 0.0710267 0.00109886
