0 0.4726 0.291082 0.245667 0.248046 0.897727
0 0.871779 0.785041 0.256443 0.421171 0.200159
0 0.275029 0.655413 0.222182 0.174781 0.0208092
0 0.871272 0.733524 0.257456 0.29468 0.00779431
0 0.966756 0.124919 0.0664661 0.249837 0.00599122
0 0.980009 0.0748896 0.0399812 0.149779 0.00569547
0 0.976204 0.0911674 0.0475292 0.182335 0.00518114
0 0.988706 0.0657079 0.0225781 0.131416 0.00498569
0 0.154363 0.865835 0.121904 0.125111 0.00419698
0 0.932632 0.786268 0.134695 0.425596 0.0038622
0 0.0344765 0.261626 0.0688235 0.243522 0.00374029
0 0.985797 0.0524261 0.0284058 0.104852 0.00343167
0 0.983275 0.172573 0.033427 0.307327 0.00315925
0 0.982213 0.0986884 0.0354601 0.197377 0.00277255
0 0.991035 0.0524195 0.0179309 0.104839 0.00275897
0 0.990811 0.0456 0.0181915 0.0912 0.00270847
0 0.98424 0.419498 0.0314777 0.307195 0.00258811
0 0.94341 0.106598 0.112624 0.213195 0.00243355
0 0.041876 0.235239 0.0835998 0.419112 0.00230949
0 0.988474 0.142985 0.0230432 0.179553 0.00211819
0 0.976951 0.219522 0.0460718 0.344554 0.00209689
0 0.984261 0.132331 0.0313354 0.264662 0.00167395
0 0.991665 0.141394 0.01667 0.144536 0.0016364
0 0.965754 0.0803456 0.0682807 0.160691 0.00161964
0 0.954797 0.782329 0.0901747 0.430912 0.00161018
0 0.977545 0.0439309 0.0449109 0.0878618 0.00158529
0 0.275855 0.654652 0.246954 0.227718 0.00153925
0 0.0263889 0.244233 0.0527778 0.255765 0.00149221
0 0.966685 0.42271 0.0665907 0.435492 0.0014268
0 0.976744 0.416664 0.0465114 0.358025 0.00141072
0 0.987848 0.111156 0.0242715 0.198707 0.00140263
0 0.982808 0.485076 0.0343834 0.244326 0.00137703
0 0.992896 0.0693429 0.0142074 0.138686 0.00130954
0 0.0139682 0.693714 0.0279365 0.272441 0.00127681
0 0.981429 0.253767 0.0370452 0.322033 0.00121259
0 0.988748 0.491144 0.0224743 0.194653 0.00118879
0 0.976791 0.14988 0.0462339 0.29976 0.00114173
0 0.964602 0.272145 0.0705751 0.54429 0.00113955
0 0.990086 0.122063 0.0198275 0.163983 0.00109888
0 0.983574 0.813191 0.0328528 0.322033 0.00100785
