0 0.478499 0.378914 0.234363 0.248132 0.896248
0 0.957034 0.595996 0.0857849 0.349243 0.0117432
0 0.666811 0.379617 0.197268 0.256906 0.0111616
0 0.959336 0.60875 0.0812707 0.252783 0.0109958
0 0.0658158 0.0728235 0.131606 0.145647 0.00700555
0 0.116578 0.212765 0.233044 0.269182 0.00356257
0 0.0353893 0.0691237 0.0706901 0.138247 0.00327026
0 0.0521578 0.056977 0.104316 0.113954 0.00311651
0 0.945316 0.573069 0.10933 0.44947 0.00300018
0 0.0711134 0.827199 0.142227 0.256895 0.00230037
0 0.107246 0.0669047 0.213975 0.133809 0.00192344
0 0.0195303 0.0633941 0.0390606 0.126788 0.00188366
0 0.0778113 0.0953162 0.155453 0.190606 0.00187851
0 0.596705 0.812303 0.233585 0.250651 0.00179082
0 0.659713 0.379801 0.261756 0.298584 0.00165315
0 0.055813 0.808977 0.111626 0.318309 0.00161328
0 0.980523 0.902468 0.0389538 0.194549 0.00148742
0 0.0328547 0.110779 0.0656231 0.221557 0.00128349
0 0.915815 0.450283 0.168369 0.198272 0.00127898
0 0.108144 0.0198323 0.216288 0.0396395 0.00123136
0 0.00680086 0.0635451 0.0135307 0.12709 0.00123065
0 0.973072 0.942364 0.0537649 0.115273 0.00119504
0 0.92854 0.260602 0.140352 0.201486 0.00118456
0 0.980144 0.937915 0.0397111 0.124149 0.00118446
0 0.588167 0.383167 0.33191 0.277899 0.00117285
0 0.0848962 0.023772 0.168327 0.0474005 0.00115137
0 0.0139487 0.271113 0.0278975 0.2265 0.0011045
0 0.0660246 0.124941 0.132049 0.24985 0.0010067
