0 0.462312 0.411038 0.172111 0.172241 0.853257
0 0.894325 0.0372597 0.209098 0.0740868 0.377299
0 0.859755 0.041669 0.280326 0.0833381 0.0800443
0 0.458485 0.350632 0.261994 0.340356 0.0229592
0 0.450727 0.278589 0.230672 0.182732 0.0175035
0 0.857095 0.0623283 0.285584 0.124657 0.0119185
0 0.461935 0.411305 0.241639 0.231113 0.0114427
0 0.710439 0.99246 0.154602 0.0150791 0.00843053
0 0.700352 0.988732 0.201231 0.0225354 0.00732613
0 0.871342 0.0892235 0.257251 0.1784 0.00529574
0 0.783352 0.0497074 0.431859 0.0990485 0.00469667
0 0.455949 0.359327 0.326425 0.403876 0.00352612
0 0.821592 0.0372989 0.356816 0.0745514 0.00318862
0 0.486625 0.269339 0.146043 0.157167 0.00301175
0 0.0123799 0.920437 0.0247599 0.159126 0.00299362
0 0.0164804 0.920719 0.0329608 0.158562 0.00268173
0 0.674529 0.976108 0.387628 0.0477836 0.0019535
0 0.900549 0.981412 0.198902 0.0370994 0.00176931
0 0.988802 0.608649 0.0223966 0.111347 0.00176144
0 0.0241692 0.906945 0.0483384 0.186109 0.00175815
0 0.885487 0.94133 0.229026 0.117339 0.00174647
0 0.737333 0.992417 0.14757 0.0151193 0.00158886
0 0.696605 0.983902 0.334393 0.0320885 0.00149463
0 0.913832 0.162853 0.172336 0.323375 0.00139078
0 0.0300693 0.890856 0.0601129 0.218289 0.00138036
0 0.984161 0.848932 0.0316589 0.205418 0.0013061
0 0.891347 0.131281 0.217306 0.261511 0.00129837
0 0.898501 0.970197 0.201895 0.0595992 0.00128439
0 0.992912 0.609467 0.0141755 0.103515 0.00121888
0 0.989032 0.621578 0.0219356 0.1569 0.00120846
0 0.693297 0.960954 0.314093 0.0777738 0.00108843
0 0.0544611 0.834967 0.108916 0.316053 0.00102901
