0 0.49909 0.389027 0.189411 0.183831 0.65614
0 0.499436 0.391044 0.231867 0.23245 0.0892203
0 0.0582717 0.438324 0.116543 0.159916 0.00792949
0 0.069996 0.978902 0.137989 0.0421305 0.00219602
0 0.021352 0.726858 0.042704 0.322986 0.00201638
0 0.0622429 0.431552 0.124421 0.218012 0.00163049
0 0.0394824 0.728237 0.0789647 0.355404 0.00157911
0 0.0969448 0.974805 0.19389 0.0503765 0.00127719
0 0.273651 0.00776616 0.129666 0.0154932 0.00107893
0 0.125878 0.970183 0.251755 0.0596346 0.00106411
0 0.029017 0.705576 0.058034 0.30423 0.00102036
