0 0.0274506 0.0731576 0.0548263 0.146315 0.058132
0 0.047197 0.323847 0.0943939 0.348106 0.0572145
0 0.0293539 0.0441611 0.058674 0.0881104 0.0554202
0 0.0405363 0.0543176 0.0810726 0.108635 0.0480973
0 0.945586 0.723629 0.108614 0.330229 0.0384917
0 0.858713 0.0779504 0.147232 0.124401 0.0364662
0 0.947159 0.698933 0.105644 0.171708 0.032186
0 0.143725 0.408028 0.282043 0.281243 0.023098
0 0.0570091 0.320903 0.113928 0.453467 0.0214028
0 0.051819 0.076656 0.103445 0.153307 0.0213671
0 0.162132 0.989031 0.204635 0.0219373 0.0187072
0 0.0381456 0.324666 0.0762911 0.288456 0.0169262
0 0.166706 0.983753 0.231369 0.0324938 0.014141
0 0.955481 0.718522 0.0890379 0.215463 0.0132034
0 0.136587 0.35452 0.270345 0.388314 0.0124826
0 0.0357105 0.035193 0.071421 0.070386 0.0120254
0 0.936017 0.712195 0.127966 0.414097 0.0109111
0 0.0995777 0.325477 0.198688 0.48983 0.00874501
0 0.0338129 0.0855819 0.0676258 0.171164 0.00864596
0 0.164568 0.978275 0.267437 0.0434493 0.00836165
0 0.0644587 0.291119 0.128917 0.579236 0.00784022
0 0.0236374 0.0437245 0.0472154 0.087449 0.00744177
0 0.85514 0.0807043 0.181604 0.157496 0.00630954
0 0.94623 0.670286 0.103587 0.1275 0.00621474
0 0.161963 0.991667 0.147024 0.0166566 0.0054514
0 0.159554 0.40527 0.319108 0.370648 0.00509289
0 0.0292121 0.338549 0.0584071 0.267645 0.00470907
0 0.0689667 0.107916 0.137865 0.215828 0.00444644
0 0.157582 0.9789 0.315163 0.0422007 0.0044357
0 0.16923 0.969593 0.33846 0.0608149 0.00442804
0 0.92217 0.745643 0.155659 0.508715 0.0041814
0 0.125795 0.0596304 0.249374 0.119261 0.00411594
0 0.223686 0.965354 0.447372 0.0692029 0.00379328
0 0.0473936 0.690186 0.094678 0.271114 0.0036842
0 0.14635 0.143245 0.158203 0.166219 0.00314083
0 0.945926 0.658231 0.108148 0.524253 0.00311976
0 0.145296 0.0321471 0.268394 0.0642942 0.00264291
0 0.156797 0.0370758 0.313593 0.0741515 0.00251384
0 0.054393 0.700839 0.108786 0.351786 0.002106
0 0.0435678 0.689061 0.0871031 0.197971 0.00176261
0 0.163205 0.367113 0.230941 0.177038 0.00169578
0 0.028822 0.696368 0.057644 0.302065 0.0016243
0 0.975108 0.69751 0.0496626 0.149695 0.00159671
0 0.594163 0.426046 0.139294 0.159402 0.00155894
0 0.0273084 0.108671 0.0546168 0.217341 0.00152498
0 0.617942 0.0206293 0.268806 0.0412586 0.00135927
0 0.0178674 0.716499 0.0357348 0.332868 0.00134777
0 0.62964 0.0115455 0.211328 0.0230911 0.00129339
0 0.328372 0.223574 0.153469 0.158712 0.00129228
0 0.035062 0.030579 0.070124 0.0608972 0.00126648
0 0.0375913 0.302063 0.075125 0.178206 0.00117527
0 0.957125 0.77737 0.0855625 0.444936 0.0011208
0 0.964617 0.766653 0.0706917 0.368275 0.00110111
0 0.791495 0.179187 0.415527 0.358374 0.00107865
0 0.258989 0.946006 0.514134 0.107839 0.00106694
0 0.169391 0.993377 0.179305 0.0132341 0.00106606
0 0.642541 0.00876019 0.165193 0.0175062 0.00104192
0 0.924664 0.652939 0.150598 0.545052 0.0010069
