0 0.496413 0.497513 0.229532 0.24964 0.623205
0 0.497955 0.502142 0.29728 0.294482 0.112496
0 0.360485 0.0178495 0.252687 0.035699 0.0304942
0 0.326843 0.0400341 0.429971 0.0800682 0.0141242
0 0.360418 0.0232238 0.294771 0.0464477 0.0137718
0 0.352041 0.032536 0.358286 0.0650719 0.00863544
0 0.310064 0.0782018 0.422008 0.156404 0.00716864
0 0.227227 0.628848 0.118371 0.0939529 0.00669976
0 0.313453 0.015743 0.360002 0.0314682 0.00575878
0 0.357428 0.0406401 0.270216 0.0812801 0.00558459
0 0.341273 0.0123159 0.211933 0.0246072 0.00384027
0 0.327287 0.0986088 0.487703 0.197218 0.00352434
0 0.231181 0.0859796 0.21485 0.171959 0.0028066
0 0.291736 0.108394 0.362452 0.216641 0.00238075
0 0.29117 0.0234854 0.41956 0.0465798 0.00223397
0 0.328009 0.0714354 0.576777 0.142871 0.00203911
0 0.370021 0.0681957 0.209407 0.13567 0.00197404
0 0.351299 0.0471502 0.559744 0.0943004 0.00195301
0 0.0970494 0.0538164 0.194048 0.107633 0.00172376
0 0.874429 0.957447 0.251141 0.0850694 0.00171687
0 0.231421 0.0113514 0.217389 0.022571 0.00158806
0 0.236031 0.635936 0.150244 0.124003 0.00156764
0 0.247318 0.0158336 0.246102 0.0316672 0.00155897
0 0.764052 0.328588 0.160758 0.110669 0.0014129
0 0.272382 0.0352009 0.399659 0.0704019 0.00138951
0 0.760285 0.338582 0.171144 0.149161 0.00137675
0 0.217931 0.62976 0.0921856 0.0832796 0.00130605
0 0.238168 0.0229736 0.256809 0.0459472 0.00124754
0 0.0915087 0.038323 0.183017 0.0766461 0.00124475
0 0.343805 0.00925424 0.178364 0.0185085 0.00119087
0 0.334527 0.0135576 0.158059 0.0271153 0.00113492
0 0.0732121 0.898671 0.146424 0.202658 0.00107113
0 0.31159 0.151244 0.441387 0.302487 0.00102054
