0 0.335147 0.339496 0.180304 0.209331 0.898857
0 0.95498 0.63859 0.0900401 0.277946 0.026137
0 0.949668 0.630901 0.100556 0.42087 0.025322
0 0.4984 0.317313 0.641687 0.634627 0.0139826
0 0.685957 0.866482 0.189216 0.197152 0.00727104
0 0.955499 0.699543 0.089002 0.576688 0.00202894
0 0.181463 0.874617 0.358888 0.250766 0.00188518
0 0.934863 0.645385 0.129956 0.527416 0.00160798
0 0.946037 0.564671 0.107862 0.589258 0.0015596
0 0.330411 0.337838 0.242526 0.256502 0.00137551
0 0.472304 0.926207 0.513676 0.147587 0.00135062
0 0.966814 0.651621 0.0663716 0.320454 0.00120222
