0 0.491408 0.507875 0.329178 0.32617 0.09045
0 0.554909 0.716571 0.281967 0.243342 0.0508168
0 0.486216 0.499166 0.411222 0.401258 0.0214283
0 0.561299 0.710726 0.322705 0.311628 0.020503
0 0.464815 0.750904 0.603512 0.498193 0.0187625
0 0.436464 0.64097 0.639479 0.625886 0.0137501
0 0.505792 0.751365 0.473795 0.396582 0.00960113
0 0.0600652 0.814826 0.12013 0.367794 0.0082742
0 0.558742 0.707166 0.38822 0.370512 0.00710651
0 0.518051 0.631794 0.428056 0.497992 0.00352709
0 0.0784395 0.777126 0.156852 0.435315 0.00305889
0 0.0491479 0.131516 0.0982958 0.263033 0.0025008
0 0.0241467 0.857619 0.0482933 0.284761 0.001923
0 0.0169942 0.868775 0.0339885 0.26245 0.0018249
0 0.434292 0.796855 0.517954 0.401912 0.00177098
0 0.114003 0.794299 0.226426 0.40987 0.00158889
0 0.0664963 0.141122 0.13296 0.282243 0.00158589
0 0.528846 0.717544 0.254378 0.202987 0.00124947
0 0.529142 0.834404 0.209306 0.194744 0.00105543
0 0.0776427 0.438443 0.154677 0.218604 0.00105255
0 0.0878363 0.490658 0.175673 0.239863 0.00102483
