0 0.461057 0.317754 0.16623 0.149218 0.850284
0 0.461381 0.317245 0.206059 0.198748 0.0311317
0 0.979867 0.18444 0.0402253 0.261609 0.00271167
0 0.965099 0.164754 0.0698019 0.328773 0.00264427
0 0.986766 0.173487 0.026294 0.194713 0.00222535
0 0.970037 0.191921 0.0599259 0.254589 0.00191463
0 0.982571 0.139558 0.0347316 0.279116 0.00156658
0 0.988736 0.201334 0.0225215 0.197379 0.00132939
0 0.984109 0.371257 0.0317379 0.246767 0.00114566
0 0.975646 0.158807 0.0487083 0.286976 0.00112546
0 0.98403 0.810836 0.0318515 0.291527 0.00109476
0 0.0794632 0.0113601 0.158926 0.0227201 0.00106294
0 0.983417 0.866082 0.0330516 0.267836 0.00105899
0 0.98342 0.904001 0.0331603 0.191335 0.00100736
