0 0.482581 0.505283 0.275295 0.26686 0.0761264
0 0.649977 0.958661 0.566537 0.0826657 0.00794113
0 0.484312 0.50153 0.339426 0.338008 0.0076953
0 0.570651 0.975971 0.359962 0.0480583 0.00750477
0 0.571767 0.98299 0.312852 0.0340191 0.00670757
0 0.198547 0.958658 0.396575 0.0826193 0.00563302
0 0.596266 0.967535 0.36706 0.0649296 0.00464586
0 0.208159 0.941611 0.414654 0.116654 0.00437344
0 0.654255 0.939049 0.614708 0.12171 0.00387872
0 0.119726 0.967752 0.237526 0.0641792 0.00349815
0 0.093322 0.785797 0.186392 0.428405 0.0024483
0 0.728843 0.95422 0.542314 0.0915592 0.00236366
0 0.0987225 0.975932 0.193314 0.0480638 0.00236035
0 0.967037 0.833442 0.065676 0.332592 0.00224015
0 0.154714 0.973229 0.309427 0.0533807 0.00209457
0 0.135384 0.978814 0.270768 0.0422151 0.00198291
0 0.967745 0.385517 0.0643055 0.464985 0.00196715
0 0.974454 0.864694 0.0510023 0.270612 0.00186475
0 0.543766 0.989055 0.212308 0.0218614 0.00180545
0 0.172008 0.925244 0.343546 0.149487 0.00180298
0 0.158092 0.95012 0.315707 0.0997541 0.00178404
0 0.492128 0.365683 0.147019 0.150494 0.00176207
0 0.209357 0.906222 0.416411 0.187435 0.0016591
0 0.271411 0.966895 0.542823 0.0659597 0.00164552
0 0.627539 0.982507 0.351442 0.0348709 0.00162761
0 0.0558476 0.743198 0.111601 0.513604 0.00162477
0 0.983645 0.385268 0.0327106 0.249114 0.00149846
0 0.064746 0.76985 0.129454 0.450291 0.00146763
0 0.960564 0.16834 0.0787219 0.335983 0.00130391
0 0.978938 0.895756 0.0420973 0.208488 0.00128168
0 0.762888 0.963306 0.474053 0.0733716 0.00127581
0 0.813799 0.976505 0.372402 0.0469896 0.00122598
0 0.976384 0.394508 0.0472325 0.312928 0.00117402
0 0.107256 0.909623 0.214512 0.180755 0.00115391
0 0.891081 0.304029 0.217837 0.23997 0.00110481
0 0.882973 0.252062 0.233239 0.428402 0.00109964
0 0.133275 0.747209 0.266549 0.503848 0.00109307
0 0.534008 0.966955 0.345386 0.0660893 0.00107402
0 0.932838 0.168164 0.134323 0.333744 0.0010455
0 0.709991 0.973091 0.42189 0.0536697 0.00104498
