0 0.643737 0.266189 0.341906 0.398808 0.869812
0 0.427728 0.963599 0.177053 0.0726542 0.138502
0 0.389952 0.905461 0.253177 0.188098 0.11432
0 0.346899 0.898859 0.347279 0.202282 0.075154
0 0.224921 0.545097 0.266255 0.254683 0.0333272
0 0.778196 0.334068 0.443609 0.600164 0.0173025
0 0.112136 0.920451 0.22401 0.158941 0.0171393
0 0.700154 0.981144 0.297297 0.0377125 0.0151142
0 0.694214 0.975509 0.347508 0.0489826 0.00872224
0 0.847402 0.0512231 0.252879 0.102446 0.00678595
0 0.327648 0.867216 0.388906 0.265102 0.00567037
0 0.184318 0.523117 0.346285 0.304522 0.00406267
0 0.925178 0.970074 0.145295 0.0594878 0.00379164
0 0.846227 0.0309437 0.265809 0.0618874 0.0034659
0 0.389549 0.0701251 0.213231 0.140219 0.00302176
0 0.687647 0.976852 0.246552 0.0462962 0.00283448
0 0.41547 0.932709 0.267806 0.13453 0.00275802
0 0.182701 0.451069 0.365403 0.460394 0.00273696
0 0.166778 0.906101 0.333556 0.187798 0.00243662
0 0.828599 0.473101 0.335827 0.414156 0.00189205
0 0.91792 0.955441 0.164161 0.089119 0.00169194
0 0.966043 0.788077 0.0677688 0.423263 0.00165145
0 0.913426 0.149893 0.173147 0.208625 0.00154551
0 0.189703 0.273923 0.372543 0.433578 0.00142149
0 0.821209 0.291322 0.357583 0.582644 0.00138283
0 0.843836 0.237128 0.311531 0.462286 0.00136547
0 0.848792 0.0670786 0.27505 0.132837 0.00127825
0 0.728058 0.960133 0.379109 0.0796013 0.00122585
0 0.557183 0.735642 0.75854 0.528715 0.00113958
0 0.743928 0.94891 0.433224 0.10218 0.00110617
0 0.726706 0.811447 0.53941 0.376264 0.00107596
0 0.869976 0.17537 0.259801 0.348267 0.00105565
0 0.284447 0.373028 0.128604 0.11125 0.00105174
