0 0.433716 0.158023 0.271129 0.271127 0.66088
0 0.128815 0.928346 0.253929 0.143308 0.00830729
0 0.0102857 0.45049 0.0205713 0.201229 0.00622036
0 0.176643 0.925855 0.352337 0.148289 0.00463226
0 0.966181 0.256635 0.0674669 0.447854 0.00407098
0 0.973338 0.232915 0.0533243 0.328601 0.00350989
0 0.00641715 0.45049 0.0128343 0.154013 0.00322944
0 0.978749 0.239764 0.0425012 0.283684 0.00293078
0 0.0495168 0.909615 0.0990337 0.18077 0.0027594
0 0.966834 0.260525 0.0663257 0.30351 0.00214924
0 0.55721 0.939855 0.366094 0.120209 0.00201242
0 0.0546935 0.0215902 0.109387 0.0430593 0.00199286
0 0.0114381 0.893984 0.0228762 0.191072 0.00171267
0 0.951011 0.241796 0.0979764 0.483591 0.00169939
0 0.857256 0.961592 0.249322 0.076815 0.00167811
0 0.062324 0.0336016 0.124648 0.0672032 0.00151573
0 0.0234555 0.799673 0.046911 0.318083 0.00149846
0 0.0168455 0.815682 0.033691 0.279975 0.00142979
0 0.013867 0.456253 0.027734 0.242943 0.00141692
0 0.0100245 0.323479 0.0200212 0.201429 0.00141688
0 0.0457573 0.0287015 0.0915147 0.0574031 0.00139647
0 0.865151 0.961225 0.174016 0.0775492 0.00137184
0 0.253807 0.955651 0.507613 0.0885042 0.00122799
0 0.249735 0.911199 0.49947 0.177602 0.001219
0 0.317387 0.0663489 0.367689 0.132698 0.00121473
0 0.0484099 0.0476649 0.0968198 0.0953299 0.00117956
0 0.0419095 0.198446 0.0836322 0.381851 0.00116895
0 0.84899 0.923486 0.170669 0.151846 0.00114133
0 0.0243635 0.20157 0.0486899 0.325888 0.00113626
0 0.0206055 0.813266 0.0410815 0.151908 0.00111299
0 0.239131 0.974514 0.270772 0.0509726 0.00111278
0 0.973418 0.302934 0.05303 0.408402 0.0011041
0 0.474712 0.980898 0.210353 0.0381815 0.00110268
0 0.00644895 0.34198 0.01288 0.161637 0.00109104
0 0.242904 0.979264 0.225914 0.0414581 0.00108401
0 0.0154624 0.223925 0.0309248 0.288021 0.00104555
