0 0.464502 0.505743 0.181416 0.177356 0.0929687
0 0.464668 0.502726 0.222331 0.220259 0.0496244
0 0.0159706 0.880669 0.031938 0.238663 0.00614541
0 0.023744 0.850719 0.047488 0.298562 0.0054343
0 0.053786 0.854798 0.107572 0.289135 0.00463387
0 0.0246839 0.314048 0.0492847 0.202044 0.004172
0 0.0265251 0.315855 0.0530502 0.271606 0.00364053
0 0.027442 0.871187 0.054884 0.257626 0.0035068
0 0.0511504 0.364233 0.102209 0.402667 0.00340858
0 0.73424 0.984217 0.323671 0.0315669 0.00301926
0 0.0314203 0.321195 0.0628406 0.343238 0.00293632
0 0.485907 0.964165 0.45979 0.071534 0.00269314
0 0.0177084 0.344327 0.0354168 0.326336 0.00267788
0 0.704021 0.978573 0.287311 0.0428547 0.00241793
0 0.101772 0.953342 0.202696 0.0932742 0.00236373
0 0.0366705 0.850691 0.0733409 0.298617 0.00217889
0 0.0844052 0.842721 0.16881 0.314334 0.00197604
0 0.710184 0.986614 0.156709 0.0267726 0.00194369
0 0.967901 0.607144 0.0641539 0.456632 0.00176022
0 0.744685 0.989602 0.212919 0.0207753 0.00163728
0 0.139975 0.950294 0.279698 0.0993311 0.00163278
0 0.982424 0.600907 0.0351517 0.308078 0.00161841
0 0.65139 0.966875 0.551473 0.0662081 0.00160013
0 0.0583502 0.0277111 0.1167 0.0552695 0.00154019
0 0.112342 0.863436 0.224575 0.272924 0.00151968
0 0.180283 0.957893 0.360566 0.0840135 0.00148952
0 0.320317 0.018571 0.198376 0.0368793 0.00141245
0 0.976489 0.591729 0.0470222 0.379057 0.00139605
0 0.756817 0.979177 0.417372 0.0415969 0.00139321
0 0.0797463 0.0494068 0.159493 0.0985062 0.00136121
0 0.863031 0.200206 0.167923 0.195835 0.0013162
0 0.0972796 0.919938 0.194559 0.160123 0.0012999
0 0.143229 0.912073 0.285351 0.175722 0.00126919
0 0.99301 0.622362 0.0139793 0.179557 0.00125937
0 0.106826 0.973361 0.213653 0.0530865 0.00125515
0 0.137866 0.981381 0.176117 0.0372207 0.00119493
0 0.135433 0.977216 0.134623 0.0455679 0.00118316
0 0.0396733 0.0251529 0.0793466 0.0503057 0.00116058
0 0.019502 0.301328 0.0390039 0.240956 0.00114487
0 0.50855 0.946709 0.571996 0.106366 0.00113931
0 0.9881 0.614735 0.0237993 0.19461 0.00112909
0 0.071592 0.346228 0.143184 0.481267 0.00110365
0 0.859832 0.0413334 0.279488 0.0826668 0.00108998
