0 0.462985 0.216757 0.175547 0.153437 0.897123
0 0.0579557 0.0190866 0.114921 0.0381731 0.0672479
0 0.56373 0.0520502 0.134683 0.1041 0.0374201
0 0.41943 0.0766434 0.198695 0.153255 0.0354799
0 0.0603233 0.0273852 0.120647 0.0544668 0.0309267
0 0.896334 0.811198 0.207332 0.359503 0.0175558
0 0.504638 0.44466 0.128772 0.0806788 0.0142078
0 0.895361 0.0237792 0.167167 0.0475458 0.0116278
0 0.447262 0.355875 0.138699 0.136325 0.0115612
0 0.415724 0.0874454 0.250008 0.17485 0.0111332
0 0.882232 0.0278472 0.20367 0.0556944 0.00862239
0 0.0814635 0.0381325 0.162927 0.0760621 0.00820835
0 0.248844 0.805517 0.207519 0.22457 0.00666326
0 0.711822 0.0460169 0.250944 0.0919281 0.00652982
0 0.9433 0.404951 0.113393 0.326996 0.00616381
0 0.0526372 0.991615 0.105274 0.0167429 0.0061178
0 0.950498 0.347187 0.0990031 0.162141 0.00611353
0 0.932929 0.778669 0.134048 0.442663 0.00558378
0 0.55986 0.070701 0.286711 0.141402 0.00537876
0 0.611972 0.0681902 0.403823 0.13638 0.00537626
0 0.67706 0.851606 0.323846 0.296788 0.00525438
0 0.0595003 0.988186 0.119001 0.0236284 0.00446898
0 0.931956 0.020921 0.0881312 0.041842 0.00446065
0 0.418279 0.132441 0.228518 0.264882 0.00431493
0 0.511048 0.070028 0.24749 0.140054 0.00404605
0 0.954554 0.800564 0.0906864 0.398871 0.00372646
0 0.0545013 0.984155 0.108578 0.03169 0.00368264
0 0.9826 0.876481 0.0347227 0.247039 0.00367376
0 0.650372 0.0559804 0.375669 0.111888 0.00352564
0 0.921669 0.850737 0.156662 0.295843 0.00351584
0 0.458291 0.0765036 0.330687 0.153007 0.00335198
0 0.942304 0.858071 0.115391 0.281854 0.00334321
0 0.407792 0.739677 0.156446 0.123321 0.00326762
0 0.245504 0.765209 0.185541 0.13962 0.00324865
0 0.945551 0.362661 0.108897 0.216225 0.00315748
0 0.408611 0.765209 0.178578 0.186713 0.00304563
0 0.87718 0.0340736 0.24564 0.068031 0.00288479
0 0.0869622 0.527459 0.173924 0.231874 0.00283275
0 0.0110614 0.487864 0.0219684 0.105924 0.00281644
0 0.975859 0.866533 0.0482829 0.266933 0.00281086
0 0.0804254 0.768953 0.158753 0.155521 0.00277302
0 0.623891 0.731972 0.218526 0.136656 0.00264696
0 0.292745 0.786818 0.0843718 0.0717874 0.00260947
0 0.466074 0.298003 0.198876 0.299793 0.00242131
0 0.840326 0.813237 0.319347 0.360515 0.00235863
0 0.955844 0.325452 0.0883125 0.104849 0.00228918
0 0.251126 0.806018 0.252866 0.266477 0.00222998
0 0.0773416 0.984539 0.153578 0.030831 0.00219336
0 0.012643 0.58527 0.0251463 0.12595 0.00208872
0 0.980022 0.902824 0.0398949 0.19328 0.00207802
0 0.945097 0.347614 0.109805 0.345505 0.00202442
0 0.0103279 0.478557 0.0206557 0.151197 0.00199628
0 0.963663 0.853221 0.072295 0.293214 0.00196928
0 0.143381 0.517293 0.284586 0.272218 0.00192981
0 0.469008 0.369448 0.225393 0.183146 0.00192736
0 0.0405624 0.77022 0.0811247 0.1472 0.0019257
0 0.263678 0.180804 0.527356 0.361607 0.00189369
0 0.920885 0.0207743 0.125283 0.0415096 0.00184702
0 0.0059541 0.485364 0.0119005 0.0961183 0.00181498
0 0.0617538 0.977236 0.12282 0.0455285 0.00181145
0 0.907938 0.521357 0.17153 0.173325 0.00175442
0 0.0655466 0.0190907 0.131093 0.0381565 0.00164979
0 0.739035 0.0378089 0.183268 0.0756178 0.00152607
0 0.956007 0.952981 0.0879866 0.0940377 0.00147611
0 0.973018 0.896032 0.0539649 0.205988 0.00143906
0 0.673724 0.829194 0.41913 0.341612 0.00143129
0 0.978889 0.936014 0.0421848 0.12629 0.00142874
0 0.919585 0.993607 0.16083 0.0127858 0.0014047
0 0.0786086 0.973396 0.157217 0.0530465 0.0014016
0 0.00860063 0.584364 0.0171661 0.122111 0.0013667
0 0.4402 0.911666 0.312253 0.176669 0.0012701
0 0.962374 0.401552 0.075062 0.319405 0.00126765
0 0.986682 0.942221 0.0264239 0.115429 0.00126068
0 0.609759 0.715946 0.240913 0.199829 0.00126018
0 0.627601 0.868634 0.383072 0.262731 0.00125178
0 0.935254 0.929291 0.124807 0.138793 0.00124997
0 0.0745836 0.0594073 0.149167 0.118815 0.00124671
0 0.502167 0.449215 0.141748 0.112638 0.00123507
0 0.126488 0.0412438 0.252393 0.0824756 0.0012295
0 0.943039 0.905441 0.112893 0.186195 0.00122798
0 0.863873 0.026226 0.132568 0.0524521 0.0012207
0 0.935392 0.969856 0.128462 0.0602688 0.00119681
0 0.109244 0.062404 0.218058 0.124808 0.00118974
0 0.101321 0.979269 0.202642 0.0414176 0.00117976
0 0.942979 0.993119 0.105917 0.013741 0.0011794
0 0.475822 0.895905 0.361914 0.208191 0.00117174
0 0.0615591 0.961719 0.122334 0.0765628 0.00116455
0 0.0249241 0.777831 0.0498481 0.155301 0.00116372
0 0.0654179 0.483142 0.129862 0.113841 0.00116336
0 0.934804 0.954649 0.123396 0.0888897 0.00114325
0 0.495627 0.295636 0.263896 0.327176 0.00113619
0 0.501843 0.0887746 0.351027 0.177227 0.00108038
0 0.455459 0.148971 0.333127 0.297349 0.00101968
0 0.0112455 0.778454 0.0224909 0.187253 0.00101741
0 0.118181 0.557811 0.236222 0.315836 0.0010061
