0 0.39594 0.17421 0.316383 0.313947 0.438495
0 0.946003 0.162344 0.10783 0.324186 0.00840961
0 0.956455 0.0924883 0.0869029 0.17854 0.0076766
0 0.937999 0.0896918 0.124003 0.177003 0.00720886
0 0.952081 0.100893 0.0958389 0.201786 0.0050283
0 0.919615 0.184983 0.160771 0.369943 0.00408301
0 0.022215 0.55859 0.0443904 0.271018 0.00343865
0 0.92408 0.124811 0.15184 0.249247 0.00296682
0 0.53157 0.0264218 0.393545 0.0528312 0.00265248
0 0.0256649 0.605813 0.0513297 0.391854 0.00260308
0 0.474412 0.412134 0.214776 0.20725 0.00260049
0 0.0165529 0.562391 0.0330884 0.232138 0.0025667
0 0.438815 0.914999 0.257772 0.169439 0.0023983
0 0.0181974 0.602709 0.0363948 0.333489 0.0020293
0 0.966592 0.782888 0.0665296 0.434224 0.00197281
0 0.0298406 0.554706 0.0594244 0.360267 0.00195084
0 0.968913 0.119652 0.0620106 0.239305 0.00183706
0 0.965519 0.247194 0.0687503 0.494388 0.0016255
0 0.898481 0.0984172 0.203039 0.196834 0.00159415
0 0.0152307 0.542302 0.0304613 0.334695 0.00154024
0 0.312642 0.783943 0.244091 0.258724 0.00146524
0 0.566745 0.0378202 0.463034 0.0756404 0.0013983
0 0.0407057 0.578583 0.0811449 0.60231 0.00130992
0 0.939455 0.230155 0.120896 0.460311 0.00119689
0 0.916128 0.0697169 0.167744 0.139354 0.0011367
0 0.023062 0.526877 0.0461239 0.416526 0.00113471
0 0.982682 0.207004 0.0346363 0.382919 0.00110732
0 0.975435 0.189657 0.0491302 0.379313 0.00100627
