0 0.559001 0.350422 0.123961 0.126302 0.883964
0 0.0317543 0.527049 0.0633541 0.225014 0.66168
0 0.0432189 0.492777 0.0863473 0.300951 0.0785569
0 0.0589108 0.454347 0.117798 0.396782 0.0159961
0 0.0109221 0.374973 0.0217354 0.128446 0.00578347
0 0.881254 0.962358 0.237492 0.0749342 0.00559423
0 0.00663771 0.369448 0.013243 0.118619 0.00530886
0 0.556763 0.348473 0.1599 0.165024 0.00526658
0 0.0334351 0.455308 0.0663877 0.34554 0.00451646
0 0.0718431 0.0739104 0.140772 0.147128 0.00252945
0 0.834277 0.950006 0.330824 0.0997424 0.00245773
0 0.0870469 0.461293 0.171559 0.410372 0.00241386
0 0.982574 0.419787 0.0348026 0.205615 0.0021536
0 0.909152 0.968989 0.177891 0.0611532 0.00200006
0 0.0610248 0.519995 0.121822 0.362589 0.00197585
0 0.00640039 0.0827843 0.0128008 0.13699 0.00184598
0 0.0107376 0.08801 0.0214507 0.17602 0.00165219
0 0.976564 0.414275 0.0468714 0.223557 0.00162234
0 0.0128581 0.39415 0.0257162 0.171009 0.00160731
0 0.0105173 0.376654 0.0210346 0.2011 0.00154331
0 0.968123 0.390246 0.0637434 0.382963 0.00138402
0 0.0206444 0.418507 0.0412711 0.228373 0.00127918
0 0.832117 0.929411 0.330221 0.14115 0.00117835
0 0.0275471 0.421676 0.0550943 0.252855 0.00114631
0 0.988766 0.232518 0.022404 0.198256 0.00114089
0 0.257075 0.948026 0.446957 0.103948 0.00109515
0 0.0171667 0.373081 0.0343334 0.160115 0.00108769
0 0.161052 0.802341 0.321904 0.383689 0.00106048
0 0.992867 0.236954 0.0142658 0.157893 0.001014
