0 0.570681 0.546772 0.11773 0.180155 0.679298
0 0.572068 0.54811 0.201887 0.211864 0.0659724
0 0.060154 0.116935 0.120122 0.233869 0.00293985
0 0.0555715 0.980913 0.108893 0.0381736 0.00260822
0 0.0674719 0.149078 0.134944 0.298157 0.00256043
0 0.0643826 0.974739 0.126567 0.0503061 0.00232598
0 0.0693511 0.962043 0.138257 0.0758606 0.00209172
0 0.982788 0.136515 0.0343502 0.27303 0.00194318
0 0.942992 0.455855 0.114016 0.182279 0.00186647
0 0.107332 0.139682 0.213309 0.279364 0.00183365
0 0.420229 0.983385 0.248422 0.0332292 0.00163624
0 0.0285705 0.0546843 0.0571409 0.109369 0.00146493
0 0.021098 0.0826787 0.0421803 0.165357 0.00140747
0 0.410327 0.977567 0.284654 0.0448651 0.00139764
0 0.0621553 0.92913 0.124224 0.14174 0.00133663
0 0.143245 0.0160542 0.150898 0.0320505 0.00119919
0 0.0183024 0.0541527 0.0365593 0.108305 0.00118156
0 0.0576856 0.953029 0.115329 0.0939424 0.00112989
0 0.977193 0.145541 0.0456146 0.291082 0.00110979
0 0.051851 0.0460833 0.103557 0.0921665 0.00105358
