0 0.489422 0.504126 0.187139 0.232088 0.215737
0 0.0701074 0.0642035 0.140215 0.128144 0.140632
0 0.0693469 0.0395112 0.138694 0.0787718 0.0895361
0 0.0833807 0.0506574 0.166726 0.101315 0.0596865
0 0.0915619 0.0792774 0.18281 0.158555 0.0488832
0 0.225953 0.20653 0.448523 0.409604 0.0412735
0 0.487248 0.499343 0.247732 0.272362 0.033345
0 0.077299 0.107156 0.154598 0.214221 0.0333081
0 0.124226 0.0618387 0.248453 0.123637 0.0318084
0 0.158489 0.0900757 0.316979 0.180151 0.0102503
0 0.84137 0.071363 0.316721 0.142726 0.0079525
0 0.754705 0.0710552 0.49059 0.14202 0.00730833
0 0.739425 0.0493624 0.521151 0.0987248 0.00714822
0 0.920452 0.0729689 0.159096 0.145938 0.0064514
0 0.724666 0.0917614 0.54804 0.183523 0.00372415
0 0.914975 0.107245 0.169766 0.214239 0.00356757
0 0.826515 0.0175786 0.34697 0.0351571 0.00335371
0 0.851241 0.0539839 0.297518 0.107577 0.00327988
0 0.830704 0.0990367 0.338593 0.197845 0.00299318
0 0.817068 0.0243105 0.365864 0.0485697 0.00294017
0 0.183376 0.0541489 0.366753 0.108171 0.00268188
0 0.0900891 0.178482 0.180178 0.356234 0.00246342
0 0.864585 0.0114848 0.216158 0.0228436 0.00239386
0 0.817475 0.0361315 0.365051 0.072241 0.00214233
0 0.891358 0.0500235 0.217283 0.0997619 0.00211357
0 0.413568 0.0495166 0.236859 0.0990024 0.00195083
0 0.928557 0.138131 0.142673 0.275295 0.00186435
0 0.772359 0.0333893 0.416828 0.0667786 0.00179343
0 0.849035 0.976714 0.301929 0.0465723 0.00170093
0 0.865398 0.983755 0.269205 0.03249 0.0016846
0 0.930915 0.0514042 0.138142 0.102785 0.00167341
0 0.879544 0.102778 0.240694 0.205429 0.00162447
0 0.640176 0.0413587 0.59232 0.0827173 0.001597
0 0.7711 0.017042 0.368246 0.0340777 0.00140505
0 0.0613627 0.0311075 0.119976 0.0620582 0.00130778
0 0.889912 0.950348 0.220176 0.099303 0.00124114
0 0.694562 0.0614232 0.610876 0.122833 0.00123435
0 0.510757 0.0501301 0.503485 0.10026 0.00121514
0 0.883167 0.518003 0.233192 0.333889 0.00117524
0 0.758899 0.0244859 0.413105 0.0489386 0.00109577
0 0.441456 0.046689 0.33479 0.0933779 0.00104089
0 0.964257 0.743266 0.0714765 0.115698 0.00103688
0 0.91043 0.498891 0.17914 0.439988 0.00100148
