0 0.514494 0.308109 0.214635 0.314024 0.838893
0 0.773763 0.581339 0.107473 0.126856 0.0561831
0 0.689921 0.55611 0.289479 0.28549 0.0102532
0 0.990511 0.313966 0.0189781 0.135497 0.00735824
0 0.984001 0.319254 0.0319979 0.180311 0.00722334
0 0.988691 0.324357 0.0224531 0.165477 0.00630207
0 0.976875 0.677816 0.0462279 0.207985 0.00540916
0 0.982762 0.289417 0.0344769 0.277086 0.00526561
0 0.977329 0.305809 0.0452828 0.284078 0.00444851
0 0.964833 0.707086 0.0702177 0.462367 0.00406394
0 0.0774311 0.989089 0.154862 0.0218227 0.00332944
0 0.977129 0.328604 0.0457251 0.197323 0.0032286
0 0.53003 0.354489 0.179593 0.216804 0.00278196
0 0.922455 0.0457306 0.153503 0.0914612 0.00244531
0 0.976182 0.635323 0.0476351 0.345222 0.00228165
0 0.978754 0.699768 0.0424922 0.330251 0.00222551
0 0.857423 0.984457 0.275551 0.031086 0.00177044
0 0.978084 0.6679 0.0437927 0.146991 0.0016369
0 0.944322 0.738952 0.111252 0.486893 0.00142158
0 0.848948 0.968843 0.302103 0.0623132 0.00134115
0 0.697642 0.540676 0.366358 0.35267 0.00125651
0 0.0626531 0.992019 0.125306 0.0159554 0.00120714
0 0.968385 0.678439 0.0630563 0.266825 0.00117661
0 0.842943 0.978033 0.314114 0.043933 0.00113711
0 0.764993 0.585748 0.13305 0.161378 0.00106383
