0 0.54951 0.181318 0.164776 0.236343 0.823957
0 0.972956 0.434278 0.0539804 0.306345 0.178639
0 0.978371 0.448519 0.0432234 0.233472 0.102143
0 0.94932 0.555963 0.101358 0.525506 0.0332138
0 0.968369 0.205129 0.0632553 0.162491 0.0321683
0 0.960865 0.212997 0.078135 0.238118 0.0199465
0 0.966943 0.46408 0.066054 0.454587 0.0182385
0 0.556697 0.183415 0.227847 0.268449 0.0109269
0 0.973083 0.492221 0.0536106 0.316261 0.0107771
0 0.783254 0.751961 0.433493 0.496079 0.00756296
0 0.988801 0.891596 0.0223053 0.20698 0.00725388
0 0.953835 0.647791 0.092329 0.297054 0.00675788
0 0.982377 0.475447 0.035115 0.134144 0.00650402
0 0.966003 0.374477 0.0679429 0.543319 0.00514329
0 0.218353 0.923788 0.400646 0.152423 0.00513221
0 0.958343 0.252206 0.0828886 0.283 0.00486389
0 0.0102739 0.540236 0.020326 0.126206 0.00435097
0 0.00604029 0.533714 0.012062 0.0983125 0.00417318
0 0.941394 0.282657 0.117212 0.330062 0.00323428
0 0.280305 0.931871 0.282908 0.13571 0.0031804
0 0.952899 0.468802 0.0942016 0.550379 0.00312632
0 0.986446 0.869008 0.0270929 0.20317 0.00276958
0 0.970557 0.237287 0.0588858 0.306092 0.0026439
0 0.927349 0.336841 0.145291 0.459997 0.00262468
0 0.96903 0.534014 0.0619406 0.342582 0.0026011
0 0.95258 0.664189 0.0944858 0.538019 0.0024076
0 0.945356 0.381742 0.109289 0.544727 0.00181209
0 0.929461 0.570063 0.140622 0.600157 0.00174265
0 0.991389 0.884413 0.0172213 0.164564 0.00150188
0 0.49071 0.986974 0.124447 0.026052 0.0013856
0 0.00627027 0.546356 0.0124817 0.14773 0.00130246
