0 0.192574 0.114041 0.344747 0.228083 0.00810384
0 0.0145552 0.677315 0.0290841 0.228278 0.00695995
0 0.376607 0.201846 0.230681 0.213681 0.00583621
0 0.0111993 0.767974 0.0223933 0.200221 0.0056479
0 0.0167559 0.686017 0.0334752 0.289104 0.00532094
0 0.0225224 0.683135 0.0450448 0.346987 0.00431069
0 0.46137 0.0450906 0.397018 0.0901812 0.00384376
0 0.194671 0.981808 0.31585 0.0361958 0.00303961
0 0.223048 0.963061 0.442808 0.0737727 0.00286054
0 0.0419743 0.670572 0.0837345 0.515317 0.00260224
0 0.013724 0.761797 0.0274479 0.287428 0.00249035
0 0.466148 0.50249 0.244538 0.215713 0.00242318
0 0.0364125 0.67226 0.072825 0.366515 0.00240891
0 0.186321 0.977261 0.372641 0.0454788 0.00228612
0 0.456503 0.0406323 0.304891 0.0812646 0.00220296
0 0.858153 0.471601 0.260396 0.262678 0.00216524
0 0.45561 0.0249878 0.313941 0.0499755 0.00210358
0 0.109449 0.0466973 0.218574 0.0933946 0.00198103
0 0.464477 0.0520796 0.493937 0.104124 0.00197254
0 0.00979973 0.675423 0.0195995 0.176052 0.00171953
0 0.200496 0.934315 0.400116 0.131268 0.00171071
0 0.00860498 0.76747 0.017203 0.170261 0.00164024
0 0.0207646 0.764836 0.0415292 0.362304 0.00163918
0 0.228622 0.139246 0.445664 0.278493 0.00152398
0 0.0194929 0.751707 0.0389859 0.190697 0.00150261
0 0.101203 0.0275537 0.202406 0.0551073 0.00146161
0 0.0502945 0.331515 0.100494 0.495293 0.0013782
0 0.22069 0.971431 0.300551 0.0571389 0.00111336
0 0.0178672 0.344488 0.0357262 0.302871 0.00109924
0 0.141637 0.956664 0.283134 0.0866694 0.00107357
