0 0.407095 0.206516 0.140335 0.163926 0.905482
0 0.852999 0.291016 0.294002 0.582032 0.00354874
0 0.964393 0.245548 0.0711353 0.491096 0.00331698
0 0.944876 0.250362 0.110248 0.500724 0.00326297
0 0.976093 0.409004 0.0477741 0.0860914 0.00251013
0 0.974664 0.131299 0.0505931 0.259507 0.00249509
0 0.924304 0.166558 0.151392 0.331535 0.00209672
0 0.440005 0.498243 0.12025 0.14525 0.00207198
0 0.905255 0.133169 0.186853 0.264015 0.00186119
0 0.961461 0.158414 0.0769055 0.316375 0.00162123
0 0.976478 0.360514 0.047045 0.207873 0.00114229
0 0.914984 0.24988 0.170033 0.499232 0.00107397
