0 0.307494 0.805161 0.240367 0.186486 0.156647
0 0.237157 0.966583 0.290509 0.0666287 0.12086
0 0.389959 0.053263 0.307498 0.106526 0.117509
0 0.441658 0.512366 0.283091 0.258878 0.0883691
0 0.25904 0.977651 0.287956 0.0445888 0.0670272
0 0.386331 0.0668837 0.370972 0.133767 0.0407388
0 0.0916383 0.940511 0.183277 0.118726 0.0386686
0 0.203831 0.909051 0.407662 0.18188 0.0385187
0 0.235642 0.959283 0.404663 0.0813216 0.0346134
0 0.753508 0.0408063 0.126663 0.0816125 0.0169248
0 0.9347 0.0265732 0.1306 0.0531119 0.016853
0 0.12507 0.920848 0.249981 0.158304 0.0162698
0 0.229921 0.942038 0.459842 0.115924 0.0150143
0 0.151787 0.0255277 0.303574 0.0510555 0.0119753
0 0.919615 0.0412195 0.16077 0.082439 0.00992507
0 0.159028 0.022297 0.206369 0.0444927 0.00963619
0 0.307103 0.789388 0.272597 0.248824 0.00908125
0 0.157415 0.0343628 0.31483 0.0683288 0.00848415
0 0.304453 0.0733608 0.543683 0.146722 0.00829767
0 0.785064 0.0427315 0.216109 0.085463 0.00765134
0 0.444893 0.507299 0.337394 0.343511 0.0069928
0 0.874505 0.0492298 0.250807 0.0984596 0.00617406
0 0.927371 0.0569062 0.145258 0.113577 0.00599167
0 0.290645 0.983408 0.224941 0.0331839 0.00539054
0 0.0915085 0.905625 0.182876 0.18875 0.00514616
0 0.013913 0.458289 0.027826 0.248528 0.00491995
0 0.756801 0.0467863 0.330594 0.0935727 0.00484602
0 0.138191 0.0195267 0.276381 0.0390366 0.00462103
0 0.29228 0.969664 0.334395 0.0605643 0.00456173
0 0.232555 0.968756 0.216996 0.0624875 0.0045325
0 0.0315711 0.453261 0.0631422 0.372328 0.00409383
0 0.0565563 0.932964 0.113086 0.134072 0.0039574
0 0.721841 0.0416464 0.206339 0.0832929 0.00376953
0 0.937739 0.0196954 0.123218 0.0392656 0.00368939
0 0.308921 0.962708 0.568219 0.0744543 0.00337328
0 0.163112 0.0202357 0.157723 0.0404545 0.00336758
0 0.0210253 0.46539 0.0420505 0.3059 0.00330636
0 0.38477 0.0826923 0.495709 0.165316 0.00311347
0 0.766036 0.0518083 0.164406 0.102699 0.00298258
0 0.71564 0.960935 0.535245 0.0780309 0.00287243
0 0.691531 0.0194438 0.331367 0.0388876 0.00260335
0 0.708195 0.977617 0.375289 0.0446327 0.00255741
0 0.775938 0.975301 0.366447 0.0493971 0.00249591
0 0.205322 0.038288 0.410395 0.076576 0.00248524
0 0.923845 0.0924835 0.15227 0.184607 0.00245122
0 0.18817 0.0315248 0.275178 0.0630495 0.00244743
0 0.31748 0.977615 0.340786 0.0447695 0.00229765
0 0.692401 0.0297315 0.361015 0.0594631 0.00227824
0 0.770641 0.967437 0.405643 0.0651258 0.00217856
0 0.321971 0.75753 0.340429 0.334051 0.00209579
0 0.943388 0.0128182 0.113224 0.0256363 0.00204003
0 0.308253 0.988 0.176279 0.0239183 0.00193824
0 0.815748 0.0350281 0.225532 0.0700562 0.00190263
0 0.754621 0.981412 0.317837 0.037176 0.00189889
0 0.930321 0.0140921 0.139357 0.0281329 0.00184593
0 0.267979 0.0504324 0.535959 0.100865 0.0018133
0 0.915263 0.0222896 0.169474 0.0445638 0.00176448
0 0.735518 0.0572522 0.40733 0.114504 0.00174453
0 0.349395 0.707579 0.331296 0.376067 0.0017276
0 0.781735 0.0614623 0.220887 0.121226 0.00166349
0 0.89573 0.0853935 0.208401 0.170785 0.00158849
0 0.842209 0.797595 0.314575 0.401197 0.00155785
0 0.703616 0.0390987 0.322518 0.0781974 0.00150797
0 0.817185 0.0495392 0.36473 0.0990784 0.0014505
0 0.0225031 0.417571 0.0450062 0.40763 0.00134595
0 0.891569 0.0288098 0.216861 0.057487 0.00126543
0 0.981467 0.489253 0.0370653 0.324412 0.00124427
0 0.834115 0.0320301 0.147783 0.0640602 0.00124277
0 0.982407 0.107955 0.0351635 0.215911 0.00123115
0 0.725301 0.922007 0.546007 0.155908 0.00121513
0 0.977298 0.256055 0.0453836 0.213564 0.00121068
0 0.937773 0.135684 0.124454 0.270784 0.00116325
0 0.0409076 0.434593 0.0815006 0.53798 0.00113006
0 0.647681 0.954066 0.607063 0.091864 0.00112658
0 0.31081 0.0991523 0.62162 0.198305 0.00112415
0 0.0151645 0.403673 0.030329 0.373613 0.00108421
0 0.901062 0.841242 0.197336 0.244666 0.00106924
0 0.259576 0.980353 0.16491 0.0392946 0.00106222
0 0.982609 0.593227 0.0347823 0.348382 0.001062
0 0.123457 0.948454 0.246914 0.103091 0.00104467
0 0.285182 0.91773 0.570363 0.16454 0.00103747
0 0.678916 0.971521 0.41379 0.0568324 0.00103601
0 0.981503 0.263003 0.0369763 0.147662 0.00101715
0 0.269781 0.792018 0.151097 0.152584 0.00100934
