0 0.445192 0.165742 0.365284 0.331484 0.872452
0 0.608704 0.904686 0.240485 0.190628 0.00596569
0 0.468187 0.950956 0.372273 0.0980879 0.00510035
0 0.962154 0.392503 0.0755663 0.387072 0.00304499
0 0.47787 0.937918 0.524521 0.124039 0.0029051
0 0.0618538 0.070296 0.123407 0.140592 0.00276115
0 0.480462 0.959614 0.262607 0.0807348 0.00257953
0 0.508047 0.919929 0.516569 0.160143 0.00211295
0 0.966365 0.397384 0.0672708 0.272129 0.00198248
0 0.477516 0.951845 0.205705 0.0963104 0.00181065
0 0.560998 0.899717 0.351882 0.200566 0.00179294
0 0.977276 0.395485 0.0454373 0.2739 0.00159746
0 0.0615933 0.100938 0.123187 0.201875 0.00149962
0 0.0638704 0.0484904 0.127741 0.0969808 0.00148083
0 0.397582 0.262596 0.523798 0.421336 0.00135647
0 0.876817 0.0980694 0.240604 0.195537 0.00131205
0 0.491356 0.979795 0.310492 0.0404097 0.00108037
0 0.305926 0.250711 0.611853 0.501423 0.00106253
0 0.944914 0.370234 0.110172 0.399417 0.00104548
0 0.601605 0.873701 0.316463 0.251557 0.0010451
