0 0.0340097 0.768368 0.0679377 0.222481 0.087799
0 0.47567 0.506449 0.319062 0.350003 0.0621126
0 0.048598 0.757817 0.097196 0.269223 0.0250598
0 0.0253534 0.769494 0.0507013 0.200439 0.0216477
0 0.201117 0.281122 0.402233 0.562244 0.0140733
0 0.45948 0.564369 0.198823 0.214734 0.0130968
0 0.150938 0.232075 0.101465 0.105053 0.0127378
0 0.441694 0.597901 0.156744 0.137043 0.00918277
0 0.0707213 0.755513 0.141425 0.289585 0.0086424
0 0.647294 0.0630669 0.399208 0.126134 0.00844879
0 0.0533062 0.0915946 0.106237 0.183189 0.00765424
0 0.0313337 0.0772379 0.0625523 0.154341 0.0061837
0 0.429205 0.612877 0.133928 0.112846 0.00526568
0 0.0270685 0.0534895 0.0539669 0.106979 0.00417363
0 0.470226 0.500154 0.402655 0.429032 0.00333028
0 0.064827 0.122681 0.129458 0.245363 0.00311139
0 0.626333 0.0474387 0.328971 0.094573 0.00292642
0 0.107234 0.757388 0.213294 0.313144 0.0028661
0 0.0215879 0.081218 0.0431759 0.162069 0.0026483
0 0.0432501 0.0528161 0.086127 0.105632 0.00264102
0 0.63703 0.03087 0.40377 0.0612109 0.00245519
0 0.127873 0.784001 0.255199 0.420283 0.00213368
0 0.132081 0.0684587 0.263769 0.136917 0.00198946
0 0.0332223 0.108762 0.0662793 0.217523 0.00188029
0 0.66066 0.0819704 0.501369 0.163941 0.00186692
0 0.589122 0.224565 0.290649 0.292806 0.00169782
0 0.0131857 0.801314 0.0263713 0.17957 0.00151132
0 0.0178224 0.774502 0.0356449 0.167026 0.00145725
0 0.98226 0.560424 0.0354753 0.340425 0.00144706
0 0.136824 0.309466 0.272883 0.347053 0.00138364
0 0.0563172 0.179496 0.112586 0.358128 0.00137324
0 0.984254 0.38594 0.0314573 0.212062 0.001334
0 0.438815 0.606616 0.193335 0.164965 0.00133392
0 0.260544 0.236818 0.521088 0.473636 0.00129095
0 0.0763392 0.703414 0.152391 0.445744 0.00120145
0 0.0257729 0.160526 0.0515458 0.321052 0.00111974
0 0.982603 0.555177 0.0347941 0.229522 0.00106467
0 0.976245 0.566762 0.047511 0.279875 0.00105271
0 0.138491 0.938236 0.276533 0.123529 0.00103026
0 0.105072 0.69575 0.210144 0.48997 0.00102338
0 0.461008 0.976957 0.405346 0.0460865 0.00100932
