0 0.299558 0.206992 0.165938 0.161221 0.828335
0 0.976948 0.952966 0.0460523 0.0896444 0.0247166
0 0.156469 0.902594 0.312937 0.194813 0.00696051
0 0.0206389 0.0545194 0.041266 0.108924 0.00531445
0 0.0105339 0.949015 0.0207699 0.101971 0.00494667
0 0.00724379 0.955449 0.0144403 0.089102 0.00227598
0 0.974059 0.898573 0.051883 0.199231 0.00222799
0 0.971557 0.946368 0.0568862 0.107265 0.00218207
0 0.0355507 0.0565802 0.0708567 0.113105 0.00215802
0 0.961629 0.919068 0.0765277 0.161864 0.00191489
0 0.886737 0.423939 0.226525 0.210173 0.00185875
0 0.0135518 0.905915 0.0271036 0.187453 0.00145599
0 0.0131037 0.933428 0.0262075 0.131973 0.00137793
0 0.0151435 0.879629 0.0302694 0.240742 0.00133627
0 0.0210269 0.89351 0.0420538 0.211449 0.00123229
