0 0.321061 0.30097 0.108681 0.121386 0.839506
0 0.984295 0.876831 0.0312722 0.246338 0.144823
0 0.982693 0.911866 0.0346149 0.175329 0.110194
0 0.977784 0.86192 0.0442517 0.27616 0.0464921
0 0.966628 0.848021 0.0665178 0.303958 0.0311295
0 0.987794 0.917641 0.0244125 0.164718 0.0306784
0 0.977034 0.895417 0.0459311 0.207371 0.0298351
0 0.974615 0.924515 0.0507691 0.150971 0.0182324
0 0.954293 0.831123 0.0914145 0.337753 0.0102387
0 0.988475 0.942814 0.0229452 0.114371 0.00992649
0 0.965428 0.893645 0.069144 0.211816 0.00836491
0 0.99278 0.643878 0.0144405 0.10129 0.00649521
0 0.988501 0.632784 0.0229977 0.124231 0.00512668
0 0.991484 0.954545 0.0170324 0.0909101 0.00383045
0 0.982675 0.838768 0.0346174 0.229913 0.00345412
0 0.960713 0.91976 0.0777472 0.160481 0.00287002
0 0.980636 0.951751 0.0379484 0.0964977 0.0025183
0 0.989275 0.900446 0.0214379 0.132435 0.00195404
0 0.95254 0.939688 0.0941916 0.120501 0.00190469
0 0.99297 0.652356 0.0140598 0.150294 0.0018258
0 0.319223 0.299548 0.142948 0.152554 0.00176163
0 0.92782 0.866593 0.143476 0.266814 0.00175071
0 0.983995 0.143946 0.0318527 0.287891 0.00157439
0 0.988249 0.640783 0.0234833 0.181375 0.00111533
0 0.98431 0.624239 0.0313704 0.184397 0.00106441
