0 0.378264 0.356302 0.2469 0.229604 0.765339
0 0.923507 0.0114856 0.152986 0.0229546 0.0339596
0 0.931087 0.00910191 0.137825 0.0181158 0.0307805
0 0.938872 0.0116201 0.122255 0.0232402 0.0128458
0 0.942569 0.00752874 0.114862 0.0150089 0.00789932
0 0.973024 0.439286 0.0539526 0.263434 0.00621445
0 0.0405252 0.0742251 0.0810504 0.148203 0.00549344
0 0.981335 0.430264 0.0372796 0.235243 0.00447064
0 0.385598 0.356677 0.307278 0.296275 0.00387414
0 0.966475 0.430975 0.0669527 0.41686 0.00349149
0 0.992755 0.424324 0.0144904 0.171917 0.0033572
0 0.925109 0.0223123 0.149781 0.0443246 0.00295596
0 0.971903 0.483799 0.0560591 0.381094 0.00282613
0 0.988832 0.412589 0.0222192 0.209398 0.00269574
0 0.0505245 0.0946138 0.100622 0.189228 0.00253046
0 0.936616 0.0163318 0.125827 0.0326637 0.00251862
0 0.979115 0.475166 0.0417694 0.355746 0.00222531
0 0.975722 0.123096 0.048394 0.246192 0.00209274
0 0.0284519 0.0727223 0.0568442 0.10778 0.00188704
0 0.0145185 0.136707 0.0290069 0.273415 0.00180433
0 0.0100223 0.142974 0.0200445 0.192155 0.00162767
0 0.976291 0.393265 0.0474184 0.347414 0.00153376
0 0.0150461 0.37636 0.0300922 0.168175 0.00150814
0 0.976968 0.469379 0.0459802 0.178883 0.00149422
0 0.044518 0.133947 0.0890361 0.267512 0.00146983
0 0.98129 0.119579 0.0373029 0.239157 0.00143819
0 0.0407665 0.0449104 0.0815329 0.0898209 0.00139761
0 0.966529 0.418402 0.0669427 0.25965 0.00131377
0 0.025195 0.101079 0.0503899 0.202159 0.00109954
0 0.0244559 0.149588 0.0488335 0.299177 0.00109231
0 0.450086 0.985313 0.137969 0.029375 0.0010246
