0 0.648851 0.309787 0.360628 0.350815 0.880355
0 0.961355 0.96444 0.0772176 0.0708752 0.00769227
0 0.955328 0.953612 0.0890907 0.0923761 0.00360809
0 0.956468 0.896744 0.0870638 0.206512 0.0022322
0 0.278326 0.966072 0.556652 0.0677003 0.00206683
0 0.95144 0.933911 0.09712 0.132079 0.00174852
0 0.420444 0.0576617 0.295311 0.115323 0.00146676
0 0.288144 0.965864 0.189854 0.0682721 0.00130988
0 0.930459 0.92716 0.138774 0.14568 0.00104109
0 0.704372 0.240343 0.578456 0.480686 0.0010295
0 0.316275 0.966567 0.287307 0.0668638 0.00102496
0 0.265286 0.980742 0.354371 0.038394 0.00101481
