0 0.486472 0.343928 0.217033 0.204489 0.890855
0 0.0700083 0.527353 0.13986 0.495967 0.0384398
0 0.124887 0.734292 0.249774 0.332722 0.0117032
0 0.095026 0.530463 0.190052 0.58534 0.00987669
0 0.679309 0.968337 0.194698 0.0633267 0.00425615
0 0.0678863 0.583952 0.135773 0.343 0.00316312
0 0.648672 0.984608 0.161726 0.0307839 0.00306121
0 0.0547006 0.0828882 0.109166 0.165776 0.00299287
0 0.699833 0.972949 0.260035 0.0540928 0.00221076
0 0.0302141 0.0821831 0.0604281 0.164366 0.00211907
0 0.0526455 0.0479647 0.105257 0.0958803 0.00207999
0 0.0668828 0.61748 0.13327 0.628876 0.00197759
0 0.689671 0.965297 0.30548 0.069361 0.00197146
0 0.705175 0.980047 0.302086 0.0398668 0.00181036
0 0.101059 0.990964 0.0864542 0.0179591 0.00163742
0 0.0240656 0.588305 0.0481312 0.351369 0.00155353
0 0.04095 0.0697275 0.0818968 0.139455 0.00148068
0 0.0512785 0.12052 0.102557 0.241033 0.00141674
0 0.0319131 0.593949 0.0638263 0.317149 0.00128946
0 0.0350313 0.0513843 0.0700626 0.102769 0.00122277
0 0.955817 0.435484 0.0880387 0.506027 0.00121317
0 0.648182 0.993655 0.164526 0.0126892 0.00114503
0 0.654386 0.974837 0.147368 0.0503265 0.00108809
0 0.0999573 0.991249 0.127019 0.0175017 0.00107802
0 0.696854 0.954449 0.263287 0.0910673 0.00101676
