0 0.404386 0.42597 0.225316 0.217495 0.884708
0 0.0939591 0.125471 0.187816 0.250603 0.00453265
0 0.975958 0.806177 0.0480839 0.300529 0.00221771
0 0.965441 0.799232 0.0687637 0.377117 0.0018089
0 0.982171 0.576691 0.0356375 0.314993 0.00170022
0 0.981575 0.811562 0.0368447 0.257375 0.00169089
0 0.131805 0.139336 0.263611 0.278672 0.00163025
0 0.975892 0.579014 0.0481262 0.353592 0.0015526
0 0.570714 0.985251 0.127493 0.0294982 0.00141693
0 0.826659 0.969442 0.346683 0.0611166 0.00133167
0 0.0303971 0.358249 0.0607943 0.327036 0.00119488
0 0.981077 0.833979 0.0378456 0.332042 0.00118739
0 0.840253 0.976943 0.294995 0.0460372 0.00105632
