0 0.480454 0.143642 0.149757 0.258303 0.847073
0 0.983106 0.186568 0.0337346 0.215591 0.0359551
0 0.857364 0.908725 0.283882 0.182427 0.0135643
0 0.976786 0.183261 0.0462956 0.2627 0.0110362
0 0.86118 0.969654 0.27764 0.0606927 0.00735846
0 0.845365 0.863646 0.309271 0.272126 0.0071521
0 0.861292 0.951698 0.277416 0.0966042 0.00571603
0 0.966833 0.190353 0.0660517 0.299629 0.00487996
0 0.440723 0.142029 0.231933 0.274069 0.00419071
0 0.823958 0.989174 0.205426 0.0216241 0.00327242
0 0.0150025 0.0922835 0.030005 0.182529 0.00199923
0 0.611893 0.156239 0.409234 0.289308 0.00177379
0 0.011122 0.0931511 0.0222093 0.186302 0.00168003
0 0.0216375 0.101764 0.0431846 0.20184 0.00138046
0 0.0104292 0.101179 0.0206997 0.148102 0.0012874
0 0.857084 0.978854 0.285833 0.042291 0.0012701
0 0.822437 0.993316 0.165694 0.0133675 0.00104677
