0 0.397657 0.945233 0.151556 0.109533 0.490653
0 0.399888 0.466139 0.287866 0.241868 0.184203
0 0.951086 0.794156 0.0978274 0.148824 0.048548
0 0.403365 0.467016 0.336678 0.330675 0.0155509
0 0.950075 0.789663 0.0996842 0.323417 0.0113633
0 0.938567 0.80003 0.122866 0.20641 0.0113556
0 0.394348 0.935543 0.187169 0.128761 0.00974947
0 0.577668 0.053291 0.264502 0.106582 0.00838526
0 0.931286 0.806557 0.137394 0.386886 0.00501317
0 0.457016 0.946391 0.396829 0.107172 0.00493819
0 0.409046 0.928824 0.314207 0.142352 0.00488242
0 0.457507 0.976251 0.3872 0.0472484 0.00350512
0 0.45484 0.982429 0.332225 0.0348524 0.00297469
0 0.48077 0.958184 0.492409 0.0834812 0.00273554
0 0.322327 0.918897 0.585593 0.162206 0.00230518
0 0.432782 0.969563 0.300154 0.060873 0.00227681
0 0.563954 0.0248315 0.253814 0.0496631 0.00216629
0 0.611548 0.0558191 0.426161 0.111638 0.00169172
0 0.469868 0.964105 0.375056 0.0717907 0.00167484
0 0.483278 0.936591 0.54484 0.126754 0.00154263
0 0.33596 0.935221 0.465093 0.129533 0.00153591
0 0.0100425 0.456316 0.020085 0.205208 0.00148741
0 0.739348 0.0438306 0.374093 0.0873689 0.00144909
0 0.521874 0.0187606 0.143145 0.0375213 0.00138911
0 0.452061 0.917779 0.527481 0.164442 0.00132268
0 0.900757 0.841774 0.198486 0.315785 0.00123146
0 0.962234 0.912009 0.0755318 0.175982 0.00122604
0 0.751911 0.0398357 0.25755 0.0796714 0.00121136
0 0.898007 0.97292 0.200498 0.0541593 0.00114793
0 0.464821 0.989055 0.21017 0.0218903 0.00109607
0 0.893654 0.957197 0.209378 0.0848011 0.00109602
0 0.941209 0.849757 0.117581 0.300425 0.00101087
