0 0.48969 0.157705 0.297016 0.297749 0.93346
0 0.909232 0.0801815 0.178628 0.159785 0.0281335
0 0.896681 0.112187 0.206638 0.224374 0.0034424
0 0.966256 0.731425 0.0671909 0.53715 0.00211627
0 0.867525 0.0820091 0.26495 0.164017 0.00174045
0 0.979844 0.161613 0.040236 0.323227 0.00160748
0 0.0465843 0.500525 0.0930763 0.411367 0.00139231
0 0.983993 0.552273 0.0319688 0.300956 0.00131674
0 0.127399 0.0914873 0.254214 0.182975 0.00128741
0 0.967219 0.582522 0.0653965 0.497408 0.00118758
0 0.914205 0.163079 0.17149 0.324082 0.00117133
0 0.971324 0.165103 0.057241 0.330206 0.00113513
0 0.231723 0.947921 0.463447 0.10414 0.00103788
0 0.983644 0.630987 0.0326633 0.296671 0.00102721
