0 0.590023 0.410748 0.189455 0.178354 0.301392
0 0.590004 0.412167 0.226933 0.221941 0.042094
0 0.943285 0.490947 0.112706 0.147246 0.028636
0 0.921531 0.517956 0.156938 0.227733 0.0105117
0 0.265259 0.122374 0.529695 0.244749 0.00365686
0 0.588147 0.446084 0.266999 0.292275 0.00290587
0 0.284784 0.0829754 0.569568 0.165951 0.00264756
0 0.339463 0.0610049 0.583058 0.121942 0.00182582
0 0.0259711 0.705077 0.051847 0.311885 0.00174363
0 0.946656 0.541185 0.106688 0.338375 0.0015733
0 0.572031 0.470065 0.316371 0.368981 0.00141277
0 0.958266 0.494146 0.0834684 0.23852 0.00134478
0 0.314076 0.976006 0.377011 0.0479879 0.00130667
0 0.0181809 0.710948 0.0363619 0.266219 0.00127362
0 0.225682 0.0157562 0.398675 0.0314767 0.00116953
0 0.741744 0.684234 0.214714 0.243232 0.00116444
0 0.315803 0.983262 0.342152 0.0334756 0.00114735
0 0.198746 0.0245969 0.397491 0.0491939 0.00109225
0 0.257406 0.0255386 0.443028 0.0510773 0.00106864
0 0.211674 0.106575 0.423347 0.21315 0.00103307
0 0.930211 0.515328 0.139579 0.34161 0.00102398
0 0.0410233 0.674744 0.0815053 0.470957 0.00102124
