0 0.462126 0.316772 0.289015 0.268354 0.562751
0 0.46265 0.31432 0.335778 0.337744 0.0998969
0 0.0846345 0.0464056 0.164515 0.0928112 0.0262848
0 0.460809 0.984433 0.332939 0.0311053 0.0204021
0 0.460382 0.977545 0.378369 0.04491 0.0129133
0 0.469353 0.31388 0.250568 0.215227 0.00731331
0 0.45074 0.968586 0.357598 0.0628285 0.00513398
0 0.0194262 0.180109 0.0388479 0.252164 0.00496124
0 0.454003 0.987136 0.194049 0.0257103 0.00339877
0 0.531897 0.984168 0.326429 0.0316639 0.0030505
0 0.026953 0.175781 0.0537562 0.283116 0.00255039
0 0.111176 0.0545197 0.219845 0.109039 0.00226568
0 0.520793 0.967941 0.390556 0.0641184 0.00224994
0 0.534399 0.977177 0.375207 0.0456457 0.00194529
0 0.491897 0.987648 0.186752 0.024704 0.00191766
0 0.519429 0.96514 0.519281 0.0696907 0.00188741
0 0.967767 0.948081 0.0643172 0.103838 0.00156701
0 0.954175 0.923534 0.0915433 0.152931 0.00154919
0 0.133071 0.856511 0.104401 0.109576 0.00143574
0 0.157056 0.0700584 0.31405 0.140117 0.00128955
0 0.423409 0.986164 0.190395 0.0276585 0.00119083
0 0.522047 0.988097 0.184398 0.0238062 0.00112485
0 0.913878 0.908737 0.172194 0.182526 0.00104415
0 0.966636 0.906731 0.0667273 0.186538 0.00102876
