0 0.610022 0.388895 0.250002 0.222623 0.892809
0 0.0701659 0.968954 0.140332 0.0620911 0.00922344
0 0.102424 0.0392332 0.204654 0.0784238 0.00605604
0 0.725684 0.988788 0.204636 0.0224236 0.00509226
0 0.606582 0.384704 0.303297 0.277782 0.00498781
0 0.0416403 0.973342 0.083131 0.0533155 0.00379473
0 0.132289 0.958877 0.202223 0.0822464 0.00238303
0 0.112499 0.0510081 0.22492 0.102016 0.00182954
0 0.1623 0.988811 0.206548 0.0223523 0.00143083
0 0.16846 0.976487 0.270362 0.0469475 0.00136133
0 0.193257 0.98211 0.255173 0.0356154 0.0013333
0 0.159966 0.954196 0.317214 0.0915687 0.0011946
0 0.775208 0.984169 0.283963 0.0315753 0.00115395
0 0.0959656 0.962277 0.190099 0.0754454 0.00115261
0 0.571832 0.973398 0.190574 0.0531371 0.00111912
0 0.0753995 0.974202 0.107183 0.0515177 0.00106579
