0 0.757239 0.449831 0.48454 0.500325 0.332485
0 0.76692 0.446416 0.409934 0.390102 0.128352
0 0.553901 0.550105 0.182469 0.18258 0.0928457
0 0.740041 0.426384 0.337849 0.324606 0.0330382
0 0.54863 0.554688 0.220286 0.219369 0.0138205
0 0.96539 0.198218 0.0692195 0.394003 0.00336034
0 0.901183 0.438283 0.197634 0.404667 0.00324686
0 0.269884 0.964717 0.539768 0.0704166 0.00260879
0 0.437365 0.0155753 0.331297 0.0310735 0.00235065
0 0.96498 0.268916 0.0699513 0.537833 0.00227493
0 0.24802 0.951486 0.495698 0.0969493 0.00222745
0 0.513616 0.0382259 0.535387 0.0764518 0.00220275
0 0.298515 0.975186 0.311018 0.0495877 0.0021372
0 0.442941 0.0120202 0.209619 0.0240404 0.00208081
0 0.951666 0.0850523 0.0964811 0.170105 0.00173974
0 0.934742 0.192672 0.130425 0.385344 0.0017071
0 0.962634 0.345378 0.0746334 0.589452 0.00161807
0 0.984131 0.59522 0.0317173 0.272889 0.0015824
0 0.931631 0.448468 0.135048 0.251945 0.00154771
0 0.965634 0.611701 0.0685229 0.523421 0.00151791
0 0.0401351 0.66869 0.0799085 0.568399 0.00145797
0 0.0450813 0.254761 0.0901137 0.509522 0.00145251
0 0.0423891 0.435147 0.084529 0.558956 0.00140704
0 0.922303 0.0885493 0.155111 0.177099 0.00139418
0 0.723368 0.0375653 0.553265 0.0751306 0.00136733
0 0.956787 0.128939 0.0864251 0.257704 0.00135723
0 0.237389 0.0363791 0.474778 0.0727256 0.00135312
0 0.446082 0.00947576 0.168426 0.0189413 0.00134657
0 0.0635102 0.0200793 0.12702 0.0400896 0.00132986
0 0.981989 0.644726 0.0360212 0.373284 0.00131505
0 0.981115 0.771242 0.037771 0.363566 0.00130259
0 0.303585 0.968282 0.369444 0.0632527 0.00129523
0 0.950607 0.24446 0.098774 0.483184 0.00127968
0 0.301062 0.0394623 0.602123 0.0789246 0.00126904
0 0.922716 0.518439 0.154569 0.1921 0.00122079
0 0.859733 0.755038 0.196845 0.194111 0.00118153
0 0.434523 0.0232838 0.402995 0.0465676 0.00117694
0 0.961367 0.74884 0.0768301 0.482929 0.00117447
0 0.627629 0.0389694 0.59193 0.0779388 0.00114929
0 0.896843 0.389264 0.206315 0.578882 0.00108546
0 0.948715 0.783106 0.10257 0.339673 0.00108352
0 0.617623 0.536153 0.455833 0.450249 0.00108324
0 0.884124 0.461203 0.231751 0.259943 0.00107212
0 0.938638 0.348397 0.122578 0.624413 0.00107205
0 0.896722 0.737097 0.206555 0.51986 0.0010588
0 0.96968 0.77126 0.0606287 0.373102 0.00105559
0 0.977087 0.591372 0.0457771 0.343549 0.00105557
0 0.395451 0.0386218 0.563787 0.0772436 0.00103717
0 0.931482 0.423339 0.136938 0.428824 0.00101143
0 0.96121 0.539302 0.0775793 0.595337 0.00100328
