0 0.511234 0.167569 0.205713 0.198092 0.865958
0 0.847857 0.968326 0.157026 0.0630025 0.136798
0 0.209751 0.258542 0.301305 0.256899 0.0855365
0 0.847111 0.961752 0.191658 0.0764968 0.039042
0 0.212165 0.234733 0.372892 0.354841 0.0134217
0 0.955686 0.717788 0.0886285 0.289433 0.00860982
0 0.854206 0.958845 0.288562 0.0823109 0.0023703
0 0.218084 0.198657 0.436167 0.39677 0.00166301
0 0.0134015 0.75278 0.0267624 0.160492 0.00161155
0 0.978041 0.726762 0.0439177 0.358193 0.00155177
0 0.0169157 0.758654 0.0338214 0.185606 0.0015462
0 0.0195993 0.0862649 0.0391986 0.159888 0.00129205
0 0.945922 0.7467 0.107785 0.353641 0.00119975
0 0.987746 0.0526263 0.0245088 0.105253 0.00100949
