0 0.45475 0.133044 0.473433 0.266088 0.0778696
0 0.436682 0.181486 0.508636 0.362971 0.0508741
0 0.510531 0.140146 0.216448 0.233405 0.0436679
0 0.431915 0.10849 0.400913 0.216981 0.0168768
0 0.476111 0.158579 0.379295 0.301689 0.0111982
0 0.504526 0.157508 0.169169 0.177606 0.00970283
0 0.519021 0.152142 0.279149 0.264355 0.00445528
0 0.382145 0.0963393 0.315074 0.192679 0.00323784
0 0.554556 0.190679 0.463491 0.38081 0.00222402
0 0.0514952 0.15415 0.10299 0.306135 0.00138302
0 0.0244325 0.133352 0.048865 0.266704 0.00130649
0 0.0181922 0.122657 0.0363843 0.245269 0.00130144
0 0.0653241 0.131613 0.130146 0.261624 0.00116887
0 0.502902 0.082409 0.571203 0.164818 0.00105397
0 0.337188 0.309431 0.674376 0.618862 0.00101545
