0 0.523507 0.24453 0.186721 0.189997 0.825922
0 0.874698 0.309553 0.250604 0.326656 0.447854
0 0.0262454 0.489405 0.0524272 0.264372 0.108694
0 0.0316543 0.494847 0.0631763 0.363896 0.0280279
0 0.0237197 0.46333 0.0474 0.195816 0.0229289
0 0.0422067 0.519853 0.0843819 0.366867 0.019959
0 0.252173 0.860202 0.504345 0.275602 0.0191443
0 0.528793 0.245698 0.229962 0.237471 0.0181857
0 0.697141 0.447336 0.605719 0.63269 0.0109636
0 0.303234 0.992043 0.143759 0.0157924 0.0108879
0 0.0972051 0.862791 0.194347 0.271945 0.0106067
0 0.211799 0.187636 0.280126 0.124368 0.0100291
0 0.281972 0.747178 0.563943 0.505219 0.00996114
0 0.302474 0.988688 0.180179 0.022496 0.00974709
0 0.311359 0.984512 0.293426 0.0309439 0.00754736
0 0.0565214 0.525094 0.112868 0.398828 0.00555738
0 0.280343 0.992693 0.175039 0.0144777 0.005308
0 0.01949 0.517622 0.0389799 0.333641 0.00507744
0 0.224432 0.176766 0.446673 0.15228 0.00489525
0 0.879878 0.0562862 0.238775 0.112082 0.0041519
0 0.885478 0.270106 0.229044 0.235479 0.00397248
0 0.151012 0.850016 0.302024 0.299969 0.0039336
0 0.220467 0.212706 0.434859 0.185939 0.00311687
0 0.294727 0.979371 0.351385 0.0412586 0.00252426
0 0.32888 0.0952363 0.65776 0.190473 0.00229623
0 0.310082 0.137521 0.620165 0.24482 0.00229435
0 0.630222 0.897578 0.327591 0.199447 0.00181326
0 0.263685 0.988862 0.213289 0.0222764 0.00178152
0 0.0742557 0.181284 0.146047 0.120887 0.001631
0 0.117773 0.185536 0.232832 0.128914 0.00137537
0 0.856291 0.0491481 0.287417 0.0978259 0.00135124
0 0.69334 0.24727 0.212323 0.242779 0.00130071
0 0.784024 0.317088 0.431953 0.411984 0.00122719
0 0.894929 0.287328 0.209645 0.462513 0.00109663
0 0.123147 0.975539 0.246294 0.0489212 0.00109491
0 0.318522 0.0380974 0.637044 0.0761948 0.00108387
0 0.13049 0.984317 0.259645 0.0313499 0.00106979
0 0.128803 0.0157346 0.257606 0.0314473 0.00102347
0 0.304501 0.968914 0.384084 0.0621716 0.00100116
