0 0.57096 0.495217 0.422256 0.431762 0.808219
0 0.843557 0.944526 0.312887 0.110948 0.0382365
0 0.860946 0.9558 0.278108 0.0881257 0.0198877
0 0.829315 0.926169 0.340733 0.147542 0.0182968
0 0.747135 0.94036 0.5014 0.119223 0.0139497
0 0.799165 0.948972 0.398475 0.102027 0.0135297
0 0.724069 0.923125 0.551862 0.153749 0.0108563
0 0.658952 0.949301 0.409304 0.101397 0.0101262
0 0.791741 0.905576 0.415909 0.188468 0.0066499
0 0.245467 0.932509 0.481344 0.134981 0.00541794
0 0.698977 0.88593 0.602046 0.22814 0.00363229
0 0.297058 0.949501 0.391272 0.100998 0.00299091
0 0.624032 0.953283 0.294968 0.093417 0.00213565
0 0.259473 0.905802 0.51728 0.188396 0.00189638
0 0.655222 0.93764 0.482288 0.124627 0.0015675
0 0.866908 0.934495 0.266184 0.130884 0.00152136
0 0.862436 0.893831 0.274997 0.212296 0.00144502
0 0.238574 0.953589 0.403026 0.0928217 0.00143312
0 0.672529 0.959635 0.345265 0.0801222 0.0013736
0 0.710872 0.0158696 0.315833 0.0317068 0.00100038
