0 0.501421 0.200834 0.205848 0.149147 0.838521
0 0.527783 0.966374 0.212293 0.067252 0.146654
0 0.52733 0.962585 0.299305 0.0748298 0.0685282
0 0.576395 0.960575 0.411889 0.0788507 0.0375872
0 0.125463 0.979909 0.225761 0.0401816 0.0182955
0 0.109758 0.96919 0.202076 0.0616195 0.0157864
0 0.173668 0.979228 0.22848 0.0413991 0.0115614
0 0.686629 0.963289 0.159614 0.0732176 0.0102872
0 0.655213 0.963241 0.244538 0.0735049 0.00946773
0 0.142028 0.977937 0.284056 0.0440965 0.00855969
0 0.28643 0.966051 0.181425 0.0678746 0.00844611
0 0.184737 0.968343 0.271916 0.0632515 0.00718476
0 0.552509 0.947229 0.452325 0.105332 0.00691375
0 0.297393 0.963075 0.240916 0.0738504 0.00448123
0 0.500805 0.199388 0.246555 0.193851 0.00363869
0 0.259558 0.967129 0.130081 0.0657417 0.00309138
0 0.468993 0.963582 0.581065 0.0727574 0.00246161
0 0.155059 0.959408 0.304557 0.0811412 0.00185645
0 0.313369 0.786436 0.297562 0.284239 0.00165928
0 0.234801 0.967438 0.0851296 0.0651249 0.00151807
0 0.972054 0.748948 0.0558927 0.333039 0.00138528
0 0.198507 0.966189 0.195616 0.0676173 0.00121706
0 0.232731 0.962861 0.465462 0.0739558 0.00115456
0 0.641605 0.957572 0.462019 0.0845888 0.00114101
0 0.356705 0.961835 0.40519 0.0762749 0.00101422
