0 0.463727 0.285274 0.26691 0.222453 0.738243
0 0.0951807 0.459634 0.190336 0.335862 0.128485
0 0.464681 0.253422 0.247468 0.159607 0.0624671
0 0.468482 0.283385 0.318645 0.289271 0.0549841
0 0.0838219 0.736426 0.167644 0.279789 0.0357346
0 0.981097 0.132591 0.0376549 0.138678 0.0247819
0 0.983268 0.120461 0.0333853 0.207614 0.0153153
0 0.612657 0.956064 0.169599 0.0878518 0.0147993
0 0.986179 0.126314 0.0276424 0.127197 0.0102807
0 0.981238 0.154705 0.0375249 0.272178 0.00697189
0 0.638735 0.909243 0.221489 0.181059 0.00643088
0 0.0849581 0.498973 0.169196 0.249018 0.00596005
0 0.630908 0.940936 0.200134 0.118127 0.00570763
0 0.977309 0.134675 0.0453826 0.26935 0.00540734
0 0.0812583 0.713011 0.158735 0.188365 0.00451114
0 0.0405924 0.41321 0.0811848 0.229949 0.00423518
0 0.666003 0.871794 0.28614 0.255765 0.00405196
0 0.966542 0.188038 0.0669165 0.37593 0.00266344
0 0.990498 0.110388 0.0190034 0.148101 0.00262498
0 0.520572 0.251925 0.142321 0.130839 0.00244433
0 0.0564762 0.736921 0.112952 0.277681 0.00224558
0 0.982981 0.816305 0.0340039 0.311299 0.00161362
0 0.937246 0.478843 0.125483 0.282954 0.00159147
0 0.976438 0.822934 0.0471241 0.354132 0.00146734
0 0.102467 0.748295 0.204934 0.376474 0.00136402
0 0.0866887 0.710379 0.142293 0.136704 0.00135639
0 0.95424 0.467171 0.0914354 0.267123 0.00125486
