0 0.405606 0.232736 0.121482 0.164611 0.841146
0 0.164208 0.318087 0.328417 0.402869 0.175624
0 0.012056 0.0326528 0.0241121 0.0647627 0.0234101
0 0.0109881 0.0310165 0.0219762 0.062033 0.0157184
0 0.00973288 0.030997 0.019295 0.0619939 0.00984907
0 0.261848 0.104559 0.523695 0.209012 0.0055525
0 0.0183745 0.0348877 0.0366122 0.0691597 0.00319878
0 0.0268964 0.0354722 0.0527595 0.0709445 0.00274738
0 0.349525 0.0844952 0.367823 0.16899 0.00269537
0 0.323308 0.988128 0.13324 0.0237447 0.00266751
0 0.0137776 0.127234 0.0275462 0.0543927 0.0019766
0 0.0779175 0.959332 0.155835 0.0811079 0.00194003
0 0.0526806 0.964415 0.105349 0.0711704 0.00181284
0 0.0422872 0.954244 0.0845744 0.091491 0.00177727
0 0.371368 0.236482 0.205118 0.16858 0.00149465
0 0.0146256 0.117251 0.0292512 0.085966 0.00130942
0 0.0563504 0.935426 0.112418 0.129148 0.00114531
0 0.00965109 0.0444418 0.0192392 0.0888836 0.00109037
0 0.318764 0.991329 0.121029 0.0172906 0.0010413
