0 0.657574 0.164927 0.477628 0.327713 0.852175
0 0.812669 0.979407 0.22261 0.0411569 0.0534341
0 0.81479 0.976253 0.31547 0.0474931 0.0331525
0 0.835936 0.983148 0.326039 0.0337031 0.0210544
0 0.757094 0.982201 0.37265 0.0353845 0.0124968
0 0.820531 0.0454973 0.356979 0.0909946 0.00991053
0 0.783865 0.97564 0.150953 0.0485562 0.00975399
0 0.823449 0.969987 0.353101 0.0600257 0.00909695
0 0.772477 0.966277 0.454725 0.0673475 0.00870721
0 0.847136 0.989276 0.211767 0.021449 0.00439926
0 0.868622 0.042227 0.262757 0.0844281 0.00270215
0 0.761199 0.96613 0.10332 0.0677067 0.00262126
0 0.753741 0.947331 0.453369 0.105096 0.00210623
0 0.975953 0.536952 0.0480218 0.384313 0.00156659
0 0.7393 0.972845 0.428263 0.0543097 0.00132127
0 0.231581 0.8797 0.462964 0.2406 0.00123982
0 0.0753938 0.726078 0.150633 0.509206 0.00107011
0 0.0243648 0.130781 0.0487056 0.261327 0.00103163
0 0.0279888 0.822794 0.0559775 0.354413 0.00100492
