0 0.48665 0.395895 0.135856 0.154076 0.820277
0 0.981897 0.666972 0.0359881 0.125162 0.0687457
0 0.612935 0.582895 0.549844 0.586494 0.0303571
0 0.983197 0.630713 0.0336052 0.245879 0.0266602
0 0.981598 0.690101 0.0367892 0.23335 0.0184038
0 0.983372 0.671412 0.0332557 0.180675 0.0134014
0 0.976693 0.688289 0.0466063 0.266641 0.00657433
0 0.278577 0.00891204 0.117004 0.0178241 0.00553492
0 0.941199 0.779779 0.117352 0.423654 0.00445727
0 0.977332 0.622502 0.0453367 0.353455 0.00396866
0 0.973331 0.703855 0.0533377 0.336215 0.00361427
0 0.911917 0.780199 0.17585 0.437711 0.00297493
0 0.983436 0.668252 0.0331287 0.0942881 0.00284063
0 0.949616 0.775607 0.0967445 0.109039 0.00268833
0 0.285785 0.0117175 0.138519 0.023435 0.00246184
0 0.13025 0.910116 0.2605 0.179716 0.00237388
0 0.992953 0.907008 0.014094 0.112877 0.00237156
0 0.967663 0.667234 0.0646743 0.476903 0.0023256
0 0.958277 0.744182 0.0834446 0.504724 0.00202993
0 0.947525 0.794796 0.103029 0.158985 0.00182343
0 0.989153 0.914898 0.0216933 0.169377 0.00150995
0 0.681991 0.533416 0.352352 0.568591 0.00142523
0 0.962494 0.710001 0.075006 0.28814 0.00116221
0 0.842238 0.765268 0.315355 0.468923 0.00114239
0 0.926569 0.72947 0.146863 0.54106 0.00100432
