0 0.522108 0.403293 0.513764 0.460793 0.703578
0 0.0451437 0.527879 0.0902874 0.344582 0.128579
0 0.0419544 0.519769 0.0838293 0.240397 0.0662885
0 0.0490487 0.534039 0.0980973 0.477388 0.0424007
0 0.802737 0.948421 0.366486 0.103125 0.0327573
0 0.776599 0.938224 0.444829 0.123534 0.0167342
0 0.0355088 0.565492 0.0710176 0.402479 0.0149926
0 0.806281 0.961039 0.295344 0.0775266 0.0140069
0 0.751501 0.915392 0.496307 0.169216 0.00804722
0 0.0657077 0.488641 0.131415 0.575011 0.00679733
0 0.966961 0.793368 0.0659521 0.407407 0.00609719
0 0.845251 0.988086 0.173492 0.0238279 0.00521031
0 0.840256 0.964882 0.319487 0.0696867 0.00516286
0 0.802411 0.945065 0.265279 0.10987 0.00469888
0 0.844575 0.992887 0.144079 0.0142257 0.00453329
0 0.950857 0.0732237 0.0981356 0.146418 0.00433716
0 0.925787 0.070476 0.148308 0.140952 0.00427943
0 0.0510648 0.86342 0.10213 0.272075 0.00384058
0 0.780646 0.977899 0.318513 0.0441875 0.00362846
0 0.77455 0.971703 0.36923 0.0565944 0.00355273
0 0.077591 0.548623 0.155182 0.588846 0.00326796
0 0.0273587 0.947628 0.0547174 0.104743 0.00321478
0 0.95479 0.112918 0.0903944 0.225635 0.00268328
0 0.0715278 0.905078 0.142946 0.189845 0.00247254
0 0.952733 0.854722 0.0945344 0.290257 0.00246561
0 0.838179 0.909272 0.322855 0.181324 0.00238324
0 0.0224931 0.915902 0.0449161 0.167857 0.0023575
0 0.982866 0.858351 0.0342493 0.283298 0.00233897
0 0.866194 0.0560133 0.267473 0.112027 0.00228735
0 0.981314 0.0727232 0.0373715 0.145446 0.00228218
0 0.0253677 0.869369 0.0507353 0.26023 0.00224754
0 0.881438 0.956592 0.236888 0.0867747 0.00215536
0 0.903618 0.0417344 0.192764 0.083262 0.00210465
0 0.915784 0.861596 0.168229 0.276808 0.00208268
0 0.190355 0.0159272 0.348152 0.0318545 0.00205279
0 0.946942 0.774699 0.106077 0.447734 0.00196901
0 0.966914 0.072776 0.0661715 0.145552 0.00194782
0 0.0389141 0.899826 0.0778282 0.200347 0.00192597
0 0.976263 0.846614 0.0474735 0.306771 0.00190863
0 0.0240389 0.850904 0.0480779 0.298192 0.00189624
0 0.972013 0.0474663 0.055974 0.0949325 0.00189222
0 0.856539 0.973234 0.27649 0.0535318 0.001886
0 0.491228 0.0407067 0.490745 0.0814134 0.00188041
0 0.0191944 0.579843 0.0383889 0.366084 0.00187216
0 0.989136 0.668601 0.0217286 0.217836 0.00186062
0 0.0172803 0.891238 0.0345335 0.215919 0.00183992
0 0.0272907 0.218998 0.0544921 0.374513 0.00179197
0 0.0443644 0.226523 0.0886248 0.443696 0.00178545
0 0.966978 0.453776 0.065778 0.526552 0.00174878
0 0.993062 0.686154 0.0138757 0.179503 0.00172632
0 0.925343 0.93612 0.149313 0.127759 0.0017073
0 0.0255917 0.598317 0.0511834 0.408773 0.00169543
0 0.691904 0.956644 0.532484 0.0867124 0.00167894
0 0.111422 0.90684 0.222527 0.186321 0.00166666
0 0.98311 0.711092 0.0337 0.36798 0.0016317
0 0.967104 0.704417 0.065589 0.561551 0.00162022
0 0.964691 0.854599 0.0706186 0.290803 0.00159176
0 0.0786241 0.846742 0.157228 0.30619 0.00158948
0 0.0432582 0.700505 0.086438 0.53719 0.00158257
0 0.939931 0.830479 0.120018 0.33742 0.00153347
0 0.912953 0.115547 0.173931 0.230858 0.0014706
0 0.963099 0.94191 0.0737129 0.11618 0.00145146
0 0.0220887 0.188338 0.0441774 0.332601 0.00144665
0 0.405099 0.0156097 0.354252 0.0312191 0.00143953
0 0.0402686 0.935465 0.0802921 0.129069 0.00143782
0 0.983932 0.653374 0.0320785 0.316255 0.00143344
0 0.0550648 0.623496 0.11008 0.629528 0.00131191
0 0.0608166 0.804088 0.121633 0.391346 0.00130264
0 0.983271 0.805718 0.0333731 0.311883 0.0012715
0 0.976335 0.803231 0.0472841 0.366377 0.00125014
0 0.979144 0.8824 0.0417129 0.235201 0.00124496
0 0.0191384 0.254386 0.0382768 0.369658 0.00122281
0 0.903486 0.0194325 0.189718 0.0388068 0.00120672
0 0.0174387 0.203189 0.0348751 0.276116 0.00120432
0 0.976702 0.910501 0.0465959 0.178997 0.00120232
0 0.966023 0.353101 0.0677605 0.492945 0.00119631
0 0.0291558 0.724054 0.0583115 0.326849 0.00119434
0 0.0240514 0.553393 0.0481028 0.155994 0.00119049
0 0.0754016 0.945597 0.149887 0.108806 0.00116167
0 0.025742 0.285348 0.051484 0.388764 0.00115981
0 0.967272 0.599074 0.0652517 0.574212 0.00115625
0 0.204037 0.0354822 0.408074 0.0709644 0.0011518
0 0.199979 0.0234134 0.399958 0.0468268 0.00114695
0 0.879721 0.855178 0.240558 0.288734 0.00112852
0 0.915675 0.0248618 0.167454 0.0497112 0.00112433
0 0.976736 0.649387 0.04647 0.382511 0.00111445
0 0.498044 0.965322 0.544563 0.0693076 0.00111038
0 0.0401863 0.720497 0.0803726 0.362203 0.00109877
0 0.36911 0.0257621 0.410541 0.0513245 0.00109338
0 0.153774 0.932585 0.307135 0.13483 0.00108888
0 0.0593555 0.936299 0.118068 0.127401 0.00107498
0 0.980151 0.174843 0.0395813 0.349686 0.00107465
0 0.982593 0.351591 0.0347606 0.295724 0.00106921
0 0.015616 0.846884 0.031232 0.306233 0.00106894
0 0.983247 0.471582 0.0334359 0.334804 0.00105896
0 0.0444463 0.0226463 0.0888813 0.0452137 0.00104698
0 0.885585 0.0275058 0.22506 0.0549224 0.0010163
0 0.434598 0.0242831 0.396704 0.0485662 0.00100292
