0 0.60944 0.160131 0.358703 0.319953 0.907112
0 0.638805 0.949925 0.329223 0.10006 0.518093
0 0.676858 0.951112 0.493669 0.0977761 0.0643735
0 0.679109 0.936998 0.550994 0.125849 0.0179755
0 0.755613 0.980473 0.368516 0.0388408 0.0035355
0 0.684071 0.913915 0.619747 0.171339 0.00182884
0 0.861733 0.218697 0.272486 0.385527 0.00172745
0 0.805082 0.983864 0.299251 0.0322716 0.00150693
0 0.989042 0.799148 0.0219157 0.208806 0.00135384
0 0.740668 0.973792 0.39754 0.0524163 0.0013184
0 0.701037 0.988121 0.206008 0.0237589 0.00127585
0 0.993078 0.814122 0.0138445 0.173149 0.00114824
0 0.742705 0.957816 0.50388 0.0843487 0.00102175
