0 0.444011 0.180248 0.191803 0.188306 0.85805
0 0.972964 0.419881 0.0540721 0.246864 0.189154
0 0.96508 0.420456 0.0697203 0.301076 0.102878
0 0.954019 0.196882 0.0919623 0.158342 0.0197705
0 0.954917 0.426764 0.090165 0.359785 0.0195626
0 0.978136 0.400302 0.0437081 0.217769 0.0187651
0 0.441471 0.179308 0.240677 0.245064 0.0137869
0 0.947317 0.461172 0.105216 0.478072 0.00492075
0 0.0714073 0.0117868 0.142815 0.0235736 0.00436427
0 0.95671 0.352772 0.0865803 0.488384 0.00327676
0 0.93241 0.420719 0.134736 0.456759 0.00281543
0 0.0610083 0.00773771 0.122017 0.0154754 0.00276021
0 0.0835723 0.0184228 0.166412 0.0368062 0.00221798
0 0.944505 0.188584 0.11099 0.235798 0.00215425
0 0.933446 0.198132 0.133108 0.321912 0.00148025
0 0.982394 0.378774 0.0351367 0.141816 0.0014233
0 0.979601 0.446202 0.0407979 0.261857 0.00138029
0 0.626299 0.790043 0.204465 0.219308 0.00131268
0 0.115789 0.0259408 0.230523 0.0518817 0.00131092
0 0.067383 0.0254948 0.134766 0.0509641 0.00126335
0 0.133663 0.0167617 0.267326 0.0335233 0.00126327
0 0.934916 0.334385 0.130168 0.530286 0.00114549
0 0.981016 0.514893 0.0379686 0.374656 0.00106347
