0 0.386086 0.962942 0.0821952 0.0741153 0.195797
0 0.490308 0.447308 0.330006 0.307186 0.188386
0 0.522242 0.410014 0.258312 0.20027 0.15648
0 0.408655 0.477886 0.135256 0.129645 0.115639
0 0.361627 0.957814 0.144982 0.083662 0.0159268
0 0.4965 0.431519 0.384148 0.381346 0.0148497
0 0.367407 0.834811 0.342849 0.328638 0.01202
0 0.0288704 0.720023 0.0577409 0.165116 0.0102161
0 0.0336783 0.347671 0.0672996 0.296468 0.00900219
0 0.0320801 0.721709 0.0641602 0.221829 0.00760607
0 0.410102 0.476813 0.163651 0.161569 0.00553527
0 0.0259216 0.351828 0.0518433 0.268249 0.00542315
0 0.0413594 0.311941 0.0825584 0.45235 0.00523229
0 0.0471861 0.966437 0.0943478 0.0670872 0.00506236
0 0.0286597 0.699868 0.0573193 0.296988 0.00436032
0 0.450641 0.495386 0.254832 0.198161 0.00354863
0 0.0708231 0.961731 0.141646 0.0763121 0.00335659
0 0.431124 0.540723 0.327168 0.32661 0.00283625
0 0.0574196 0.947957 0.114619 0.104086 0.00250573
0 0.0372898 0.720158 0.0745043 0.313812 0.00247079
0 0.041194 0.72296 0.0823412 0.419917 0.00239734
0 0.0486917 0.272326 0.0972779 0.544652 0.00222907
0 0.0429825 0.980394 0.0859651 0.0391203 0.00220176
0 0.76967 0.975942 0.2444 0.0481167 0.00216976
0 0.47427 0.496675 0.432244 0.438828 0.00206065
0 0.0274174 0.322894 0.0548348 0.363562 0.00202738
0 0.776998 0.982209 0.282445 0.0355828 0.00185681
0 0.0623365 0.989011 0.124673 0.0219783 0.00179006
0 0.32975 0.926933 0.220213 0.146095 0.00159823
0 0.983415 0.632609 0.0330901 0.301961 0.00158936
0 0.765711 0.971083 0.298803 0.057834 0.00137944
0 0.403411 0.559209 0.264461 0.279588 0.00132928
0 0.140291 0.943578 0.280456 0.112844 0.00128244
0 0.0201 0.328808 0.0402 0.308519 0.00127435
0 0.8009 0.914939 0.392116 0.170019 0.00120572
0 0.777376 0.94758 0.276848 0.10484 0.00117396
0 0.0914013 0.942627 0.182803 0.114745 0.00116595
0 0.806924 0.9456 0.385476 0.108801 0.00103157
