0 0.374583 0.303631 0.118955 0.148505 0.859269
0 0.803551 0.118331 0.141988 0.144178 0.306483
0 0.385897 0.0113878 0.210285 0.0227756 0.0276835
0 0.385693 0.00882401 0.179925 0.0176182 0.0244126
0 0.0104727 0.139384 0.0208906 0.149262 0.0178107
0 0.006547 0.133062 0.013094 0.115976 0.01655
0 0.326459 0.296477 0.178334 0.157632 0.0146787
0 0.982507 0.187417 0.0349857 0.183099 0.0141108
0 0.798488 0.296239 0.147936 0.150027 0.0137776
0 0.977776 0.191029 0.0444481 0.211035 0.0126681
0 0.809382 0.764126 0.21938 0.177848 0.00999036
0 0.961326 0.190219 0.0773482 0.222306 0.00651598
0 0.806005 0.112011 0.17396 0.179889 0.00465719
0 0.409016 0.00744731 0.192421 0.0148946 0.00246346
0 0.012448 0.125711 0.0248959 0.211015 0.0015848
0 0.962631 0.172914 0.0744922 0.309632 0.00139241
0 0.992482 0.943389 0.0150369 0.113222 0.00124434
0 0.32952 0.30318 0.231755 0.200291 0.00113506
0 0.269461 0.42336 0.119518 0.126636 0.00111685
