0 0.457946 0.43566 0.130281 0.181102 0.6301
0 0.691634 0.00737956 0.137548 0.0147473 0.0255919
0 0.696585 0.0118898 0.187125 0.0237795 0.0202733
0 0.507714 0.413269 0.251534 0.237982 0.0199761
0 0.0702109 0.0653924 0.140422 0.130785 0.0162766
0 0.109473 0.0645877 0.218573 0.129175 0.0104565
0 0.0756899 0.988788 0.15138 0.022398 0.00941001
0 0.155161 0.0623485 0.310252 0.124697 0.00882432
0 0.0500727 0.0552136 0.100145 0.110407 0.00829039
0 0.0138779 0.675517 0.027684 0.139695 0.00805748
0 0.470733 0.427406 0.172252 0.207217 0.0074801
0 0.0168374 0.686464 0.0336216 0.218241 0.00699715
0 0.0211137 0.680611 0.0421563 0.250642 0.00619052
0 0.0522506 0.990341 0.103322 0.0193189 0.00593756
0 0.700393 0.0156514 0.207175 0.0313029 0.0057807
0 0.684461 0.0155179 0.315038 0.0310357 0.0046542
0 0.0810594 0.10331 0.162119 0.206488 0.00429396
0 0.708302 0.0231802 0.288386 0.0462797 0.00421417
0 0.168272 0.0833872 0.336109 0.166774 0.00387724
0 0.0282044 0.670527 0.0564087 0.31219 0.00371854
0 0.8066 0.373408 0.0774314 0.0798732 0.00323313
0 0.0158291 0.642026 0.0316582 0.312921 0.00293334
0 0.0698836 0.993097 0.139767 0.0138068 0.00268757
0 0.678856 0.00857722 0.176283 0.0171144 0.00267695
0 0.524418 0.408477 0.2936 0.292671 0.00265513
0 0.0211764 0.561463 0.0423528 0.294709 0.00245017
0 0.201542 0.0499423 0.403084 0.0998793 0.00228597
0 0.025857 0.544051 0.051714 0.394323 0.00216899
0 0.032853 0.616819 0.0657059 0.372466 0.00208307
0 0.167561 0.0123329 0.196954 0.0246659 0.00206071
0 0.0927417 0.0375707 0.185342 0.0750717 0.00198919
0 0.169847 0.00910671 0.118546 0.0182134 0.00181557
0 0.188761 0.0158832 0.26768 0.0317232 0.00167188
0 0.163032 0.00838904 0.180355 0.0167781 0.001612
0 0.705472 0.0318392 0.362934 0.0636371 0.00149675
0 0.705961 0.488241 0.217885 0.193049 0.00135461
0 0.0415309 0.659837 0.0828013 0.563534 0.00121608
0 0.189601 0.0233534 0.327209 0.0467069 0.00118967
0 0.229556 0.0177665 0.289875 0.0355184 0.0011663
0 0.0341918 0.954558 0.0683777 0.090884 0.00112336
0 0.0244917 0.709356 0.0489303 0.348669 0.00109583
0 0.0229117 0.0523497 0.0458234 0.104699 0.00107998
0 0.0776874 0.957355 0.15516 0.0852346 0.00103579
0 0.0356831 0.0582747 0.0712998 0.116488 0.00101987
