0 0.462238 0.193158 0.502411 0.386315 0.832568
0 0.0684162 0.0431021 0.136553 0.0858839 0.0201931
0 0.098878 0.0477584 0.197239 0.0955169 0.0193141
0 0.938746 0.268952 0.122372 0.160208 0.0192825
0 0.9359 0.283288 0.128108 0.276977 0.0179308
0 0.0839296 0.0667491 0.167859 0.13349 0.0127179
0 0.951362 0.785428 0.0968797 0.42797 0.00821013
0 0.928266 0.286054 0.143296 0.371616 0.00545512
0 0.0804245 0.921055 0.160849 0.157889 0.00433103
0 0.920833 0.320213 0.158333 0.242354 0.00400912
0 0.965252 0.794618 0.0694952 0.330411 0.00340995
0 0.147194 0.060438 0.294388 0.120876 0.00326285
0 0.979443 0.810201 0.0411139 0.337141 0.00301419
0 0.0770863 0.12788 0.154173 0.254928 0.00291316
0 0.92969 0.758255 0.14062 0.477067 0.00284666
0 0.902208 0.0644881 0.195286 0.128976 0.00260129
0 0.975531 0.746125 0.0488552 0.182814 0.00253028
0 0.982659 0.742655 0.0346699 0.186758 0.00249596
0 0.970889 0.769989 0.0582211 0.275702 0.00232977
0 0.0827353 0.885761 0.165384 0.228286 0.00226954
0 0.964434 0.732885 0.0708686 0.214514 0.00223822
0 0.113413 0.108818 0.226366 0.217637 0.00163708
0 0.972725 0.835162 0.0545505 0.329676 0.00159678
0 0.992417 0.743941 0.0151666 0.1563 0.00156622
0 0.981909 0.714447 0.0361818 0.260536 0.00146167
0 0.989197 0.843071 0.0216026 0.207941 0.00136097
0 0.933087 0.0704168 0.133762 0.140648 0.0013469
0 0.960818 0.264962 0.0782653 0.243909 0.00125428
0 0.958874 0.719307 0.0819955 0.265028 0.00125281
0 0.992904 0.857441 0.014191 0.156017 0.00120488
0 0.98798 0.928129 0.0239218 0.143742 0.00114877
0 0.978379 0.858598 0.0431817 0.282804 0.00103513
