0 0.555492 0.424344 0.167619 0.150302 0.845683
0 0.08509 0.897581 0.17018 0.203978 0.044375
0 0.4229 0.870422 0.132147 0.12843 0.0220701
0 0.554341 0.426858 0.216445 0.192473 0.0211252
0 0.422761 0.873173 0.155081 0.159865 0.00818778
0 0.536617 0.945524 0.117861 0.108294 0.00666033
0 0.109866 0.883969 0.219387 0.232061 0.00610872
0 0.155907 0.886511 0.311549 0.226978 0.0042107
0 0.423242 0.893773 0.17013 0.20973 0.00349439
0 0.870395 0.0140378 0.203705 0.0280755 0.00200876
0 0.177994 0.855452 0.355989 0.287297 0.00197193
0 0.621251 0.984339 0.338841 0.0312171 0.00196362
0 0.617563 0.978153 0.390996 0.0436931 0.00196067
0 0.928206 0.00736318 0.143587 0.0146982 0.00181168
0 0.867581 0.0184114 0.264838 0.0368227 0.00171272
0 0.920762 0.0112639 0.158475 0.0225119 0.00160409
0 0.649939 0.962325 0.471459 0.0751812 0.00128867
0 0.531766 0.952134 0.197749 0.0957311 0.00114288
0 0.848887 0.0233967 0.302226 0.0467934 0.00106568
0 0.93961 0.00710237 0.120781 0.0140925 0.00106206
