0 0.548878 0.32798 0.129499 0.152213 0.907179
0 0.965096 0.943212 0.0696657 0.10812 0.0489401
0 0.22017 0.697702 0.267949 0.322277 0.0370715
0 0.939863 0.937999 0.120275 0.123863 0.00972638
0 0.467412 0.935299 0.103137 0.128043 0.00800373
0 0.951184 0.916954 0.0976329 0.166093 0.00680626
0 0.928619 0.923932 0.142762 0.151976 0.00388626
0 0.834374 0.91935 0.124835 0.119175 0.00263726
0 0.486914 0.934273 0.149404 0.131196 0.0025019
0 0.881007 0.933029 0.237986 0.133942 0.00249087
0 0.515858 0.933151 0.231229 0.133699 0.00239164
0 0.474965 0.992309 0.129446 0.0153828 0.00233807
0 0.469354 0.988222 0.145782 0.0235435 0.00204882
0 0.0109495 0.096997 0.0218815 0.193994 0.0019166
0 0.0382989 0.961102 0.0765977 0.0777968 0.00188114
0 0.0487814 0.865094 0.0975627 0.269204 0.00176633
0 0.0425798 0.948326 0.0849234 0.103348 0.00136548
0 0.659466 0.993403 0.153725 0.0130744 0.00131224
0 0.565541 0.933191 0.35819 0.133496 0.00120084
0 0.650183 0.98887 0.200552 0.0222601 0.00119042
0 0.955604 0.345142 0.0887914 0.319384 0.00113007
0 0.0651237 0.890176 0.130066 0.219647 0.00108946
0 0.0378416 0.927839 0.0756187 0.144323 0.00100895
