0 0.525688 0.462653 0.178466 0.165759 0.124321
0 0.964644 0.660599 0.0707117 0.408561 0.0588788
0 0.981103 0.674725 0.0377946 0.32623 0.0556725
0 0.975184 0.675521 0.0496321 0.3573 0.0552683
0 0.526873 0.462443 0.15827 0.130769 0.0513557
0 0.984151 0.695515 0.0316691 0.229785 0.0451348
0 0.988568 0.712706 0.0228479 0.146156 0.021457
0 0.953204 0.655816 0.0935924 0.471604 0.0147761
0 0.0698804 0.0275157 0.107512 0.0549251 0.00867735
0 0.520022 0.474601 0.208499 0.204066 0.00405512
0 0.100124 0.0441913 0.200249 0.0883827 0.00362426
0 0.958621 0.725454 0.0827585 0.531717 0.00355068
0 0.971816 0.726952 0.0563354 0.313785 0.00353016
0 0.930816 0.661604 0.137907 0.608541 0.0029176
0 0.98907 0.700664 0.0217931 0.215138 0.00286275
0 0.967578 0.555291 0.0645893 0.572083 0.00276245
0 0.0705427 0.0362995 0.140806 0.072599 0.00247249
0 0.945545 0.578562 0.108909 0.569373 0.00229979
0 0.031368 0.0621515 0.062736 0.124303 0.00193517
0 0.964398 0.185281 0.0712037 0.369264 0.00187875
0 0.0580624 0.0532747 0.116063 0.10654 0.00176895
0 0.988747 0.490861 0.022501 0.190356 0.00175479
0 0.504407 0.503451 0.248057 0.265365 0.00162562
0 0.992506 0.482711 0.0149887 0.135728 0.00151034
0 0.984296 0.128235 0.0313241 0.254542 0.00145968
0 0.825663 0.016903 0.302403 0.033806 0.00144504
0 0.984371 0.477701 0.0312572 0.269832 0.00144376
0 0.0260861 0.0467316 0.0521219 0.0934632 0.00141827
0 0.165443 0.0450806 0.330885 0.0901612 0.0013526
0 0.0211573 0.056735 0.0423145 0.11347 0.00133331
0 0.0822783 0.0556694 0.164557 0.111339 0.00117063
0 0.977283 0.137826 0.045435 0.275653 0.00109778
0 0.940982 0.726131 0.117843 0.547737 0.001092
0 0.797078 0.0367527 0.385117 0.0735055 0.00108287
