0 0.399562 0.343946 0.129709 0.157886 0.844874
0 0.589767 0.952141 0.248289 0.0957183 0.0112479
0 0.401209 0.345161 0.166739 0.183332 0.00976624
0 0.613671 0.947063 0.384724 0.105795 0.00947602
0 0.604581 0.96694 0.343306 0.0660907 0.00770537
0 0.630017 0.93556 0.475115 0.128789 0.00521323
0 0.0104227 0.429981 0.0208453 0.195614 0.00468784
0 0.606999 0.91481 0.501008 0.170191 0.00188827
0 0.00660977 0.42584 0.0131685 0.153187 0.00170203
0 0.854296 0.965692 0.291408 0.0686164 0.00146398
0 0.520059 0.967406 0.0901028 0.063253 0.00140426
0 0.983601 0.531208 0.0327067 0.284027 0.00133829
0 0.673724 0.953068 0.507813 0.0938541 0.00126439
0 0.00660456 0.457718 0.0132045 0.170782 0.00116677
0 0.0156471 0.458379 0.0312941 0.324237 0.00105629
0 0.855739 0.97763 0.288523 0.0446455 0.0010368
