0 0.64605 0.142661 0.369562 0.285323 0.907492
0 0.404018 0.935331 0.498011 0.129299 0.116789
0 0.405392 0.913288 0.554083 0.173252 0.0639486
0 0.447811 0.956613 0.555812 0.0867245 0.0176159
0 0.895038 0.89327 0.209925 0.21346 0.0037685
0 0.356253 0.949532 0.365821 0.100937 0.00309927
0 0.411388 0.958093 0.345428 0.0835282 0.00255651
0 0.512871 0.967417 0.364571 0.0651057 0.00211475
0 0.898828 0.988886 0.202343 0.022198 0.00178847
0 0.467658 0.963003 0.348316 0.0736016 0.00147509
0 0.100518 0.91959 0.200431 0.160821 0.00141511
0 0.907617 0.993285 0.170866 0.0134157 0.0012098
0 0.308208 0.903702 0.616416 0.191454 0.00109061
