0 0.768073 0.54676 0.463855 0.513899 0.454581
0 0.54063 0.751309 0.387619 0.417498 0.24989
0 0.0680815 0.887593 0.135719 0.221562 0.243684
0 0.520723 0.503805 0.348147 0.365549 0.243458
0 0.934275 0.52614 0.130057 0.416862 0.121677
0 0.950306 0.499559 0.0993885 0.347699 0.118182
0 0.0472896 0.902928 0.0945702 0.194143 0.116596
0 0.53346 0.702039 0.462237 0.537097 0.0981117
0 0.9207 0.561873 0.157347 0.502174 0.0832369
0 0.0951434 0.897339 0.190287 0.205322 0.0734436
0 0.859897 0.568934 0.280206 0.556162 0.0606945
0 0.344616 0.23505 0.445457 0.464416 0.057341
0 0.29654 0.050398 0.187318 0.100488 0.0403534
0 0.0681616 0.796075 0.135012 0.401909 0.0334286
0 0.347259 0.600462 0.292533 0.302449 0.0314984
0 0.0417296 0.907161 0.0834592 0.154954 0.0180234
0 0.538428 0.0784404 0.217149 0.156881 0.0167868
0 0.270197 0.308664 0.234098 0.237438 0.0164208
0 0.370179 0.567902 0.367053 0.383828 0.0141327
0 0.293045 0.308764 0.300152 0.269501 0.0121625
0 0.925239 0.471782 0.148539 0.458071 0.0105829
0 0.517931 0.507241 0.272127 0.29084 0.0104816
