0 0.339598 0.294108 0.265769 0.264328 0.755171
0 0.0351457 0.162575 0.0701277 0.284963 0.190268
0 0.0276255 0.151484 0.0552509 0.204238 0.12873
0 0.0415183 0.179155 0.0830365 0.345468 0.0706637
0 0.752081 0.957012 0.475987 0.0855221 0.0440734
0 0.0511348 0.217863 0.101313 0.435726 0.0222913
0 0.671318 0.225421 0.576217 0.450842 0.022214
0 0.0264431 0.199606 0.0528863 0.32322 0.0219131
0 0.741002 0.98314 0.220855 0.0335608 0.0164392
0 0.389707 0.957575 0.565467 0.0848494 0.0147946
0 0.740949 0.977231 0.295047 0.045279 0.0137378
0 0.348057 0.288268 0.220496 0.194718 0.0128094
0 0.752213 0.93915 0.495574 0.1217 0.0116543
0 0.0244631 0.124405 0.0481453 0.24881 0.0115837
0 0.0205399 0.141725 0.0410797 0.186564 0.0100357
