0 0.853312 0.0942721 0.250447 0.188425 0.432989
0 0.557408 0.316815 0.629022 0.561764 0.206602
0 0.650493 0.325882 0.493825 0.484046 0.149103
0 0.468196 0.327622 0.551812 0.451967 0.144687
0 0.783888 0.882745 0.383834 0.234242 0.135161
0 0.216097 0.896613 0.343743 0.205696 0.134331
0 0.283077 0.246105 0.566154 0.49221 0.0751609
0 0.854282 0.080356 0.194372 0.157475 0.0549082
0 0.763954 0.856274 0.447333 0.287451 0.0457358
0 0.560488 0.829 0.417867 0.341049 0.0418061
0 0.428552 0.326966 0.408312 0.36213 0.0218456
0 0.556366 0.845593 0.314229 0.308813 0.0210959
0 0.847144 0.128843 0.298901 0.257686 0.0197276
0 0.282005 0.772798 0.542302 0.454405 0.0194928
0 0.257933 0.20451 0.515867 0.409019 0.0173192
0 0.34295 0.801526 0.36511 0.396948 0.0115302
0 0.220113 0.879068 0.435202 0.240484 0.010772
