0 0.462812 0.252605 0.436186 0.404524 0.611839
0 0.0971134 0.384539 0.194227 0.251558 0.425535
0 0.115119 0.391944 0.230238 0.303138 0.173724
0 0.128613 0.81147 0.256712 0.37706 0.0995058
0 0.933494 0.868263 0.131006 0.263474 0.0849379
0 0.955701 0.865792 0.088598 0.268415 0.0488876
0 0.977095 0.883933 0.0457156 0.232135 0.035169
0 0.972352 0.274903 0.0550991 0.149838 0.0321951
0 0.898637 0.875376 0.199627 0.249248 0.0229222
0 0.976893 0.263638 0.0459552 0.107336 0.0178951
0 0.142749 0.904939 0.216843 0.188712 0.0170391
0 0.969565 0.898978 0.0597271 0.199766 0.015828
0 0.137821 0.914561 0.146422 0.168897 0.0145179
0 0.45945 0.258595 0.380678 0.288509 0.0141764
0 0.962469 0.278804 0.0750625 0.242343 0.0115845
