0 0.53104 0.559622 0.230738 0.256118 0.607403
0 0.0642615 0.0227016 0.128523 0.0454032 0.20476
0 0.0852618 0.0285218 0.167626 0.0550939 0.110584
0 0.0939489 0.0384041 0.186106 0.0766018 0.0634001
0 0.271428 0.957439 0.382842 0.084794 0.0383806
0 0.101089 0.0206911 0.196818 0.04123 0.0315454
0 0.218349 0.956842 0.127457 0.0863161 0.0313632
0 0.138493 0.07608 0.200832 0.151005 0.0234491
0 0.108438 0.0524166 0.216877 0.104833 0.0136965
0 0.220305 0.963158 0.103226 0.0724521 0.0133492
0 0.935202 0.477878 0.127037 0.290797 0.0121782
