0 0.335459 0.367707 0.182594 0.184247 0.748424
0 0.452742 0.57763 0.181953 0.189029 0.109836
0 0.989782 0.768655 0.0203958 0.171237 0.0523742
0 0.987949 0.76858 0.0239275 0.211007 0.0383377
0 0.0831802 0.938068 0.16636 0.123863 0.0380105
0 0.105232 0.946757 0.210464 0.106486 0.0342849
0 0.0627396 0.923578 0.12524 0.152432 0.0291466
0 0.982583 0.768825 0.0346599 0.174885 0.0250408
0 0.0976246 0.920759 0.195249 0.157661 0.0192276
0 0.330779 0.371017 0.226166 0.225039 0.0184444
0 0.98156 0.751665 0.0364873 0.241938 0.0177872
0 0.97941 0.784745 0.0410626 0.259089 0.016307
0 0.054681 0.871196 0.109362 0.255854 0.0136431
0 0.212979 0.0203628 0.208644 0.0402042 0.010846
