0 0.143524 0.851826 0.233204 0.219081 0.676483
0 0.475239 0.558816 0.368259 0.343956 0.627378
0 0.879046 0.264866 0.220007 0.231692 0.561363
0 0.787289 0.496547 0.418175 0.42659 0.428242
0 0.540005 0.0780149 0.345398 0.15603 0.285502
0 0.575787 0.0530131 0.246779 0.106026 0.180821
0 0.587067 0.0458053 0.20063 0.0913295 0.0981674
0 0.955581 0.692967 0.0888377 0.166576 0.0581458
0 0.534333 0.0961894 0.404249 0.191964 0.0523505
0 0.781714 0.520819 0.34255 0.297193 0.0407256
0 0.784007 0.406018 0.431986 0.545207 0.0394791
0 0.642163 0.957164 0.470971 0.0856714 0.0314212
0 0.957531 0.697513 0.0849373 0.22947 0.0276314
0 0.452694 0.560902 0.323422 0.266061 0.0208746
0 0.139706 0.847114 0.205315 0.167258 0.0207808
0 0.962237 0.693763 0.0750694 0.135867 0.0206075
0 0.861798 0.324014 0.276403 0.356623 0.0170429
0 0.949592 0.724072 0.0996761 0.291558 0.0160668
0 0.590439 0.980572 0.236232 0.0387509 0.0146278
0 0.601787 0.974535 0.210324 0.0504709 0.0112756
0 0.731197 0.495818 0.206605 0.175411 0.0103412
