0 0.571946 0.579168 0.192379 0.211627 0.579136
0 0.519854 0.587203 0.264963 0.224661 0.375485
0 0.469205 0.593463 0.174288 0.20602 0.361448
0 0.571543 0.573626 0.160693 0.171813 0.237228
0 0.169156 0.202854 0.338312 0.40372 0.124239
0 0.571019 0.944496 0.24876 0.111008 0.112052
0 0.859799 0.473816 0.147521 0.166305 0.0789911
0 0.660267 0.383475 0.250916 0.221526 0.0567191
0 0.0428758 0.963399 0.0857517 0.0732012 0.0549858
0 0.0596543 0.953259 0.119309 0.0934824 0.0509663
0 0.523064 0.941629 0.393486 0.116741 0.0381726
0 0.108583 0.953843 0.217166 0.0923148 0.0355246
0 0.0765293 0.945994 0.152605 0.108013 0.034471
0 0.57286 0.951538 0.188568 0.0969243 0.0275382
0 0.469066 0.586274 0.152308 0.159236 0.0245369
0 0.883338 0.476004 0.21889 0.193613 0.0231558
0 0.857741 0.469924 0.114867 0.148269 0.0210752
0 0.926306 0.714589 0.147388 0.288788 0.0207396
0 0.0542505 0.908676 0.107216 0.182648 0.0202961
0 0.939563 0.258344 0.119518 0.408729 0.0197638
0 0.204618 0.956069 0.409237 0.0878614 0.0173167
0 0.957627 0.234258 0.0847456 0.347089 0.0170018
0 0.936768 0.755086 0.125846 0.190982 0.014878
0 0.406199 0.0935051 0.284226 0.186621 0.0144067
0 0.618608 0.948167 0.509948 0.103664 0.0142151
0 0.0847298 0.971593 0.167574 0.0568137 0.0141944
0 0.607148 0.931035 0.385686 0.137504 0.0141048
0 0.118089 0.206087 0.236179 0.412174 0.0137094
0 0.910337 0.685248 0.178991 0.45362 0.0126762
0 0.961843 0.212347 0.0760616 0.201935 0.0112389
0 0.953158 0.351128 0.0936837 0.189718 0.0101922
