0 0.492519 0.500184 0.187703 0.164874 0.510706
0 0.492114 0.500582 0.220239 0.208474 0.194048
0 0.961169 0.485904 0.0776622 0.292876 0.0634244
0 0.779439 0.942973 0.440936 0.114053 0.0583206
0 0.942773 0.499321 0.113084 0.404845 0.0515784
0 0.152258 0.911702 0.143526 0.129717 0.0409319
0 0.851271 0.97703 0.187264 0.0459398 0.0292074
0 0.769883 0.917452 0.455482 0.164874 0.0275609
0 0.970225 0.461943 0.0595495 0.165467 0.0263778
0 0.964251 0.462065 0.0705054 0.222705 0.0246454
0 0.936774 0.567406 0.125122 0.415701 0.0229
0 0.844061 0.969603 0.291685 0.060323 0.020017
0 0.976443 0.461247 0.0471131 0.142445 0.0129248
0 0.822611 0.932393 0.353448 0.135213 0.0119217
0 0.138609 0.886909 0.277219 0.225837 0.011755
