0 0.434874 0.53661 0.235229 0.244854 0.422305
0 0.385115 0.0193696 0.170494 0.0383004 0.140023
0 0.382499 0.0247927 0.210993 0.0495854 0.125802
0 0.383696 0.00835014 0.154734 0.0167003 0.0593709
0 0.398418 0.0272492 0.318857 0.0538009 0.0496919
0 0.360875 0.00951982 0.16002 0.0190396 0.0461756
0 0.753513 0.75029 0.211774 0.23368 0.0448957
0 0.429446 0.543037 0.277569 0.306956 0.0426771
0 0.379519 0.0134498 0.190662 0.0268997 0.0388049
0 0.171697 0.704093 0.343394 0.478064 0.0278898
0 0.382502 0.0360592 0.319047 0.0717795 0.0219534
0 0.880338 0.935829 0.239325 0.128343 0.0217552
0 0.365212 0.0179261 0.284221 0.0352994 0.0168673
0 0.199466 0.942522 0.391196 0.114957 0.0112557
