0 0.425855 0.348002 0.302728 0.2941 0.597093
0 0.445569 0.948377 0.472649 0.103247 0.169083
0 0.405316 0.956528 0.398493 0.0866987 0.147695
0 0.424359 0.350308 0.255334 0.235447 0.13524
0 0.364526 0.983134 0.244724 0.0337313 0.0676007
0 0.443609 0.929648 0.538338 0.140703 0.0494383
0 0.480717 0.984142 0.256332 0.0317159 0.03947
0 0.361006 0.977352 0.312231 0.0449662 0.0387348
0 0.478348 0.978371 0.330407 0.0428702 0.0310695
0 0.420216 0.983943 0.289253 0.0321139 0.0228982
0 0.415876 0.978019 0.357658 0.0432959 0.0217735
0 0.84955 0.135348 0.299504 0.270696 0.0195354
0 0.319227 0.984213 0.168563 0.0315745 0.0172331
0 0.317361 0.991242 0.149124 0.0175165 0.0154085
0 0.359256 0.970666 0.252898 0.0580664 0.0138044
0 0.860322 0.102499 0.279357 0.20491 0.013301
0 0.398207 0.991156 0.169583 0.0172586 0.0116488
