0 0.453655 0.210698 0.403782 0.421396 0.606515
0 0.753118 0.810096 0.268402 0.2375 0.069953
0 0.72525 0.799117 0.197236 0.19536 0.0288234
0 0.770147 0.831613 0.323752 0.308168 0.0235314
0 0.462475 0.196261 0.31231 0.382074 0.0206809
0 0.78799 0.817808 0.407022 0.360915 0.0149295
0 0.0281912 0.800712 0.0558058 0.269014 0.0141536
0 0.729479 0.783087 0.194774 0.14128 0.0136721
0 0.899027 0.883537 0.199751 0.232926 0.0117967
0 0.0426402 0.778941 0.0851224 0.441825 0.0116123
0 0.0355407 0.806522 0.0710814 0.340878 0.0102856
0 0.0214715 0.780671 0.0429429 0.265997 0.0102405
