0 0.48063 0.306374 0.264754 0.287452 0.528897
0 0.483306 0.314115 0.327155 0.34229 0.0612617
0 0.746575 0.955108 0.272189 0.0890949 0.0543149
0 0.803348 0.951286 0.393304 0.0970813 0.0313917
0 0.728819 0.973694 0.143703 0.0522053 0.0225308
0 0.720297 0.967154 0.205153 0.0656922 0.0210165
0 0.481977 0.314114 0.208569 0.25522 0.0169499
0 0.276233 0.955832 0.392653 0.0880958 0.0150476
0 0.862881 0.942223 0.274237 0.115554 0.0112141
0 0.920168 0.0713551 0.157791 0.141861 0.0110127
0 0.793847 0.935371 0.412306 0.129257 0.0106752
0 0.913084 0.949596 0.1713 0.100808 0.0100433
