0 0.505378 0.625683 0.254459 0.245952 0.682203
0 0.929564 0.652372 0.140872 0.440619 0.26648
0 0.0361204 0.688194 0.0722408 0.159476 0.0994862
0 0.184874 0.663971 0.332566 0.333839 0.0621588
0 0.924388 0.565913 0.150157 0.432905 0.0449914
0 0.0400052 0.69043 0.0793304 0.240438 0.0429238
0 0.494604 0.629816 0.213768 0.200044 0.0237909
0 0.944155 0.725045 0.11169 0.549911 0.0232572
0 0.0447245 0.654851 0.089449 0.365293 0.0232431
0 0.918515 0.717861 0.1615 0.554224 0.0223904
0 0.946979 0.665096 0.105124 0.288763 0.0133791
0 0.0371744 0.652602 0.0741635 0.230898 0.0124154
0 0.180272 0.668877 0.294459 0.263263 0.0103298
