0 0.601321 0.504325 0.159019 0.158194 0.70454
0 0.916256 0.0898398 0.167488 0.17968 0.667163
0 0.0467493 0.0477433 0.0934986 0.0949481 0.0463312
0 0.067133 0.0455876 0.134266 0.0911753 0.0442298
0 0.812229 0.178704 0.338816 0.347725 0.0421409
0 0.639386 0.958614 0.48589 0.0827725 0.0415147
0 0.330314 0.949968 0.594214 0.100037 0.0369858
0 0.0909056 0.0332782 0.181265 0.0665563 0.0315503
0 0.623276 0.981448 0.196503 0.0369222 0.0307396
0 0.0867521 0.0562702 0.173504 0.11254 0.0293294
0 0.343915 0.922821 0.620397 0.154358 0.0191151
0 0.619936 0.972997 0.2664 0.0540069 0.016125
0 0.36916 0.959063 0.168498 0.0818732 0.0149507
0 0.322684 0.951129 0.312363 0.0977417 0.0116381
0 0.371249 0.951461 0.235025 0.0970777 0.0113879
