0 0.528904 0.235224 0.227638 0.213808 0.677158
0 0.117063 0.851253 0.234125 0.297365 0.353556
0 0.358173 0.958423 0.445048 0.0830004 0.0488635
0 0.336155 0.975525 0.146545 0.0486696 0.0469808
0 0.716371 0.943518 0.343529 0.112964 0.0376152
0 0.639631 0.972862 0.114038 0.0542763 0.03056
0 0.334274 0.968338 0.228516 0.0633234 0.0232172
0 0.712161 0.935469 0.210923 0.128848 0.0221128
0 0.48981 0.813885 0.206173 0.198998 0.0170024
0 0.664494 0.970371 0.199026 0.0591058 0.0167197
0 0.739645 0.932737 0.427649 0.134515 0.0147537
0 0.525305 0.241965 0.195768 0.173521 0.0104197
