0 0.765139 0.259591 0.469721 0.519182 0.216863
0 0.67523 0.896689 0.271073 0.205369 0.0570374
0 0.58561 0.0285053 0.269391 0.0565429 0.0440943
0 0.634815 0.898454 0.417846 0.202669 0.0373351
0 0.698461 0.453625 0.168067 0.166828 0.0257971
0 0.590413 0.0259264 0.200286 0.0518049 0.0220316
0 0.914687 0.903112 0.170626 0.192506 0.019314
0 0.602543 0.862013 0.541247 0.275974 0.0186535
0 0.745252 0.355512 0.509497 0.685496 0.0175772
0 0.661413 0.911628 0.217752 0.176744 0.0150842
0 0.922159 0.548829 0.154104 0.526796 0.0148319
0 0.628758 0.0230557 0.337193 0.0461115 0.0134997
0 0.912533 0.86241 0.174934 0.270946 0.0109026
