0 0.579004 0.385068 0.252472 0.252702 0.456187
0 0.702143 0.947105 0.226884 0.105592 0.204033
0 0.580121 0.387974 0.305238 0.312895 0.137914
0 0.102204 0.950253 0.204408 0.0994946 0.0672089
0 0.0748893 0.98366 0.147602 0.0321679 0.0328693
0 0.727183 0.950387 0.332275 0.0992266 0.0290031
0 0.953789 0.973766 0.0922096 0.0523324 0.0251556
0 0.083172 0.975069 0.166344 0.0498618 0.0246276
0 0.913561 0.950668 0.170491 0.0986645 0.022976
0 0.0848055 0.92746 0.169277 0.144699 0.0213632
0 0.954012 0.983709 0.0903668 0.0317483 0.0203616
0 0.839082 0.986657 0.0640545 0.0266861 0.0190381
0 0.841084 0.983482 0.0881774 0.0323939 0.0182221
0 0.0878893 0.967109 0.173712 0.0657824 0.0148895
0 0.702632 0.951839 0.165525 0.0963227 0.0145984
0 0.703237 0.967112 0.166959 0.0656159 0.0144953
0 0.0675512 0.976073 0.135102 0.0478473 0.0141846
0 0.935357 0.958715 0.129147 0.0825704 0.0139985
0 0.172675 0.95343 0.345351 0.0926831 0.0132964
0 0.847958 0.978065 0.14342 0.0437312 0.0116276
0 0.105453 0.869177 0.210906 0.261368 0.0100236
