0 0.525558 0.193978 0.499199 0.387955 0.425524
0 0.447287 0.19115 0.305079 0.321753 0.379006
0 0.442097 0.201943 0.262558 0.253297 0.0557922
0 0.45068 0.203227 0.210756 0.213268 0.031209
0 0.0554387 0.206635 0.110877 0.413269 0.022893
0 0.0323072 0.881264 0.0646144 0.159806 0.0160276
0 0.0435986 0.948455 0.0871972 0.10223 0.0153883
0 0.0354946 0.882107 0.070777 0.235787 0.0153811
0 0.079519 0.215237 0.159038 0.423315 0.0148543
0 0.0476197 0.861513 0.0952394 0.27365 0.013648
0 0.0692587 0.896384 0.138273 0.207232 0.012181
0 0.0957112 0.892882 0.191422 0.214237 0.0108566
0 0.0720056 0.266995 0.144011 0.533991 0.0107197
