0 0.365473 0.335834 0.32075 0.318401 0.637185
0 0.110195 0.821676 0.22039 0.278773 0.453644
0 0.371296 0.731059 0.354601 0.366764 0.443657
0 0.406778 0.711488 0.435473 0.429987 0.157501
0 0.361597 0.333136 0.267467 0.256695 0.0812518
0 0.0602257 0.119289 0.119675 0.238578 0.0525841
0 0.0537634 0.0737611 0.107524 0.144743 0.0238614
0 0.0765971 0.150168 0.152987 0.300335 0.0224222
0 0.939304 0.756265 0.119853 0.398364 0.0167379
0 0.100587 0.832609 0.201174 0.206143 0.0162251
0 0.979393 0.771571 0.0410105 0.26955 0.0157002
0 0.965174 0.742728 0.0696528 0.396121 0.0123845
0 0.350918 0.820522 0.18707 0.18706 0.0111573
0 0.126595 0.813712 0.253191 0.372576 0.0108362
0 0.980605 0.700273 0.0385463 0.255439 0.0101412
