0 0.700754 0.636839 0.499904 0.544474 0.564863
0 0.451542 0.594163 0.191411 0.186983 0.563988
0 0.457017 0.419401 0.182925 0.163753 0.374565
0 0.596896 0.284977 0.238565 0.249967 0.29747
0 0.721995 0.597598 0.385042 0.400201 0.204881
0 0.0775154 0.0600223 0.0685712 0.0729598 0.0361023
0 0.451663 0.593789 0.153505 0.157962 0.0298061
0 0.44105 0.801985 0.225294 0.25973 0.0243465
0 0.811855 0.590599 0.202174 0.188266 0.021286
0 0.600255 0.280432 0.294339 0.305909 0.0102758
0 0.438199 0.815159 0.265069 0.326841 0.0100461
