0 0.413939 0.261686 0.194774 0.215164 0.678141
0 0.676661 0.818712 0.277431 0.255713 0.36817
0 0.985741 0.415146 0.028517 0.102164 0.0965663
0 0.411791 0.254245 0.245609 0.264522 0.0761621
0 0.984356 0.426924 0.0301332 0.134014 0.0630356
0 0.711241 0.800855 0.207534 0.223877 0.0600764
0 0.0670756 0.0990862 0.133169 0.197905 0.0578141
0 0.674883 0.809776 0.333159 0.336225 0.0551178
0 0.971851 0.28457 0.0559595 0.0967688 0.0374466
0 0.0523683 0.0801886 0.104682 0.159732 0.0317597
0 0.985207 0.417442 0.0295531 0.19102 0.027465
0 0.500668 0.0930258 0.243049 0.185762 0.0248456
0 0.968167 0.28287 0.0636609 0.123592 0.0230376
0 0.987635 0.41796 0.0247308 0.142934 0.0213433
0 0.0783117 0.131754 0.156623 0.26019 0.0143667
0 0.717202 0.7516 0.476144 0.4968 0.0127584
