0 0.378143 0.276275 0.255386 0.247053 0.698491
0 0.918799 0.0961042 0.162403 0.18978 0.279004
0 0.680987 0.0663146 0.397598 0.132413 0.150925
0 0.36725 0.271518 0.219141 0.187949 0.0782002
0 0.937749 0.0863796 0.124501 0.170337 0.0671319
0 0.684941 0.0894309 0.423268 0.178862 0.0613859
0 0.903422 0.137708 0.193012 0.273224 0.0388801
0 0.747713 0.0388068 0.204666 0.0773427 0.035808
0 0.739301 0.0508711 0.233759 0.101742 0.0215667
0 0.919057 0.893869 0.159124 0.212263 0.0174535
0 0.761874 0.0261309 0.175146 0.0522618 0.0149378
0 0.14003 0.311992 0.277654 0.623985 0.013723
0 0.117284 0.707617 0.234568 0.579191 0.0131226
0 0.96064 0.883403 0.0787201 0.23179 0.0110608
