0 0.453174 0.322475 0.222632 0.22534 0.702224
0 0.442897 0.0173664 0.216515 0.0341712 0.0884028
0 0.442757 0.0245342 0.287822 0.048929 0.051562
0 0.422593 0.0144328 0.201087 0.0288655 0.0370581
0 0.431989 0.0147458 0.127306 0.0294917 0.0260738
0 0.89944 0.028304 0.184664 0.0566079 0.0208729
0 0.891966 0.0338089 0.216068 0.0676178 0.01994
0 0.473855 0.0188136 0.346517 0.0373179 0.0173758
0 0.454195 0.0134078 0.192746 0.0268156 0.0151724
0 0.0776892 0.0309379 0.155378 0.0618758 0.0143319
0 0.0636271 0.0399698 0.127254 0.0799396 0.0134772
0 0.429352 0.0379631 0.368363 0.0746608 0.0118937
0 0.407749 0.0271117 0.381717 0.0542234 0.0115883
0 0.714734 0.716139 0.570532 0.567721 0.0108225
0 0.454392 0.320714 0.26613 0.276169 0.0107832
