0 0.541808 0.193121 0.180249 0.178331 0.607574
0 0.539845 0.198124 0.225023 0.225398 0.302913
0 0.628587 0.569885 0.242398 0.260887 0.0310485
0 0.924572 0.89016 0.148615 0.219679 0.0213555
0 0.0776963 0.646577 0.155393 0.361474 0.0148652
0 0.834869 0.896265 0.330262 0.20747 0.0140974
0 0.0316818 0.093471 0.0628035 0.182169 0.0132903
0 0.0275244 0.115302 0.0545218 0.230605 0.0114391
0 0.118445 0.867637 0.230329 0.251657 0.0111151
0 0.0204453 0.104243 0.0408271 0.208487 0.0104056
0 0.705726 0.782208 0.228649 0.217474 0.0100829
