0 0.612447 0.885785 0.375508 0.227799 0.438102
0 0.435109 0.188508 0.218807 0.220642 0.353792
0 0.27337 0.802485 0.545957 0.393096 0.238739
0 0.446863 0.204045 0.190381 0.1767 0.217059
0 0.628414 0.866433 0.486203 0.267133 0.0795157
0 0.912988 0.660253 0.174024 0.332061 0.0685751
0 0.961224 0.662694 0.077552 0.300753 0.0481802
0 0.933681 0.678332 0.130963 0.356339 0.0382723
0 0.204557 0.814707 0.404532 0.370586 0.0281858
0 0.95713 0.692035 0.0856085 0.223521 0.0165311
0 0.853065 0.644868 0.292464 0.423263 0.0127751
0 0.714562 0.683741 0.570876 0.580814 0.0108
0 0.965208 0.638165 0.0695845 0.396223 0.0105073
