0 0.473177 0.588783 0.351443 0.381881 0.628482
0 0.787976 0.549705 0.424048 0.462992 0.445561
0 0.731719 0.820168 0.536561 0.359225 0.436597
0 0.470719 0.587112 0.271913 0.316678 0.110815
0 0.799941 0.550259 0.348905 0.386419 0.0257896
0 0.21727 0.468282 0.268564 0.274924 0.025549
0 0.732218 0.866683 0.509519 0.266399 0.0244764
0 0.0300216 0.294711 0.0595553 0.28235 0.0202634
0 0.0471363 0.354801 0.0942726 0.459591 0.0164744
0 0.0397423 0.293257 0.0794748 0.343681 0.0141548
0 0.190923 0.442375 0.362573 0.391124 0.0126818
0 0.0727464 0.365666 0.145493 0.559601 0.0103592
0 0.584173 0.575206 0.524661 0.485339 0.0101109
