0 0.162803 0.893052 0.307307 0.212788 0.353389
0 0.951953 0.502753 0.096094 0.321095 0.210785
0 0.941081 0.511795 0.116953 0.404715 0.15543
0 0.872591 0.833908 0.254817 0.308383 0.0814726
0 0.913321 0.829092 0.172279 0.192844 0.0657559
0 0.483592 0.559175 0.23383 0.227608 0.0383572
0 0.926216 0.54652 0.147569 0.39977 0.0350526
0 0.959531 0.502371 0.080938 0.259907 0.0275788
0 0.61485 0.976448 0.167224 0.0470403 0.0215641
0 0.704038 0.782173 0.591924 0.435654 0.0183375
0 0.777672 0.823941 0.444657 0.352117 0.0160661
0 0.970177 0.5098 0.0593843 0.326217 0.0158449
0 0.619957 0.969664 0.275961 0.0606714 0.0153989
0 0.965217 0.466196 0.0695668 0.169223 0.0105964
0 0.858531 0.805283 0.281071 0.389434 0.0104963
