0 0.481553 0.454009 0.260077 0.209125 0.293846
0 0.0471076 0.59182 0.0941092 0.18988 0.148595
0 0.0527694 0.539535 0.105539 0.339504 0.143664
0 0.482659 0.460301 0.300148 0.266778 0.127905
0 0.311392 0.0392776 0.279932 0.0775568 0.100332
0 0.0582198 0.518171 0.115032 0.461014 0.0886473
0 0.318423 0.0247722 0.250936 0.0495445 0.044344
0 0.326809 0.0472688 0.336273 0.0945375 0.0280163
0 0.0689872 0.511575 0.137974 0.576247 0.0182938
0 0.0562589 0.610457 0.112518 0.405508 0.0163526
0 0.313227 0.0596578 0.395138 0.119298 0.013486
0 0.975148 0.272218 0.0497049 0.204742 0.0121543
