0 0.422214 0.442853 0.142335 0.147797 0.623533
0 0.423607 0.44327 0.118457 0.121935 0.118407
0 0.0370427 0.861677 0.0738837 0.244849 0.0691404
0 0.0436573 0.840958 0.0873146 0.307137 0.0308481
0 0.37373 0.323207 0.138344 0.132914 0.0297761
0 0.102344 0.922141 0.204688 0.155717 0.0180761
0 0.0321306 0.854707 0.0642612 0.180873 0.016929
0 0.0803066 0.938381 0.157597 0.123191 0.0167079
0 0.0868628 0.900322 0.173726 0.198147 0.0138681
0 0.33679 0.982149 0.113866 0.0351341 0.0135967
0 0.0836766 0.229132 0.0906626 0.0956267 0.012085
0 0.0592648 0.761618 0.117368 0.476764 0.0120626
0 0.0639763 0.827473 0.127575 0.342224 0.0100169
