0 0.511565 0.263136 0.497323 0.454193 0.550823
0 0.221526 0.263085 0.443051 0.526169 0.428145
0 0.485846 0.336735 0.583135 0.600442 0.284723
0 0.206573 0.249692 0.380946 0.434997 0.15779
0 0.89708 0.423301 0.205623 0.461627 0.147728
0 0.53625 0.94382 0.363505 0.11236 0.121069
0 0.908137 0.372645 0.183726 0.361785 0.113301
0 0.535254 0.89699 0.396913 0.20602 0.103415
0 0.575164 0.951079 0.292326 0.0978413 0.0785448
0 0.863006 0.440789 0.273367 0.523614 0.0730769
0 0.19399 0.191214 0.326464 0.334194 0.0449165
0 0.58311 0.981211 0.20747 0.0375228 0.0381433
0 0.580195 0.974046 0.275039 0.0518262 0.0250885
0 0.584137 0.959432 0.211198 0.081135 0.0125915
