0 0.440717 0.342953 0.236745 0.249187 0.468378
0 0.439226 0.356992 0.287736 0.296705 0.213079
0 0.939716 0.0266556 0.117294 0.0532855 0.0837943
0 0.0287146 0.0551091 0.0570039 0.110218 0.0689273
0 0.334402 0.746085 0.1937 0.140213 0.0659695
0 0.331599 0.750439 0.220054 0.19788 0.0581032
0 0.023366 0.0431497 0.0467321 0.0862994 0.0507565
0 0.0463002 0.0556688 0.0922628 0.111338 0.043937
0 0.0375974 0.0787179 0.0751949 0.157436 0.0342813
0 0.93881 0.0465133 0.121217 0.0930266 0.02069
0 0.855646 0.102624 0.258736 0.204223 0.0178216
0 0.922709 0.1009 0.15293 0.20137 0.0141167
0 0.896754 0.137379 0.206492 0.274757 0.010471
