0 0.584478 0.189528 0.476951 0.379055 0.707999
0 0.0695788 0.143214 0.138685 0.286429 0.18196
0 0.120775 0.893752 0.241549 0.210277 0.0547466
0 0.0861474 0.164637 0.172295 0.32869 0.0300856
0 0.29004 0.160565 0.58008 0.32113 0.0294821
0 0.72808 0.383183 0.543066 0.610129 0.0163563
0 0.354151 0.136652 0.532603 0.273303 0.0159869
0 0.104464 0.72502 0.208833 0.29237 0.0148604
0 0.802638 0.465811 0.383297 0.413737 0.0137014
0 0.86297 0.12504 0.274061 0.25008 0.0113163
0 0.778376 0.511357 0.228757 0.26201 0.0105964
