0 0.598569 0.465261 0.175581 0.169954 0.65268
0 0.5855 0.471447 0.22598 0.194495 0.176352
0 0.571013 0.883133 0.486148 0.233586 0.16125
0 0.937432 0.67719 0.125136 0.331035 0.108723
0 0.92946 0.109368 0.139584 0.218736 0.0856476
0 0.572826 0.929285 0.47414 0.141381 0.0649197
0 0.563278 0.503973 0.299485 0.273965 0.0464656
0 0.96122 0.355245 0.0765687 0.169403 0.0427071
0 0.947646 0.689145 0.104328 0.210293 0.0271776
0 0.928933 0.667003 0.142133 0.448661 0.0252183
0 0.921395 0.161766 0.15721 0.321834 0.0221077
0 0.947478 0.0915064 0.105044 0.183013 0.0204704
0 0.945338 0.641213 0.109325 0.457329 0.0169618
0 0.537123 0.0608296 0.327342 0.121292 0.0130553
