0 0.530682 0.456513 0.169469 0.162336 0.77974
0 0.439251 0.252566 0.153237 0.163189 0.682612
0 0.808456 0.111212 0.166187 0.177917 0.461843
0 0.533317 0.459444 0.14201 0.131206 0.0564658
0 0.990728 0.332967 0.0184851 0.171957 0.0262332
0 0.440085 0.252631 0.124465 0.135308 0.0221111
0 0.888097 0.969435 0.153116 0.0608999 0.0214698
0 0.810686 0.11639 0.21348 0.220201 0.0184756
0 0.987974 0.331191 0.0236843 0.211374 0.0163974
0 0.417128 0.251368 0.222651 0.188021 0.0133855
0 0.88111 0.95803 0.237779 0.0838784 0.0132534
0 0.820035 0.951821 0.359931 0.0963581 0.0119552
