0 0.502743 0.485587 0.309238 0.286337 0.555096
0 0.0288766 0.692091 0.0576566 0.196524 0.160914
0 0.0872939 0.938854 0.174588 0.122292 0.0787269
0 0.0323329 0.691693 0.0646659 0.271809 0.063754
0 0.0249282 0.699797 0.0498564 0.156607 0.0567565
0 0.105736 0.923344 0.211472 0.152388 0.0332402
0 0.0408195 0.680104 0.0816391 0.329527 0.0302066
0 0.130522 0.946448 0.261043 0.107104 0.0210387
0 0.0746066 0.87909 0.149213 0.240175 0.019111
0 0.0736353 0.914888 0.145768 0.169468 0.0177219
0 0.107983 0.865119 0.215967 0.26933 0.0160771
0 0.069859 0.946532 0.139536 0.106936 0.0120492
0 0.200568 0.394101 0.400568 0.525799 0.0101836
