0 0.395478 0.223783 0.356268 0.355184 0.254103
0 0.970458 0.281372 0.0589621 0.157977 0.110534
0 0.388629 0.31235 0.440119 0.555525 0.107951
0 0.978149 0.28192 0.0437022 0.135544 0.0736445
0 0.537201 0.938771 0.136442 0.122458 0.0383214
0 0.947467 0.923323 0.105065 0.153355 0.0357868
0 0.964504 0.278921 0.0709927 0.253736 0.0191142
0 0.937436 0.909704 0.122148 0.179728 0.0157552
0 0.779883 0.150617 0.439378 0.301234 0.0149472
0 0.926521 0.685973 0.145895 0.409257 0.0122171
0 0.536698 0.933612 0.184284 0.132021 0.0115648
