0 0.579123 0.197641 0.392992 0.383388 0.664206
0 0.0171001 0.239225 0.0342003 0.2252 0.0818114
0 0.0986382 0.0494846 0.197276 0.0987418 0.0800181
0 0.102947 0.0320165 0.205895 0.0638443 0.0799861
0 0.023678 0.253755 0.0469565 0.208067 0.0784844
0 0.0577239 0.0545262 0.115448 0.108706 0.0697641
0 0.0753689 0.0389886 0.150738 0.0779771 0.0606004
0 0.0771002 0.0725488 0.1542 0.145098 0.0511522
0 0.0333893 0.488619 0.0660697 0.211947 0.0480514
0 0.0314107 0.254331 0.0628214 0.303261 0.0316632
0 0.0257377 0.217273 0.0508356 0.286971 0.0292706
0 0.040009 0.496171 0.0800181 0.251342 0.0271844
0 0.0482653 0.457968 0.0965306 0.349275 0.0194611
0 0.0217439 0.288465 0.0434878 0.283271 0.0169175
0 0.0110792 0.266609 0.0221584 0.139736 0.0131475
0 0.100916 0.0829199 0.201185 0.16584 0.011249
0 0.0787541 0.107797 0.156722 0.215594 0.0107176
