0 0.944625 0.837491 0.109381 0.325017 0.248504
0 0.0334251 0.386067 0.0666517 0.202487 0.241776
0 0.961667 0.842284 0.0766668 0.315433 0.202337
0 0.496297 0.500218 0.366913 0.347813 0.177707
0 0.970625 0.858168 0.0577966 0.248044 0.128839
0 0.0389188 0.394374 0.0778376 0.308878 0.126839
0 0.932868 0.768826 0.133555 0.462348 0.0750094
0 0.0425292 0.417383 0.0849275 0.408004 0.0534954
0 0.490381 0.503814 0.336261 0.257793 0.0533268
0 0.966084 0.889041 0.0675772 0.212639 0.0308758
0 0.912597 0.814118 0.174806 0.371763 0.0296932
0 0.859815 0.73676 0.28037 0.526481 0.0294571
0 0.815288 0.714742 0.36918 0.570517 0.0223578
0 0.964294 0.762814 0.0714118 0.474372 0.0157554
0 0.927244 0.861675 0.142613 0.275713 0.0146315
0 0.0534521 0.402388 0.106239 0.633282 0.011998
0 0.774497 0.0371577 0.343896 0.0740102 0.0106763
