0 0.503474 0.393348 0.491804 0.479913 0.67864
0 0.236177 0.939671 0.289845 0.120511 0.216742
0 0.125082 0.0303571 0.250165 0.0598851 0.0852164
0 0.13399 0.0203268 0.209844 0.0404586 0.0771627
0 0.492551 0.329294 0.555395 0.551986 0.0672737
0 0.701155 0.886363 0.188617 0.193333 0.063653
0 0.220649 0.949494 0.225273 0.101011 0.0434748
0 0.269013 0.930596 0.3994 0.138557 0.030687
0 0.141557 0.0422029 0.283114 0.083821 0.0219704
0 0.127998 0.00917296 0.152726 0.0183459 0.0152113
0 0.0288565 0.538222 0.0575009 0.259247 0.0135101
0 0.703807 0.881176 0.224565 0.232787 0.0130099
0 0.128011 0.0142779 0.197969 0.0285557 0.0110578
