0 0.3982 0.36337 0.178266 0.17634 0.639153
0 0.334964 0.0991814 0.165486 0.161098 0.411548
0 0.157287 0.284431 0.314575 0.568862 0.228393
0 0.908103 0.269848 0.183795 0.301952 0.154366
0 0.934942 0.752804 0.127723 0.232328 0.145876
0 0.542702 0.622302 0.189433 0.180806 0.121579
0 0.946929 0.743781 0.105999 0.175099 0.106312
0 0.314134 0.380884 0.171451 0.1812 0.0837159
0 0.937555 0.32534 0.124891 0.198967 0.0810346
0 0.5079 0.521445 0.19282 0.188766 0.0727918
0 0.931206 0.784867 0.137588 0.343372 0.0645435
0 0.883066 0.265991 0.233868 0.404048 0.0443928
0 0.545369 0.340003 0.595306 0.652474 0.0382509
0 0.448152 0.0862934 0.183279 0.169818 0.0334607
0 0.500002 0.513632 0.216594 0.242476 0.0276687
0 0.924122 0.309119 0.150002 0.293104 0.0241383
0 0.504254 0.29052 0.475792 0.428879 0.0211589
0 0.144056 0.379003 0.274127 0.257469 0.0189281
0 0.543392 0.620809 0.227294 0.218845 0.0188899
0 0.506022 0.525935 0.167785 0.14362 0.01561
0 0.918876 0.266857 0.162247 0.434756 0.0154025
0 0.230809 0.293371 0.460191 0.586743 0.014861
0 0.968686 0.215409 0.0624779 0.129991 0.0107455
0 0.510902 0.779059 0.261476 0.261245 0.0105033
0 0.428349 0.488123 0.362109 0.350924 0.0101267
