0 0.464917 0.187035 0.22946 0.20073 0.260418
0 0.455049 0.359944 0.182963 0.222594 0.122292
0 0.467721 0.260725 0.272877 0.39335 0.0491133
0 0.460114 0.200457 0.205396 0.152722 0.0458172
0 0.465098 0.192001 0.266416 0.249807 0.0427367
0 0.466643 0.377541 0.153419 0.183952 0.0400907
0 0.461059 0.324592 0.21954 0.301189 0.0387251
0 0.0285319 0.541134 0.0563295 0.269839 0.0282639
0 0.467493 0.399152 0.177883 0.177752 0.0252426
0 0.034457 0.113663 0.0687598 0.22574 0.0218404
0 0.0442776 0.150369 0.0874671 0.297034 0.0204075
0 0.0217018 0.517166 0.0434035 0.275064 0.0201844
0 0.0359268 0.542084 0.0718536 0.31041 0.0179687
0 0.448618 0.163313 0.317444 0.326626 0.013834
0 0.341566 0.171404 0.548788 0.342809 0.0102055
