0 0.444065 0.3515 0.15496 0.156547 0.646417
0 0.835952 0.955615 0.29528 0.0885167 0.0813364
0 0.934003 0.470116 0.130424 0.323451 0.0693131
0 0.322912 0.103568 0.295311 0.207078 0.047784
0 0.858871 0.982526 0.143442 0.0344611 0.0428689
0 0.838298 0.980744 0.188156 0.0383596 0.0320943
0 0.316043 0.121931 0.3595 0.243861 0.0284048
0 0.846134 0.973462 0.212142 0.0530751 0.0272884
0 0.836366 0.969895 0.292807 0.06021 0.0182526
0 0.926627 0.531824 0.145316 0.441867 0.0150645
0 0.444023 0.351871 0.127383 0.129576 0.0133082
0 0.311042 0.071357 0.326343 0.142201 0.0120008
0 0.928178 0.447156 0.142327 0.424051 0.0116384
