0 0.491933 0.313371 0.280305 0.28636 0.799897
0 0.0982545 0.84707 0.196468 0.277101 0.236053
0 0.577948 0.82358 0.489829 0.352839 0.0569739
0 0.109377 0.803954 0.218753 0.390093 0.0462644
0 0.65743 0.907109 0.285588 0.185424 0.0418555
0 0.0227517 0.235896 0.0450779 0.222217 0.0405766
0 0.585672 0.900123 0.460029 0.199753 0.0372775
0 0.0294559 0.246255 0.0583 0.279864 0.0358127
0 0.0774729 0.0698607 0.154809 0.139721 0.0173348
0 0.627592 0.888276 0.346574 0.223447 0.0166337
0 0.0552394 0.053109 0.110479 0.106218 0.0135443
0 0.0322411 0.21036 0.0639547 0.375814 0.0124344
0 0.0212866 0.201605 0.0425732 0.306532 0.0119963
