0 0.570148 0.184776 0.623296 0.369553 0.45806
0 0.517581 0.149706 0.510786 0.296368 0.0749342
0 0.932426 0.440959 0.133845 0.509699 0.0501951
0 0.962825 0.439876 0.0743495 0.500577 0.0427862
0 0.88761 0.138203 0.224781 0.276406 0.0348984
0 0.937597 0.677796 0.123547 0.525771 0.0281652
0 0.964306 0.670553 0.0713887 0.501814 0.0271993
0 0.936095 0.551816 0.126655 0.529729 0.0235204
0 0.671866 0.178331 0.653772 0.356661 0.0233547
0 0.964049 0.550322 0.0719014 0.52229 0.021351
0 0.935968 0.843253 0.126127 0.313494 0.0211957
0 0.936268 0.746657 0.126216 0.506686 0.0207299
0 0.909573 0.477798 0.18063 0.559349 0.0180914
0 0.964882 0.746851 0.0702358 0.506299 0.0178051
0 0.916309 0.150389 0.164837 0.300778 0.01698
0 0.906028 0.878398 0.185493 0.243204 0.0149416
0 0.917599 0.391546 0.164802 0.47935 0.0115149
0 0.965748 0.84883 0.0685031 0.302341 0.0105835
