0 0.398194 0.256645 0.435646 0.454988 0.705516
0 0.0628573 0.96174 0.124971 0.0758593 0.159258
0 0.0821624 0.958051 0.164325 0.0838978 0.0524545
0 0.114956 0.955166 0.229913 0.0896673 0.0520105
0 0.520375 0.958103 0.530795 0.0836961 0.0461185
0 0.961816 0.547076 0.0763675 0.313919 0.0381917
0 0.0388071 0.868962 0.0774777 0.227655 0.0352575
0 0.945472 0.556795 0.107615 0.34842 0.031565
0 0.527684 0.979931 0.235763 0.0401373 0.0248578
0 0.532965 0.970128 0.33686 0.0595384 0.0167098
0 0.556152 0.982845 0.171136 0.0340858 0.016618
0 0.516285 0.9728 0.221415 0.0543997 0.0165547
0 0.0413794 0.857152 0.0827587 0.285697 0.0155957
0 0.372901 0.982396 0.160113 0.0347304 0.0142502
0 0.0962384 0.921645 0.192477 0.155396 0.0142426
0 0.124403 0.934126 0.248805 0.130128 0.012726
0 0.288063 0.0479943 0.270282 0.0953145 0.0118919
0 0.380621 0.973903 0.290168 0.0521946 0.0107831
