0 0.531024 0.230947 0.273817 0.284634 0.679249
0 0.91712 0.080322 0.16576 0.160644 0.607786
0 0.934099 0.291365 0.131802 0.237574 0.193815
0 0.920977 0.289773 0.156255 0.339387 0.0600457
0 0.117464 0.172014 0.234928 0.342001 0.0433227
0 0.129103 0.112749 0.257258 0.225498 0.0247752
0 0.0485691 0.662635 0.0971382 0.488621 0.020357
0 0.926405 0.0782656 0.144508 0.125445 0.0202024
0 0.54859 0.229412 0.343497 0.377537 0.0188416
0 0.93911 0.287608 0.12178 0.176096 0.0179786
0 0.0615502 0.164571 0.122259 0.328862 0.0170284
0 0.871644 0.985834 0.104135 0.0279865 0.0154038
0 0.868803 0.990476 0.0832391 0.0190476 0.0151269
0 0.0538152 0.130588 0.106961 0.261177 0.0151092
0 0.0366627 0.707683 0.0727948 0.299802 0.0149747
0 0.0301683 0.121595 0.0598043 0.243191 0.0135599
0 0.046639 0.144906 0.093278 0.289811 0.0127308
0 0.129642 0.239978 0.259284 0.477406 0.0120763
0 0.0247691 0.730686 0.0495383 0.286232 0.0119191
0 0.0197885 0.122014 0.0395769 0.244029 0.0109487
0 0.0730986 0.677047 0.146185 0.524461 0.0105772
0 0.0268297 0.684214 0.0536595 0.311176 0.0103905
0 0.0196098 0.580845 0.039187 0.323828 0.0102338
