0 0.524686 0.502404 0.228655 0.223749 0.577887
0 0.256575 0.845566 0.508283 0.308176 0.0872845
0 0.268651 0.717693 0.537303 0.564614 0.0625625
0 0.657153 0.600071 0.241177 0.255674 0.0515164
0 0.53583 0.509898 0.279867 0.267635 0.0450968
0 0.584023 0.543717 0.4077 0.341498 0.0440103
0 0.638168 0.95308 0.253602 0.0935626 0.040314
0 0.593759 0.605522 0.376025 0.332416 0.0277311
0 0.132745 0.892839 0.26549 0.214323 0.0247181
0 0.297478 0.782445 0.422786 0.429847 0.0197035
0 0.635808 0.950235 0.170479 0.0991201 0.0179951
0 0.573717 0.598733 0.445005 0.444681 0.0173587
0 0.908103 0.930376 0.183795 0.139248 0.0151681
0 0.916633 0.904431 0.163924 0.190853 0.011012
0 0.187843 0.883687 0.374275 0.232626 0.0101384
