0 0.429221 0.193146 0.217577 0.221704 0.588445
0 0.818332 0.458793 0.338241 0.39109 0.118245
0 0.429183 0.192957 0.2613 0.275516 0.0551095
0 0.968808 0.56278 0.0623833 0.21909 0.0508957
0 0.449209 0.696627 0.707275 0.606746 0.0351314
0 0.971767 0.549556 0.0564654 0.168086 0.0293385
0 0.767678 0.825673 0.464645 0.345693 0.0217684
0 0.440427 0.925231 0.504117 0.149538 0.0202075
0 0.965719 0.57679 0.0673425 0.286913 0.0153296
0 0.466752 0.885318 0.56677 0.229364 0.0147359
0 0.426658 0.941282 0.394156 0.117388 0.0111081
