0 0.515628 0.463522 0.146131 0.148145 0.72862
0 0.130609 0.0749005 0.258452 0.149801 0.307381
0 0.444271 0.126869 0.278877 0.252428 0.196661
0 0.405889 0.149648 0.378509 0.298953 0.0934623
0 0.299966 0.169453 0.599933 0.338905 0.0599308
0 0.0863264 0.642682 0.172221 0.32938 0.0496414
0 0.407948 0.40546 0.100542 0.0865423 0.0253879
0 0.295244 0.220859 0.590489 0.441717 0.0202471
0 0.931497 0.231877 0.135473 0.359735 0.0188098
0 0.320403 0.276774 0.640805 0.553548 0.0183405
0 0.482525 0.940314 0.593203 0.119339 0.0139084
0 0.444182 0.922065 0.636355 0.15587 0.0116727
0 0.0937633 0.638006 0.187527 0.459741 0.0115789
0 0.116285 0.0593782 0.232569 0.118247 0.0112974
