0 0.32178 0.358953 0.219172 0.221562 0.537896
0 0.0800576 0.398514 0.160115 0.338793 0.378021
0 0.0871746 0.370336 0.174349 0.531362 0.187444
0 0.786169 0.919705 0.26 0.160591 0.0965634
0 0.321836 0.357159 0.184975 0.178361 0.0665473
0 0.753172 0.91454 0.364287 0.170921 0.0382161
0 0.102925 0.296615 0.205851 0.593229 0.0378663
0 0.255938 0.310754 0.511689 0.621508 0.0349043
0 0.79596 0.929588 0.179304 0.140249 0.0203266
0 0.808902 0.908864 0.377277 0.182272 0.011489
0 0.791995 0.97233 0.208686 0.0553395 0.0109583
0 0.0660407 0.399872 0.131911 0.284712 0.0108739
