0 0.378054 0.340902 0.19111 0.19094 0.789713
0 0.579757 0.932513 0.424647 0.134665 0.173516
0 0.557255 0.907729 0.492007 0.184542 0.0420825
0 0.526225 0.939512 0.319432 0.120532 0.0306815
0 0.961313 0.426978 0.0757754 0.162912 0.0280758
0 0.97082 0.425996 0.0583593 0.138379 0.0228173
0 0.375207 0.342903 0.240739 0.240666 0.0163884
0 0.96273 0.38914 0.0745398 0.271476 0.0151307
0 0.944311 0.399861 0.110694 0.360743 0.0148202
0 0.510457 0.959235 0.314714 0.0815294 0.0117047
0 0.969203 0.381151 0.0608165 0.225048 0.0109246
