0 0.396277 0.230157 0.201507 0.186462 0.544662
0 0.397763 0.229151 0.241579 0.236676 0.265666
0 0.0440667 0.919932 0.0881335 0.160136 0.156757
0 0.847941 0.909967 0.304119 0.180066 0.0707044
0 0.0451691 0.882474 0.0903381 0.233124 0.0560639
0 0.916524 0.106868 0.165573 0.21297 0.0533928
0 0.7304 0.371433 0.231214 0.223349 0.0310931
0 0.0363458 0.931006 0.0726915 0.137988 0.0268989
0 0.0531745 0.845462 0.105462 0.309077 0.0209379
0 0.600469 0.958469 0.491178 0.0827166 0.0198788
0 0.913719 0.163253 0.17132 0.326506 0.0190259
0 0.236245 0.961325 0.123685 0.0766625 0.0173681
0 0.824813 0.892371 0.350374 0.215258 0.0141864
0 0.907125 0.895047 0.18575 0.208962 0.0125915
0 0.0727133 0.914564 0.145427 0.170872 0.0112418
