0 0.323383 0.219127 0.189872 0.189256 0.425166
0 0.322714 0.216343 0.230154 0.23116 0.375981
0 0.345881 0.889191 0.352493 0.220866 0.118676
0 0.03987 0.914799 0.07974 0.153118 0.0933663
0 0.4242 0.67177 0.346483 0.336841 0.031658
0 0.347093 0.862377 0.40617 0.274299 0.0231703
0 0.671234 0.8798 0.249735 0.236723 0.021153
0 0.685665 0.94569 0.412669 0.108524 0.0199843
0 0.893384 0.694523 0.210007 0.266334 0.0183175
0 0.0450643 0.865507 0.0901286 0.264963 0.0166035
0 0.0369531 0.882335 0.0739063 0.203458 0.0132816
0 0.671471 0.930243 0.312652 0.139515 0.0127235
0 0.683101 0.972315 0.254937 0.0553702 0.0103199
