0 0.498067 0.396569 0.358561 0.3468 0.398084
0 0.569564 0.039503 0.170689 0.079006 0.280556
0 0.595259 0.297114 0.634616 0.594229 0.231915
0 0.577754 0.033911 0.137895 0.0676981 0.093482
0 0.760151 0.0413037 0.171439 0.0825899 0.0739482
0 0.750611 0.0478988 0.212808 0.0957976 0.0592496
0 0.571016 0.0454535 0.235032 0.0902997 0.0148877
0 0.537646 0.272945 0.621701 0.545891 0.0132107
0 0.674696 0.279457 0.650608 0.558915 0.0130532
0 0.494022 0.395704 0.315532 0.267632 0.0113158
0 0.665835 0.264288 0.547631 0.51164 0.0104911
0 0.109841 0.90413 0.219682 0.191741 0.0104692
