0 0.471477 0.897246 0.157748 0.163895 0.653543
0 0.407497 0.476114 0.197477 0.180556 0.598867
0 0.677481 0.0546952 0.128965 0.10697 0.495603
0 0.405796 0.47224 0.233396 0.227086 0.494661
0 0.820668 0.659226 0.133674 0.132499 0.041214
0 0.0247048 0.321711 0.0494097 0.126824 0.0275848
0 0.737729 0.135119 0.318376 0.267567 0.0208042
0 0.673722 0.0662747 0.147219 0.132549 0.0145382
0 0.0249319 0.33269 0.0498639 0.20149 0.0129502
0 0.678147 0.046127 0.11186 0.0840698 0.0127873
0 0.029164 0.340673 0.0581862 0.27729 0.0125065
0 0.621416 0.884257 0.170036 0.177712 0.0123323
0 0.562777 0.526343 0.0924175 0.0914874 0.0108277
0 0.467332 0.899081 0.132916 0.133629 0.0102663
0 0.915036 0.844049 0.169929 0.306428 0.0100856
