0 0.547624 0.694338 0.120368 0.124501 0.527872
0 0.594565 0.475125 0.535639 0.47245 0.348995
0 0.614993 0.393759 0.588331 0.601321 0.200805
0 0.665569 0.484363 0.272095 0.308378 0.0617587
0 0.526156 0.502819 0.371657 0.377499 0.0437022
0 0.617072 0.284982 0.624528 0.569963 0.0426146
0 0.546504 0.696596 0.0952429 0.101174 0.0415449
0 0.509663 0.522831 0.310496 0.302889 0.0355234
0 0.0730912 0.529149 0.146182 0.495108 0.0290143
0 0.605318 0.47629 0.416429 0.40606 0.0264994
0 0.923766 0.481971 0.150583 0.319102 0.0193445
0 0.78475 0.781336 0.430501 0.424984 0.0184472
0 0.0568339 0.509618 0.113668 0.410619 0.0172596
0 0.979258 0.143971 0.0401902 0.105617 0.012812
