0 0.472611 0.287896 0.251901 0.249325 0.780752
0 0.833424 0.774348 0.331511 0.451305 0.671368
0 0.28343 0.659461 0.237162 0.203509 0.0482861
0 0.843437 0.985206 0.0578234 0.0295885 0.0460896
0 0.469087 0.297123 0.298358 0.305957 0.040632
0 0.93069 0.112986 0.136963 0.225248 0.0300933
0 0.963334 0.119609 0.0733317 0.239217 0.0261876
0 0.189924 0.94124 0.368532 0.11752 0.0194487
0 0.962673 0.0853398 0.0746534 0.17026 0.0188987
0 0.926505 0.165513 0.14607 0.330848 0.018145
0 0.276434 0.223134 0.542241 0.446267 0.0125415
0 0.0350715 0.24642 0.0701431 0.26493 0.0124043
0 0.0465112 0.236166 0.0930225 0.450178 0.0113839
