0 0.530242 0.492845 0.276078 0.264179 0.52
0 0.484664 0.0811806 0.218962 0.162361 0.416186
0 0.77803 0.760399 0.182879 0.190395 0.343433
0 0.927644 0.745929 0.144711 0.249779 0.342298
0 0.84869 0.951458 0.134574 0.0958965 0.258917
0 0.803658 0.22017 0.392685 0.431075 0.176106
0 0.776689 0.263476 0.275355 0.294765 0.13276
0 0.849073 0.948511 0.188466 0.102885 0.105453
0 0.797572 0.225817 0.318234 0.373392 0.0959211
0 0.955882 0.956117 0.0882077 0.0874321 0.062389
0 0.947192 0.946447 0.105509 0.107106 0.0581291
0 0.913527 0.751868 0.172945 0.351106 0.0469767
0 0.859795 0.230099 0.279745 0.460198 0.041569
0 0.902905 0.111103 0.194191 0.222207 0.0394212
0 0.896953 0.18112 0.204247 0.361127 0.0371575
0 0.901664 0.945305 0.193734 0.109389 0.0370308
0 0.849785 0.955654 0.101262 0.0881765 0.0299476
0 0.589657 0.73021 0.162525 0.170586 0.0282753
0 0.859338 0.940963 0.281324 0.117961 0.0274353
0 0.507825 0.495901 0.201613 0.20733 0.0179149
0 0.94721 0.525438 0.104821 0.16259 0.0157559
0 0.914643 0.232207 0.169712 0.464413 0.0141881
0 0.801598 0.944137 0.387486 0.111727 0.0136937
0 0.773623 0.759492 0.14632 0.159711 0.0116914
0 0.885483 0.733018 0.227949 0.468336 0.0114155
0 0.914467 0.930056 0.168387 0.139889 0.0107925
