0 0.586904 0.429484 0.160081 0.167685 0.733239
0 0.858679 0.0815783 0.137659 0.121186 0.617736
0 0.139807 0.146149 0.178429 0.190162 0.57355
0 0.701331 0.0544309 0.130711 0.107735 0.510515
0 0.621874 0.0880001 0.134415 0.135418 0.501682
0 0.0993154 0.75395 0.193331 0.209899 0.46324
0 0.393078 0.38946 0.193635 0.19134 0.454685
0 0.480246 0.213645 0.334294 0.309236 0.207873
0 0.940591 0.704921 0.116761 0.225082 0.160316
0 0.0469741 0.0504942 0.0939483 0.100988 0.148377
0 0.0332829 0.0492792 0.0665658 0.098169 0.129859
0 0.0733289 0.0670439 0.146658 0.134088 0.11603
0 0.0700879 0.0479218 0.140176 0.0958437 0.107197
0 0.947003 0.699937 0.10531 0.172977 0.0988502
0 0.0463658 0.341844 0.0927316 0.322175 0.0934211
0 0.0429226 0.0682781 0.0858451 0.136556 0.0896535
0 0.0562855 0.340854 0.11126 0.496285 0.0732054
0 0.936051 0.71445 0.127898 0.309381 0.0393603
0 0.618605 0.0803198 0.168797 0.160577 0.0323735
0 0.767422 0.151645 0.458654 0.300032 0.0267441
0 0.0411537 0.33155 0.0819698 0.226851 0.0236978
0 0.949105 0.670545 0.0940006 0.103305 0.0174077
0 0.775208 0.110295 0.449584 0.213971 0.0159152
0 0.030095 0.0320264 0.0601899 0.0640528 0.0153251
0 0.7507 0.0861785 0.35436 0.172357 0.0133173
0 0.857541 0.079606 0.157268 0.153363 0.0120637
0 0.755767 0.114591 0.142598 0.139807 0.012056
