0 0.338744 0.338983 0.246527 0.256755 0.772235
0 0.277871 0.873987 0.551771 0.251731 0.0372474
0 0.427995 0.922417 0.602014 0.155166 0.030237
0 0.632218 0.866735 0.295018 0.258958 0.0247236
0 0.471053 0.231618 0.621066 0.463236 0.0234895
0 0.475158 0.90267 0.535683 0.193961 0.020252
0 0.497472 0.834244 0.603817 0.329514 0.0197925
0 0.548086 0.207075 0.448128 0.411811 0.0187232
0 0.539811 0.885726 0.52496 0.228121 0.0173364
0 0.941186 0.661261 0.117629 0.418235 0.0159245
0 0.518444 0.90458 0.370048 0.190159 0.0150385
0 0.275923 0.705369 0.551846 0.589262 0.0150007
0 0.504936 0.760964 0.672445 0.478072 0.014684
0 0.333422 0.33912 0.199808 0.21596 0.0118481
