0 0.4636 0.504314 0.186409 0.175045 0.672181
0 0.465815 0.504178 0.214656 0.220671 0.173798
0 0.0328803 0.909095 0.0657606 0.181809 0.111922
0 0.098479 0.89398 0.196958 0.210805 0.0620475
0 0.0990338 0.951057 0.197552 0.0978856 0.0575804
0 0.0639891 0.873024 0.127978 0.253091 0.0404743
0 0.0384036 0.858434 0.0762609 0.283131 0.032596
0 0.520569 0.126185 0.509013 0.25237 0.0320621
0 0.130327 0.911599 0.260654 0.176802 0.0200314
0 0.0244924 0.870387 0.0489847 0.259225 0.0182527
0 0.927784 0.154873 0.141625 0.295093 0.0172032
0 0.119011 0.953005 0.140959 0.0939102 0.0165798
0 0.11351 0.851907 0.227021 0.296186 0.0152847
0 0.0457613 0.854853 0.0912107 0.289762 0.0147328
0 0.245928 0.145524 0.428746 0.289086 0.014588
0 0.578629 0.129982 0.365309 0.259634 0.0108981
