0 0.461695 0.280507 0.227544 0.308812 0.317885
0 0.416534 0.0887968 0.238412 0.177594 0.275773
0 0.462502 0.231518 0.227123 0.22513 0.274805
0 0.46215 0.218766 0.196958 0.169166 0.210109
0 0.471095 0.306855 0.268622 0.377868 0.188546
0 0.503141 0.447497 0.137198 0.100274 0.174796
0 0.562659 0.0550075 0.148393 0.110015 0.0968906
0 0.417594 0.101289 0.30148 0.202577 0.0955461
0 0.065366 0.0220918 0.127041 0.0437319 0.0903589
0 0.12355 0.64099 0.247099 0.470531 0.0447265
0 0.0668057 0.031747 0.130888 0.0630346 0.043782
0 0.470477 0.294872 0.363208 0.425007 0.0422235
0 0.72595 0.0556426 0.227102 0.111285 0.0400101
0 0.899061 0.0279714 0.192456 0.0559427 0.0393493
0 0.244731 0.806436 0.224697 0.23228 0.0333775
0 0.561129 0.0663956 0.198493 0.132347 0.0268381
0 0.43565 0.116166 0.406248 0.232332 0.023581
0 0.0983551 0.576011 0.19671 0.333987 0.0213451
0 0.5 0.448864 0.156677 0.130289 0.0183849
0 0.0646789 0.0179778 0.0970777 0.035743 0.0177311
0 0.894682 0.0385786 0.203094 0.0768806 0.0176598
0 0.509636 0.0830368 0.309881 0.166074 0.013926
0 0.135399 0.561468 0.270299 0.331958 0.0136085
0 0.41419 0.159869 0.303269 0.319738 0.0121791
0 0.0393388 0.773183 0.0786775 0.158994 0.011993
0 0.165786 0.641597 0.331572 0.545491 0.0116326
0 0.0721557 0.0415361 0.142385 0.0830721 0.0115351
0 0.461861 0.227786 0.275473 0.272425 0.0109226
0 0.053097 0.768242 0.105885 0.16716 0.0105494
