0 0.397893 0.177342 0.303564 0.290233 0.559752
0 0.480377 0.415928 0.226586 0.217548 0.318204
0 0.682041 0.959662 0.150822 0.0799868 0.162248
0 0.93237 0.13253 0.133168 0.263278 0.140944
0 0.31497 0.781762 0.24173 0.254317 0.122375
0 0.951217 0.0893959 0.097054 0.178792 0.0835787
0 0.220369 0.0965392 0.194254 0.190142 0.0670383
0 0.684422 0.954757 0.203137 0.090486 0.0665937
0 0.263861 0.811212 0.398755 0.334638 0.0526507
0 0.871931 0.880466 0.211365 0.206981 0.046496
0 0.294371 0.0563041 0.240106 0.112608 0.0367999
0 0.960075 0.0842761 0.078635 0.158911 0.0352606
0 0.913001 0.162665 0.173997 0.323727 0.0321875
0 0.267509 0.0646374 0.321952 0.128839 0.0222831
0 0.252331 0.099582 0.327308 0.199164 0.0222035
0 0.417819 0.461707 0.37043 0.337065 0.022077
0 0.726378 0.956269 0.28714 0.0870261 0.0177609
0 0.3517 0.50204 0.224702 0.221312 0.0165744
0 0.91616 0.109958 0.16768 0.219916 0.0147973
0 0.305078 0.783213 0.296999 0.306223 0.0126422
0 0.475661 0.41472 0.263252 0.270225 0.0103556
