0 0.569995 0.542145 0.204422 0.224697 0.738321
0 0.923091 0.455922 0.151423 0.255349 0.227064
0 0.886965 0.939031 0.226068 0.121937 0.13129
0 0.776019 0.094926 0.257587 0.187995 0.0691791
0 0.875614 0.904411 0.247453 0.191177 0.057353
0 0.879004 0.842683 0.133656 0.144536 0.053169
0 0.932266 0.45799 0.135468 0.194412 0.0322916
0 0.855678 0.86001 0.288644 0.279981 0.0244691
0 0.466353 0.82175 0.319803 0.356501 0.0194094
0 0.569866 0.53451 0.180516 0.172259 0.01587
0 0.866367 0.952766 0.129361 0.0937704 0.014608
0 0.892037 0.95145 0.19052 0.0966358 0.014035
0 0.157381 0.526948 0.299092 0.327339 0.0139745
0 0.80155 0.0244571 0.226203 0.0489142 0.0121284
0 0.932405 0.940601 0.13519 0.118312 0.0114843
