0 0.548747 0.32205 0.21793 0.227232 0.755961
0 0.373463 0.356592 0.253118 0.250092 0.0592741
0 0.0299111 0.813891 0.0592397 0.279492 0.0161711
0 0.892337 0.00825325 0.15576 0.0165065 0.015215
0 0.0498336 0.798581 0.0996672 0.382493 0.0138992
0 0.0430107 0.811628 0.0856627 0.308499 0.012468
0 0.893368 0.0195854 0.213265 0.0387024 0.0114552
0 0.857563 0.0280204 0.284873 0.0556468 0.0113161
0 0.87372 0.0176802 0.252561 0.0348485 0.0112068
0 0.0202748 0.807603 0.0405244 0.294993 0.0107652
0 0.069948 0.784034 0.139474 0.431932 0.0101164
