0 0.504918 0.301804 0.279252 0.332744 0.488229
0 0.685473 0.537076 0.368677 0.39804 0.395418
0 0.678401 0.519528 0.505628 0.46037 0.235031
0 0.687016 0.560983 0.318209 0.306857 0.159842
0 0.690262 0.415512 0.619477 0.631919 0.10107
0 0.523456 0.299021 0.354301 0.379618 0.0701314
0 0.499171 0.26008 0.188132 0.208625 0.0238872
0 0.533753 0.348984 0.175535 0.226974 0.0218571
0 0.973929 0.308077 0.0511392 0.141865 0.0203874
0 0.978079 0.323035 0.0431626 0.120844 0.0139274
0 0.991648 0.308713 0.0167047 0.142211 0.0117375
0 0.974426 0.672129 0.0511475 0.162404 0.010712
