0 0.212006 0.955885 0.30477 0.0881803 0.19544
0 0.211357 0.96875 0.181542 0.0624995 0.102433
0 0.213474 0.979345 0.191576 0.0413104 0.0647537
0 0.208483 0.966575 0.249093 0.0668499 0.0536019
0 0.234954 0.942165 0.333017 0.115524 0.0492787
0 0.0837181 0.385747 0.166844 0.325637 0.0321077
0 0.229752 0.936919 0.453509 0.12616 0.016175
0 0.237733 0.970513 0.118113 0.0589737 0.0148418
0 0.115742 0.0630662 0.231483 0.126132 0.0148024
0 0.274257 0.949715 0.456387 0.100409 0.0147057
0 0.205143 0.974521 0.291936 0.0502319 0.014606
0 0.0791696 0.399261 0.155266 0.184265 0.0122942
