0 0.354601 0.66107 0.470328 0.522077 0.214125
0 0.0914386 0.933336 0.182616 0.133257 0.147905
0 0.342403 0.716946 0.328364 0.365916 0.139901
0 0.13204 0.933546 0.26347 0.132909 0.136867
0 0.174256 0.922464 0.347628 0.155072 0.0661836
0 0.444379 0.504002 0.271824 0.244485 0.0518554
0 0.127337 0.894516 0.254675 0.210969 0.048649
0 0.933852 0.0392954 0.130485 0.0783091 0.0452038
0 0.385619 0.071677 0.394636 0.143354 0.035261
0 0.412758 0.519062 0.364452 0.289944 0.0350899
0 0.240699 0.946129 0.480314 0.107426 0.0296789
0 0.33215 0.754687 0.287699 0.270054 0.023876
0 0.94164 0.0269446 0.116407 0.0538608 0.0231552
0 0.379435 0.0538622 0.327286 0.107144 0.0226559
0 0.315153 0.794726 0.256978 0.184279 0.0221752
0 0.485333 0.446031 0.411383 0.428313 0.0215729
0 0.242626 0.919215 0.477457 0.161569 0.0177551
0 0.187474 0.881913 0.374793 0.236173 0.0166187
0 0.91556 0.0551655 0.167503 0.110331 0.0154964
0 0.0872367 0.89875 0.174473 0.2025 0.0142477
0 0.0750744 0.943468 0.148937 0.112798 0.0139131
0 0.254315 0.975375 0.20346 0.0491643 0.012768
0 0.657193 0.16446 0.560412 0.328921 0.0112412
0 0.244849 0.969121 0.31623 0.06121 0.0110439
