0 0.472081 0.510633 0.333924 0.370525 0.505099
0 0.148259 0.233973 0.126216 0.127551 0.368441
0 0.440068 0.613945 0.185972 0.162128 0.148553
0 0.0348629 0.786105 0.0693899 0.247772 0.0639013
0 0.027471 0.794006 0.054942 0.209211 0.0405463
0 0.0318043 0.0549485 0.0636086 0.10926 0.039634
0 0.0472041 0.110799 0.0933969 0.221598 0.0380465
0 0.0375152 0.0665507 0.0750305 0.133101 0.0344799
0 0.0398307 0.801112 0.0796613 0.329547 0.0319675
0 0.654851 0.0690428 0.39225 0.138046 0.0288375
0 0.146567 0.923491 0.292205 0.152885 0.0258572
0 0.0518571 0.0699047 0.102636 0.137544 0.0196235
0 0.0259941 0.0424706 0.0519881 0.0848967 0.014841
0 0.122624 0.749676 0.245248 0.341672 0.014413
0 0.0560134 0.143576 0.110997 0.287153 0.0142986
0 0.0368654 0.0415106 0.0737309 0.0830213 0.0134283
0 0.167766 0.941128 0.320545 0.11755 0.0130903
0 0.907263 0.380904 0.185475 0.298125 0.0129962
0 0.0744485 0.748137 0.148189 0.336054 0.0124119
0 0.191781 0.949391 0.15951 0.100544 0.0102578
