0 0.301621 0.207801 0.219409 0.214364 0.566781
0 0.300835 0.205238 0.185548 0.167305 0.0467683
0 0.0437341 0.142781 0.0863004 0.284669 0.0224284
0 0.0379009 0.92838 0.0758018 0.14169 0.0216315
0 0.0264165 0.929126 0.0528329 0.141162 0.020752
0 0.0317556 0.12436 0.062772 0.248721 0.0185418
0 0.0243487 0.138318 0.0486973 0.276637 0.0144006
0 0.0439514 0.851141 0.0879027 0.294617 0.0143164
0 0.973521 0.949253 0.0523493 0.0998832 0.0138392
0 0.0391992 0.0913521 0.0783985 0.180992 0.012443
0 0.935598 0.831671 0.128804 0.323561 0.0109075
