0 0.48098 0.352054 0.317999 0.299167 0.545793
0 0.483281 0.348065 0.265943 0.248592 0.297565
0 0.0692231 0.580325 0.138446 0.360824 0.160603
0 0.0768526 0.551944 0.153705 0.490497 0.0951371
0 0.13634 0.750288 0.271896 0.378693 0.0350834
0 0.0796365 0.642004 0.159273 0.619929 0.0242881
0 0.0571594 0.509804 0.114319 0.537583 0.0211483
0 0.065063 0.0697395 0.130126 0.139479 0.0211299
0 0.0422639 0.0739268 0.0845278 0.147854 0.0166444
0 0.0560897 0.0529299 0.112179 0.10586 0.0164125
0 0.0392264 0.055405 0.0784529 0.109925 0.0153395
0 0.100424 0.55448 0.200312 0.627875 0.0151783
0 0.0824889 0.0346196 0.164638 0.0692392 0.0125613
0 0.131246 0.685136 0.262492 0.552345 0.01256
