0 0.402309 0.464467 0.263893 0.226866 0.697958
0 0.393012 0.937634 0.182444 0.124732 0.410294
0 0.940115 0.825202 0.118147 0.289659 0.126083
0 0.947989 0.799634 0.104021 0.174462 0.0668725
0 0.606068 0.0469856 0.148142 0.0939713 0.0654249
0 0.39951 0.947727 0.149141 0.104546 0.0322157
0 0.584667 0.0491596 0.204822 0.0981781 0.0286569
0 0.401762 0.46393 0.311376 0.316259 0.0263327
0 0.419645 0.937939 0.306701 0.124122 0.0225849
0 0.953626 0.799454 0.0917522 0.13682 0.0116945
0 0.573078 0.0515014 0.295039 0.102358 0.0105706
0 0.916749 0.833236 0.166501 0.329858 0.0101411
