0 0.82047 0.287068 0.358871 0.574136 0.604688
0 0.517744 0.170878 0.284081 0.280871 0.393899
0 0.515706 0.165663 0.226901 0.22621 0.244252
0 0.854406 0.951289 0.233942 0.0969112 0.237853
0 0.803971 0.624472 0.391101 0.652373 0.0758241
0 0.796683 0.390775 0.403588 0.709461 0.0584134
0 0.850751 0.712906 0.297035 0.425734 0.0416513
0 0.908183 0.728369 0.183635 0.45766 0.0395674
0 0.931264 0.737395 0.136042 0.403702 0.0284612
0 0.85295 0.962861 0.171816 0.0739295 0.0208602
0 0.0277554 0.0859319 0.0553815 0.130157 0.0138091
0 0.852449 0.943888 0.289047 0.112223 0.0125051
