0 0.525015 0.244372 0.237371 0.233566 0.408693
0 0.527428 0.246811 0.287029 0.278292 0.22
0 0.526291 0.244375 0.195752 0.198181 0.159808
0 0.0548408 0.537386 0.109682 0.408386 0.0572029
0 0.0772918 0.546699 0.154584 0.446084 0.0415325
0 0.106096 0.865209 0.212193 0.268518 0.0370196
0 0.0308709 0.495098 0.0617417 0.304627 0.0217058
0 0.921319 0.930792 0.154749 0.138415 0.0214801
0 0.0369286 0.464439 0.0733688 0.200311 0.017213
0 0.305448 0.991236 0.146347 0.0175285 0.0145901
0 0.0406703 0.467942 0.0809158 0.282401 0.0137148
0 0.928019 0.892487 0.141135 0.214222 0.0130576
0 0.298057 0.983693 0.184838 0.0326142 0.0111097
0 0.941957 0.94368 0.116086 0.112639 0.0110138
