0 0.506646 0.20105 0.270521 0.25158 0.343009
0 0.692307 0.95702 0.16519 0.0851133 0.197405
0 0.688673 0.948595 0.202871 0.102809 0.139872
0 0.503699 0.202842 0.223354 0.1802 0.0997557
0 0.602755 0.942593 0.432846 0.114814 0.0802074
0 0.149177 0.946461 0.296298 0.107079 0.0484567
0 0.649224 0.935802 0.32427 0.128338 0.0450537
0 0.567886 0.928055 0.531218 0.143891 0.0448798
0 0.431721 0.9358 0.612063 0.128399 0.0263787
0 0.324558 0.952817 0.464989 0.0943669 0.0150525
0 0.435406 0.909205 0.639661 0.181591 0.0138027
0 0.178949 0.931904 0.35459 0.13614 0.012424
0 0.530216 0.954639 0.273583 0.0907229 0.0110977
