0 0.48705 0.390984 0.226559 0.223567 0.574767
0 0.558001 0.908712 0.174694 0.182575 0.167291
0 0.47976 0.387666 0.190463 0.181103 0.109896
0 0.171955 0.883956 0.343909 0.231943 0.0617628
0 0.981122 0.663103 0.0375751 0.111615 0.0345319
0 0.983209 0.66726 0.0324978 0.0836269 0.03415
0 0.97727 0.657293 0.0454594 0.142567 0.030377
0 0.982864 0.685106 0.0326242 0.118408 0.0263065
0 0.541563 0.89642 0.230191 0.201357 0.0210943
0 0.98101 0.639103 0.0376046 0.150199 0.0141405
0 0.16267 0.827509 0.322976 0.34392 0.0135908
0 0.971935 0.664293 0.0561301 0.197798 0.0121494
0 0.927447 0.802552 0.143776 0.364987 0.0101591
