0 0.532133 0.227827 0.207062 0.208083 0.85658
0 0.0418699 0.177689 0.0827226 0.350832 0.0251862
0 0.0215067 0.0951233 0.0430133 0.188547 0.0213059
0 0.535408 0.227206 0.253024 0.248156 0.0204708
0 0.0309609 0.0992608 0.0613424 0.196517 0.0201244
0 0.0485933 0.429036 0.0969812 0.542826 0.0200769
0 0.657457 0.888609 0.539411 0.222782 0.017885
0 0.0178268 0.0557028 0.0356535 0.111067 0.0162629
0 0.0770596 0.469189 0.154119 0.551387 0.0144305
0 0.0430197 0.268578 0.0858774 0.533078 0.0137305
0 0.0268147 0.124763 0.0528025 0.249527 0.0136694
0 0.0339097 0.136838 0.0676211 0.273676 0.0135333
0 0.0571832 0.199903 0.113827 0.398104 0.0113178
0 0.0396816 0.0776081 0.0793632 0.155216 0.0110495
0 0.0260067 0.0503107 0.0520133 0.100621 0.0109611
0 0.0272414 0.240946 0.0536433 0.30383 0.0108879
