0 0.516744 0.403697 0.327974 0.317275 0.731007
0 0.0274299 0.240367 0.0548311 0.136321 0.256429
0 0.516344 0.407669 0.283141 0.254251 0.142667
0 0.617296 0.953669 0.38535 0.092278 0.133499
0 0.366393 0.955418 0.330232 0.0883594 0.12192
0 0.0220471 0.243266 0.0440942 0.114942 0.114729
0 0.647101 0.942728 0.488344 0.114544 0.108168
0 0.327233 0.377557 0.199164 0.190161 0.0588217
0 0.359727 0.981525 0.232911 0.0369133 0.045607
0 0.406701 0.948579 0.44775 0.102796 0.0429091
0 0.651479 0.926319 0.544349 0.147363 0.0425728
0 0.510892 0.408835 0.231132 0.207585 0.0325289
0 0.356252 0.974702 0.294381 0.0505952 0.0309717
0 0.589822 0.98161 0.298566 0.0366774 0.0254413
0 0.587502 0.97454 0.347929 0.0506351 0.0236779
0 0.0270414 0.219025 0.0539463 0.301731 0.0231189
0 0.0343508 0.244688 0.0682247 0.201429 0.0201377
0 0.530517 0.985873 0.153974 0.0282544 0.0183666
0 0.574644 0.936536 0.499655 0.126929 0.0181745
0 0.027949 0.42311 0.0554296 0.28383 0.0155194
0 0.714593 0.949581 0.570814 0.10072 0.0153235
0 0.559069 0.982476 0.208087 0.0345707 0.0135418
0 0.561075 0.977304 0.268203 0.0451984 0.0127844
0 0.496109 0.949741 0.604136 0.100188 0.0119374
0 0.0327035 0.42342 0.065407 0.352597 0.0119281
0 0.614003 0.895028 0.621496 0.209944 0.0119254
0 0.417326 0.931852 0.523572 0.136296 0.0118727
0 0.350181 0.974983 0.211136 0.0494696 0.0115813
0 0.862895 0.932338 0.272218 0.135323 0.011124
0 0.0199015 0.190299 0.039803 0.296661 0.01108
0 0.025389 0.421839 0.0502918 0.212438 0.0110746
0 0.580168 0.970311 0.273722 0.0591726 0.0109107
0 0.323842 0.985473 0.165998 0.0290538 0.0103327
0 0.322496 0.990269 0.139341 0.0194625 0.0101206
