0 0.409617 0.478611 0.150314 0.149002 0.520885
0 0.510757 0.412271 0.32683 0.299766 0.519419
0 0.482717 0.499957 0.464659 0.492624 0.361286
0 0.807771 0.944269 0.377432 0.111463 0.257304
0 0.798619 0.924685 0.402762 0.150631 0.146127
0 0.388729 0.822461 0.402926 0.353803 0.0934883
0 0.399242 0.568948 0.25982 0.259464 0.0905562
0 0.862075 0.971687 0.142738 0.0565991 0.0639958
0 0.853031 0.964454 0.213735 0.0710915 0.0563177
0 0.151409 0.91577 0.300916 0.168351 0.05417
0 0.395534 0.477915 0.208572 0.179008 0.0523332
0 0.481517 0.472698 0.432028 0.335588 0.0522275
0 0.794715 0.935408 0.297092 0.128667 0.0427383
0 0.426416 0.539149 0.340989 0.406023 0.0386147
0 0.035047 0.727763 0.0699406 0.20155 0.0373956
0 0.0369754 0.39142 0.0738481 0.212435 0.0328616
0 0.0462001 0.346536 0.0924002 0.355687 0.0326628
0 0.78907 0.896761 0.421861 0.206478 0.0319369
0 0.184378 0.742516 0.361925 0.363839 0.0299941
0 0.0384861 0.729661 0.0769723 0.284298 0.0231891
0 0.402528 0.59272 0.239416 0.194605 0.0213735
0 0.429123 0.749734 0.583858 0.500051 0.0207614
0 0.893454 0.975557 0.213092 0.0488859 0.0200548
0 0.0337299 0.3987 0.0674598 0.156881 0.0197065
0 0.0383489 0.35228 0.0763228 0.249481 0.0174969
0 0.0594853 0.342946 0.118108 0.533195 0.0157809
0 0.314393 0.884836 0.219466 0.212094 0.0157142
0 0.163505 0.874697 0.325011 0.250606 0.0155038
0 0.218389 0.940797 0.428856 0.118406 0.0150167
0 0.689867 0.219885 0.506259 0.43977 0.0144893
0 0.0419484 0.403211 0.0838258 0.295006 0.0144096
0 0.0420378 0.702023 0.0839544 0.450889 0.0131977
0 0.343796 0.840486 0.298547 0.315833 0.0120638
0 0.79852 0.861586 0.402187 0.276829 0.0119537
0 0.395608 0.509837 0.251664 0.219001 0.011765
0 0.768098 0.938436 0.216676 0.123127 0.0107862
