0 0.363877 0.293114 0.213833 0.225924 0.505867
0 0.800278 0.305756 0.211625 0.204937 0.335939
0 0.3748 0.303336 0.157314 0.176073 0.236152
0 0.80417 0.124083 0.21275 0.213304 0.222813
0 0.756199 0.893668 0.163219 0.176511 0.215646
0 0.808856 0.190259 0.26947 0.367959 0.0731275
0 0.792221 0.598435 0.172279 0.163124 0.0647882
0 0.791581 0.821102 0.286214 0.334692 0.0560979
0 0.829596 0.13657 0.289097 0.269555 0.041409
0 0.831575 0.214291 0.333218 0.427587 0.0332628
0 0.957206 0.830024 0.0855888 0.147362 0.0250534
0 0.374716 0.00848632 0.138442 0.0169726 0.0241415
0 0.799183 0.128393 0.182551 0.167829 0.0216269
0 0.801811 0.303323 0.173226 0.169291 0.0200683
0 0.807082 0.868388 0.322098 0.248778 0.0193528
0 0.0249538 0.144737 0.0495792 0.204346 0.0178266
0 0.758499 0.891975 0.138236 0.142842 0.0173189
0 0.0217707 0.133574 0.043377 0.161762 0.0144798
0 0.375977 0.0139878 0.166106 0.0279755 0.0133193
0 0.0164511 0.123345 0.0329022 0.122146 0.0123973
0 0.00663315 0.123919 0.0132663 0.135807 0.0120917
