0 0.575417 0.406251 0.168557 0.166303 0.846183
0 0.960763 0.128972 0.0784736 0.131681 0.3005
0 0.46447 0.711556 0.163132 0.185932 0.0613855
0 0.939897 0.940751 0.120206 0.118109 0.0522472
0 0.967485 0.131878 0.0650306 0.105759 0.0348645
0 0.919828 0.935585 0.160344 0.12883 0.0256577
0 0.128616 0.0342127 0.257232 0.0678143 0.0170478
0 0.576622 0.402925 0.21916 0.211773 0.017024
0 0.959879 0.131751 0.0795624 0.184974 0.0144272
0 0.930851 0.913913 0.138298 0.172174 0.012513
0 0.124556 0.0198059 0.249113 0.0393817 0.0116727
