0 0.529933 0.464619 0.202444 0.195829 0.646597
0 0.0957958 0.0515086 0.191592 0.103017 0.0850234
0 0.0579016 0.932099 0.114436 0.13477 0.0336642
0 0.105262 0.0785894 0.210364 0.157179 0.0320022
0 0.0935001 0.0408804 0.15367 0.0817608 0.0251851
0 0.102661 0.939088 0.205321 0.121825 0.024006
0 0.5269 0.463337 0.175837 0.151511 0.0132563
0 0.987361 0.706364 0.0252782 0.150947 0.0129711
0 0.108669 0.137779 0.217338 0.275557 0.0119279
0 0.0419661 0.941908 0.0839323 0.114986 0.0110789
0 0.977767 0.713677 0.0444655 0.17641 0.0108782
0 0.0663584 0.914711 0.130823 0.170577 0.0104706
0 0.991496 0.709608 0.0170083 0.133052 0.0104291
