0 0.52155 0.516532 0.164905 0.227301 0.148817
0 0.291435 0.310728 0.246772 0.228642 0.131345
0 0.802903 0.55308 0.337543 0.425488 0.0856125
0 0.544693 0.758481 0.172626 0.262956 0.0479698
0 0.963323 0.496712 0.073355 0.307631 0.0316351
0 0.523783 0.51339 0.219614 0.266223 0.0298871
0 0.971872 0.497187 0.0562562 0.272321 0.0290631
0 0.802618 0.560889 0.240567 0.373949 0.0230666
0 0.34027 0.586657 0.171373 0.147536 0.0202387
0 0.315038 0.0495235 0.181613 0.099047 0.0177319
0 0.949215 0.507377 0.10157 0.277031 0.016534
0 0.556764 0.129159 0.218798 0.256913 0.00502261
0 0.542384 0.764729 0.224833 0.300866 0.00398904
0 0.341001 0.621359 0.196882 0.232814 0.00335888
0 0.942665 0.520057 0.114591 0.42891 0.00257723
0 0.445066 0.0226198 0.339951 0.0452363 0.00227358
0 0.0106498 0.559998 0.0212603 0.191875 0.00210465
0 0.799154 0.603353 0.21983 0.277003 0.00207104
0 0.015879 0.588333 0.0317579 0.298687 0.00200173
0 0.29032 0.310894 0.300948 0.283655 0.00190269
0 0.789204 0.542842 0.421592 0.483186 0.00186302
0 0.33958 0.0532064 0.241569 0.106413 0.00184232
0 0.0517877 0.905336 0.10354 0.189329 0.0017876
0 0.022415 0.58623 0.0447362 0.375041 0.00166662
0 0.435144 0.0437134 0.432581 0.0874268 0.00155919
0 0.436938 0.0287288 0.395488 0.0574575 0.00154697
0 0.444727 0.015575 0.300603 0.0311499 0.00129034
0 0.388757 0.059473 0.473083 0.118946 0.00115871
0 0.0330545 0.570441 0.066109 0.424782 0.00110999
0 0.438087 0.0354409 0.552151 0.0708819 0.0010368
