0 0.337791 0.299143 0.163906 0.175278 0.877517
0 0.716803 0.988385 0.159543 0.02323 0.0688137
0 0.747683 0.984611 0.222804 0.0307229 0.0454456
0 0.335341 0.300309 0.224087 0.226465 0.0424004
0 0.435876 0.989093 0.205646 0.0217574 0.0271671
0 0.425184 0.984001 0.240819 0.0319982 0.0188018
0 0.0247232 0.184845 0.0494458 0.369691 0.0182821
0 0.0196714 0.180213 0.0393428 0.325358 0.0148936
0 0.438569 0.992761 0.16848 0.0144483 0.0147364
0 0.75589 0.979339 0.267523 0.0413227 0.0147295
0 0.730894 0.991764 0.161798 0.0164386 0.014125
0 0.015197 0.15359 0.0303361 0.214226 0.0128005
0 0.943933 0.193538 0.112134 0.387076 0.012124
0 0.789911 0.984312 0.318246 0.0313385 0.0112266
0 0.422993 0.978226 0.295068 0.0435481 0.00923431
0 0.101893 0.95314 0.203785 0.0936608 0.00858935
0 0.745707 0.971406 0.329226 0.057189 0.00700335
0 0.0327204 0.200569 0.0654254 0.401138 0.00681004
0 0.977284 0.424175 0.0454319 0.242923 0.00573532
0 0.935873 0.251606 0.128131 0.503211 0.00550962
0 0.795072 0.978444 0.371676 0.0431112 0.0054325
0 0.985097 0.0805254 0.029802 0.161051 0.00531189
0 0.0715567 0.952741 0.142924 0.0943806 0.00489743
0 0.413228 0.992185 0.164163 0.0156298 0.00397685
0 0.0478566 0.95503 0.0955692 0.0899403 0.00382655
0 0.97299 0.43297 0.05402 0.303932 0.00338897
0 0.414884 0.969489 0.380432 0.0610226 0.0033236
0 0.0180776 0.147968 0.0361479 0.16402 0.00301883
0 0.980592 0.0675269 0.0386703 0.135054 0.00276879
0 0.952509 0.177299 0.0949826 0.354598 0.00261524
0 0.974308 0.902777 0.0513843 0.194447 0.00247832
0 0.397362 0.988844 0.211277 0.0223124 0.00246888
0 0.987754 0.0761074 0.0243634 0.152215 0.00236966
0 0.687111 0.987187 0.187092 0.0256268 0.00204757
0 0.0459007 0.793923 0.0918014 0.332974 0.00190847
0 0.969151 0.141694 0.0615436 0.283388 0.00189239
0 0.978035 0.0957271 0.0437746 0.191454 0.00162735
0 0.0154559 0.475664 0.0309118 0.287129 0.00161738
0 0.799255 0.968107 0.40149 0.0637853 0.00159691
0 0.956554 0.0678211 0.0868925 0.135642 0.00142715
0 0.0229013 0.494098 0.0458026 0.290148 0.00140653
0 0.962492 0.423463 0.0749063 0.266144 0.00134919
0 0.797279 0.988836 0.193995 0.022328 0.00121587
0 0.0181153 0.519356 0.0362306 0.358178 0.00119859
0 0.0259673 0.520172 0.0519346 0.402175 0.00118115
