0 0.466698 0.415396 0.238859 0.240002 0.84973
0 0.906898 0.0360017 0.184595 0.0720034 0.509194
0 0.888094 0.0568095 0.220069 0.113619 0.0761266
0 0.892875 0.043514 0.214249 0.087028 0.0137079
0 0.86378 0.0654954 0.272439 0.130799 0.00624312
0 0.646728 0.941623 0.375031 0.116754 0.0044058
0 0.635838 0.941058 0.200096 0.117883 0.00437988
0 0.790421 0.0580239 0.419158 0.116048 0.00381482
0 0.685732 0.916965 0.259158 0.16607 0.00327283
0 0.457423 0.412579 0.312055 0.31296 0.00288806
0 0.847751 0.0438427 0.304498 0.0876854 0.00281793
0 0.983278 0.335102 0.0334431 0.395725 0.00223466
0 0.988311 0.361847 0.0233777 0.20618 0.00213544
0 0.976568 0.366032 0.0468632 0.415331 0.00175704
0 0.181052 0.895897 0.141866 0.142927 0.00160165
0 0.992013 0.372264 0.0159067 0.155344 0.00149014
0 0.0221722 0.740025 0.0443445 0.32188 0.00145302
0 0.0317757 0.732626 0.0633048 0.391222 0.00136498
0 0.0199872 0.430059 0.0399419 0.310685 0.00128821
0 0.713934 0.0158785 0.337755 0.031757 0.00127022
0 0.0255116 0.766451 0.0510231 0.42309 0.00122338
0 0.0365384 0.756669 0.0727999 0.486661 0.00118214
0 0.629444 0.98063 0.365862 0.0387396 0.00105502
