0 0.557268 0.261545 0.149356 0.15348 0.917753
0 0.0669175 0.925786 0.133592 0.148428 0.0277086
0 0.0762088 0.158642 0.152418 0.251178 0.00577021
0 0.0132122 0.386164 0.026393 0.265735 0.00442582
0 0.554178 0.258208 0.185946 0.187613 0.00413441
0 0.477342 0.10852 0.606901 0.21704 0.00360967
0 0.0502613 0.15768 0.100523 0.250377 0.00337743
0 0.0105348 0.386612 0.0210696 0.208045 0.00308376
0 0.420539 0.12593 0.841079 0.25186 0.00234912
0 0.0191603 0.38443 0.0383206 0.337906 0.00185211
0 0.132199 0.0176466 0.264399 0.0352693 0.00168801
0 0.818712 0.979986 0.172992 0.040027 0.00163939
0 0.0320741 0.383497 0.0641483 0.408182 0.00161025
0 0.622959 0.120264 0.754082 0.240527 0.00160971
0 0.812183 0.965833 0.226816 0.0683335 0.00127277
0 0.146561 0.0205009 0.178895 0.0409045 0.00121048
0 0.00756571 0.378008 0.0150802 0.178239 0.00114287
0 0.147687 0.0235788 0.295374 0.0471577 0.00101818
