0 0.0384778 0.606029 0.0769556 0.213136 0.00772786
0 0.0397166 0.613849 0.0794332 0.300837 0.00737972
0 0.821123 0.0253027 0.357754 0.0506054 0.00600903
0 0.0498033 0.599221 0.0995288 0.240764 0.00541375
0 0.36583 0.025418 0.443801 0.0508359 0.00436399
0 0.752902 0.0256108 0.296108 0.0512216 0.00384157
0 0.0233402 0.619358 0.0466154 0.28544 0.00375546
0 0.664187 0.0240028 0.329518 0.0477743 0.00360003
0 0.367017 0.0349243 0.507561 0.0698486 0.00331775
0 0.799783 0.0348448 0.400434 0.0696897 0.00331565
0 0.754444 0.0334757 0.329136 0.066888 0.00327083
0 0.700391 0.0243763 0.469311 0.0487526 0.00309549
0 0.437224 0.0265406 0.337759 0.0530811 0.00283512
0 0.239369 0.0225095 0.326954 0.0450191 0.0025628
0 0.776204 0.04793 0.447592 0.0958599 0.00245578
0 0.401771 0.0169314 0.271346 0.0338627 0.00238009
0 0.833446 0.0392093 0.333107 0.0779531 0.00230152
0 0.648833 0.0308235 0.423341 0.0615871 0.00226351
0 0.71878 0.0199922 0.298864 0.0399634 0.00204628
0 0.0269438 0.595259 0.053879 0.165813 0.00186167
0 0.973028 0.571715 0.0539433 0.41556 0.0017498
0 0.376099 0.0493539 0.538362 0.0987078 0.00172931
0 0.699009 0.0353087 0.531409 0.0706175 0.00170444
0 0.341531 0.0177743 0.291744 0.0355485 0.00169732
0 0.855422 0.0190782 0.289156 0.0381565 0.00167554
0 0.398568 0.0329732 0.369189 0.0659463 0.00165926
0 0.223615 0.029889 0.317544 0.0597772 0.00163691
0 0.393379 0.0609956 0.786759 0.121991 0.00161562
0 0.950533 0.571773 0.0989346 0.450847 0.0015897
0 0.803306 0.00977342 0.225003 0.0193776 0.00158351
0 0.22385 0.0247817 0.4477 0.0495634 0.00154543
0 0.133291 0.597083 0.264326 0.298583 0.00152478
0 0.984206 0.336862 0.0314903 0.191691 0.00152009
0 0.860443 0.029669 0.279115 0.0593379 0.00144249
0 0.981982 0.298415 0.0360368 0.318924 0.00144031
0 0.0169815 0.635857 0.0339348 0.340402 0.00141431
0 0.467601 0.0352242 0.469886 0.0704485 0.00129545
0 0.712573 0.0497059 0.573301 0.0986052 0.00127336
0 0.815364 0.0543537 0.369272 0.108124 0.00125829
0 0.209298 0.0242683 0.219679 0.0484208 0.00122568
0 0.2409 0.0345263 0.4818 0.0687132 0.00120059
0 0.965629 0.595345 0.0687411 0.485328 0.00117365
0 0.281934 0.0168202 0.314654 0.0336404 0.00116916
0 0.225536 0.0385963 0.359191 0.0771926 0.00115232
0 0.982517 0.356466 0.0349654 0.267464 0.00113501
0 0.8177 0.0138206 0.240046 0.0276071 0.00111793
0 0.97712 0.338266 0.0457592 0.259842 0.00108229
0 0.974473 0.297438 0.0510533 0.357184 0.00103427
0 0.383179 0.0188547 0.39665 0.0377073 0.00103247
0 0.799558 0.0188035 0.359813 0.037607 0.00101119
