0 0.484335 0.481892 0.164139 0.170163 0.625194
0 0.488001 0.481924 0.202091 0.206103 0.334407
0 0.530622 0.195214 0.184405 0.219884 0.0149995
0 0.879523 0.0337643 0.240954 0.0675285 0.0141463
0 0.870734 0.0444137 0.258532 0.0888274 0.0113018
0 0.958941 0.379108 0.0821166 0.185579 0.00642185
0 0.868054 0.0229164 0.192272 0.0456488 0.00602198
0 0.953876 0.413766 0.0921119 0.255616 0.00436917
0 0.898445 0.325287 0.134209 0.136257 0.00430116
0 0.941998 0.436859 0.116004 0.254275 0.00383842
0 0.547232 0.982976 0.152909 0.0339983 0.00344913
0 0.590056 0.979866 0.317948 0.0401778 0.00341924
0 0.51624 0.98133 0.341509 0.037235 0.00327467
0 0.558692 0.98157 0.225345 0.0367759 0.00322454
0 0.490039 0.968702 0.382824 0.062596 0.00294788
0 0.562243 0.971968 0.335456 0.056064 0.00261341
0 0.0737589 0.0496368 0.146822 0.0991053 0.00252693
0 0.955447 0.371147 0.0890881 0.253921 0.00245984
0 0.948606 0.408083 0.102783 0.337686 0.00235585
0 0.549921 0.97651 0.267604 0.0469803 0.00232244
0 0.0247323 0.67202 0.0494593 0.180766 0.00195628
0 0.864536 0.063329 0.268838 0.126657 0.00194575
0 0.0981198 0.0428167 0.195029 0.0856335 0.00188457
0 0.0251747 0.608002 0.050333 0.378351 0.00180082
0 0.864699 0.953415 0.270603 0.0931708 0.00179795
0 0.483623 0.964409 0.2853 0.0709038 0.00165962
0 0.0170096 0.607508 0.0340191 0.33177 0.00163796
0 0.0682106 0.0793119 0.136381 0.158624 0.00155742
0 0.488541 0.974386 0.274544 0.0511444 0.00155288
0 0.0277674 0.670542 0.0555224 0.238572 0.00142534
0 0.842503 0.015556 0.173111 0.0310952 0.00133394
0 0.25579 0.959502 0.137074 0.0809969 0.00133125
0 0.969307 0.369555 0.0613818 0.226377 0.00125383
0 0.902228 0.328604 0.159883 0.167287 0.00123549
0 0.0388232 0.0800884 0.0776464 0.160128 0.0012235
0 0.0202396 0.680873 0.0404165 0.148913 0.00120749
0 0.446231 0.0313623 0.272549 0.0626115 0.00114244
0 0.13411 0.0537762 0.267725 0.107552 0.00110529
0 0.843012 0.050729 0.313975 0.101458 0.00110129
0 0.871942 0.92403 0.256115 0.15194 0.00107221
0 0.147877 0.0319766 0.295638 0.0638449 0.00104967
0 0.103916 0.905961 0.205374 0.183007 0.00102665
