0 0.546791 0.316471 0.530411 0.254842 0.859517
0 0.545771 0.248584 0.534353 0.391545 0.394219
0 0.85077 0.0800204 0.174743 0.158574 0.182484
0 0.506719 0.236298 0.655506 0.47229 0.0810246
0 0.0308994 0.277265 0.0617276 0.293145 0.0250859
0 0.0251316 0.254602 0.0502631 0.244076 0.0182427
0 0.0407381 0.287519 0.0814289 0.332579 0.0139828
0 0.0233673 0.282854 0.0467346 0.364337 0.0118015
0 0.247591 0.804246 0.495181 0.391509 0.00621715
0 0.0533273 0.291772 0.106597 0.385587 0.00545775
0 0.411404 0.215707 0.666129 0.431414 0.00331008
0 0.547227 0.413279 0.553263 0.444541 0.00265995
0 0.086663 0.707652 0.173326 0.210949 0.00213108
0 0.468172 0.174061 0.713542 0.348121 0.0019401
0 0.170782 0.434231 0.103217 0.099875 0.00185236
0 0.294399 0.204445 0.419517 0.406412 0.0018255
0 0.546378 0.851792 0.28347 0.296415 0.00172488
0 0.541625 0.0650032 0.270054 0.130006 0.00167419
0 0.0300199 0.0219081 0.0600398 0.0437669 0.00159135
0 0.0300711 0.0402301 0.0601297 0.0804082 0.00152511
0 0.660489 0.326421 0.313337 0.242738 0.00140509
0 0.0271775 0.0620732 0.0543213 0.124146 0.00139584
0 0.266866 0.93721 0.220201 0.125441 0.00137733
0 0.0611058 0.87073 0.121924 0.196399 0.00124277
0 0.494156 0.0608734 0.367924 0.121705 0.00123099
0 0.0633002 0.3451 0.1266 0.455694 0.00111469
0 0.0315902 0.303776 0.0631804 0.461208 0.00100923
