0 0.521063 0.202152 0.164962 0.19182 0.928077
0 0.9429 0.926172 0.114201 0.147657 0.0303702
0 0.0275641 0.716575 0.0550564 0.256754 0.0100591
0 0.0405863 0.751248 0.0811726 0.324041 0.00983333
0 0.0527392 0.773964 0.105478 0.452072 0.00545557
0 0.0743639 0.786188 0.148728 0.427625 0.00321926
0 0.695904 0.137373 0.203661 0.269733 0.00301554
0 0.0149296 0.692788 0.0298253 0.213782 0.00256837
0 0.0224124 0.698046 0.0445824 0.226187 0.00190026
0 0.017776 0.669402 0.0354766 0.184757 0.00179998
0 0.762606 0.737142 0.332788 0.336698 0.00169785
0 0.46838 0.309015 0.292548 0.409557 0.00139597
0 0.687202 0.152206 0.269575 0.296269 0.00139536
0 0.0180835 0.713043 0.036167 0.270033 0.0012236
0 0.0108147 0.701808 0.0214 0.124124 0.00106945
0 0.524838 0.18855 0.260289 0.279168 0.00102976
0 0.0975511 0.122763 0.194966 0.245525 0.00100315
