0 0.94627 0.854959 0.10746 0.290081 0.0214816
0 0.497202 0.499937 0.352245 0.312763 0.0164631
0 0.937992 0.893566 0.12365 0.212645 0.0157044
0 0.963557 0.583884 0.072887 0.335549 0.00837469
0 0.0734176 0.465084 0.146466 0.24091 0.00696577
0 0.961038 0.879213 0.0779237 0.225489 0.00548274
0 0.511689 0.0222518 0.353133 0.0445037 0.00457844
0 0.515167 0.0469942 0.336328 0.0939884 0.0037996
0 0.542503 0.0258898 0.172229 0.0517796 0.00319155
0 0.548586 0.0277875 0.455635 0.0555749 0.00318654
0 0.574498 0.0205275 0.443289 0.0410551 0.00314739
0 0.949861 0.55712 0.100015 0.536492 0.00293813
0 0.954985 0.620381 0.0894806 0.382598 0.00285772
0 0.515041 0.0333939 0.257815 0.0667879 0.00260194
0 0.590053 0.975656 0.32043 0.0486879 0.00227689
0 0.526818 0.0386125 0.444921 0.077225 0.00215242
0 0.0104108 0.232212 0.0208196 0.213864 0.00201586
0 0.671485 0.100222 0.657031 0.200445 0.00196378
0 0.578297 0.982973 0.289079 0.0340426 0.00188209
0 0.594355 0.967864 0.363533 0.0642725 0.00182559
0 0.96003 0.54112 0.0799396 0.45451 0.00175517
0 0.965219 0.90861 0.069527 0.154251 0.00158389
0 0.979802 0.565062 0.0403966 0.36954 0.00156931
0 0.0066456 0.242951 0.0132912 0.176466 0.00144165
0 0.64096 0.0757689 0.683623 0.151538 0.00117582
0 0.946836 0.766047 0.106328 0.449078 0.00112877
0 0.0305156 0.482983 0.0610312 0.371312 0.00111796
0 0.014809 0.145279 0.0296179 0.290558 0.00110431
0 0.0652113 0.0287949 0.130423 0.0575897 0.00108014
0 0.628712 0.0493565 0.682024 0.0987022 0.00101824
