0 0.528257 0.241349 0.319806 0.470614 0.869591
0 0.966982 0.489048 0.0660356 0.228582 0.0243544
0 0.98207 0.120734 0.0357037 0.228495 0.0167122
0 0.982989 0.169598 0.0340229 0.221674 0.00507241
0 0.977108 0.144415 0.045784 0.23277 0.00499724
0 0.021197 0.727971 0.0423615 0.224064 0.00437298
0 0.972349 0.503835 0.0553018 0.324984 0.00306134
0 0.987558 0.156022 0.0248322 0.190963 0.00281274
0 0.986705 0.10875 0.02659 0.217501 0.00258543
0 0.0243678 0.754842 0.0487279 0.194815 0.00181052
0 0.988525 0.15936 0.0229499 0.138387 0.00173895
0 0.992573 0.154891 0.0148534 0.15495 0.00169787
0 0.970996 0.453874 0.0579553 0.280535 0.00168692
0 0.976914 0.156944 0.0461723 0.313889 0.00163928
0 0.967175 0.124815 0.0656493 0.235767 0.00151403
0 0.983446 0.0670283 0.0331088 0.134057 0.0014748
0 0.555533 0.162877 0.208304 0.256006 0.00134704
0 0.0302325 0.763299 0.0603777 0.23828 0.00130539
0 0.0216018 0.775449 0.0431245 0.133961 0.00126639
0 0.984084 0.140483 0.0317652 0.175462 0.00113406
0 0.930635 0.927393 0.136726 0.144912 0.00109231
