0 0.392422 0.158998 0.259035 0.317996 0.927499
0 0.389099 0.170833 0.344597 0.341666 0.774695
0 0.387767 0.188428 0.447747 0.376066 0.00501139
0 0.984173 0.750774 0.0316229 0.293722 0.00431426
0 0.988859 0.789511 0.022282 0.179553 0.00266636
0 0.976711 0.753518 0.0465789 0.357495 0.00229559
0 0.990796 0.790986 0.0184078 0.140447 0.00213677
0 0.981749 0.170528 0.036356 0.193968 0.00146272
0 0.990685 0.766528 0.0186296 0.144682 0.00112933
0 0.981404 0.504142 0.0371155 0.316337 0.00100394
0 0.984374 0.694456 0.0312129 0.267878 0.00100044
