0 0.484055 0.475855 0.200436 0.195597 0.466322
0 0.0836395 0.653056 0.166945 0.333824 0.0757608
0 0.0568697 0.659607 0.113698 0.326911 0.0282191
0 0.0941968 0.666743 0.188392 0.443733 0.0138105
0 0.0362157 0.658826 0.0724155 0.335202 0.0137946
0 0.940907 0.53095 0.118106 0.464699 0.00984021
0 0.0303362 0.700275 0.0606724 0.30805 0.00697036
0 0.976333 0.345031 0.0473333 0.288249 0.00593619
0 0.0795798 0.658555 0.15916 0.261228 0.00565129
0 0.0115746 0.170327 0.0231491 0.185856 0.00479356
0 0.0278287 0.721185 0.0556573 0.116522 0.00457835
0 0.469494 0.982119 0.278205 0.0357114 0.00421359
0 0.947878 0.51602 0.104245 0.331487 0.00420759
0 0.978688 0.360355 0.0425771 0.188617 0.0039772
0 0.813128 0.91616 0.373744 0.167681 0.00373836
0 0.466902 0.969911 0.318175 0.0600528 0.00373227
0 0.97432 0.338782 0.0513599 0.442441 0.00369774
0 0.0177436 0.220247 0.0354872 0.299582 0.00350649
0 0.064664 0.679666 0.129328 0.225654 0.00338475
0 0.027832 0.205951 0.0556363 0.299582 0.00293333
0 0.978356 0.398214 0.0432878 0.413826 0.00290806
0 0.00659112 0.167496 0.0131822 0.149759 0.00280963
0 0.0238273 0.682191 0.0476547 0.277977 0.00274857
0 0.970681 0.39637 0.0586249 0.475717 0.00264336
0 0.928055 0.518774 0.143819 0.60695 0.00260954
0 0.0294144 0.0279714 0.0588287 0.0558724 0.00241957
0 0.483534 0.980137 0.199674 0.0396569 0.00236203
0 0.0226626 0.0585681 0.0452205 0.117136 0.00234978
0 0.44453 0.977426 0.351473 0.0451477 0.00233898
0 0.480567 0.975321 0.250838 0.0492895 0.00207025
0 0.0314743 0.0604402 0.0629486 0.12088 0.00206342
0 0.0386086 0.678929 0.0772172 0.224301 0.00193953
0 0.0388338 0.719668 0.0776675 0.351313 0.00193495
0 0.0376972 0.0436881 0.0753386 0.0869456 0.00189684
0 0.0166245 0.18498 0.0332419 0.209538 0.00175831
0 0.0189578 0.0323489 0.0379156 0.0646978 0.00175727
0 0.464056 0.50167 0.234516 0.258415 0.00175056
0 0.531956 0.975701 0.397818 0.0485986 0.00173597
0 0.0198516 0.943462 0.0397032 0.112981 0.0016765
0 0.946267 0.226977 0.107466 0.450145 0.00157476
0 0.0292807 0.9502 0.0584874 0.0995423 0.00152615
0 0.531542 0.982858 0.363637 0.0342369 0.00152271
0 0.0447088 0.204883 0.0892455 0.316653 0.00151901
0 0.0230902 0.174951 0.0461804 0.280996 0.00149347
0 0.246053 0.971877 0.354039 0.056201 0.00148027
0 0.418452 0.984322 0.32039 0.0312556 0.00147291
0 0.242143 0.978343 0.29967 0.043313 0.00145318
0 0.941814 0.418781 0.116202 0.651149 0.00145066
0 0.970593 0.207715 0.0587953 0.41543 0.00143468
0 0.0974025 0.696947 0.117752 0.116745 0.00142959
0 0.979226 0.542393 0.0415471 0.379657 0.00141169
0 0.0243535 0.731956 0.0487071 0.170073 0.00138544
0 0.962827 0.334455 0.0740498 0.394205 0.00137457
0 0.0288258 0.0809275 0.0575539 0.160955 0.0013658
0 0.106943 0.688608 0.213431 0.622784 0.00135919
0 0.980238 0.198715 0.0395242 0.397431 0.00132109
0 0.269334 0.983448 0.352724 0.0330906 0.00131952
0 0.970203 0.537471 0.0595933 0.370914 0.00129257
0 0.0176109 0.718478 0.0352219 0.270594 0.00125605
0 0.0186098 0.159483 0.0372196 0.118306 0.00124742
0 0.0649321 0.0269621 0.129864 0.0536805 0.00124572
0 0.047785 0.0595005 0.0953596 0.118203 0.00117995
0 0.0430875 0.084054 0.0861751 0.168073 0.00114709
0 0.204802 0.967543 0.297651 0.0634625 0.0011378
0 0.0483068 0.938661 0.0966137 0.122678 0.00106591
0 0.0316949 0.912765 0.0630583 0.174469 0.00105534
0 0.0257144 0.265047 0.0514289 0.431639 0.00104976
0 0.784001 0.234018 0.429931 0.464977 0.00103472
0 0.413445 0.967389 0.388912 0.0652225 0.00100272
