0 0.505307 0.411065 0.149381 0.158772 0.857412
0 0.840333 0.20347 0.307097 0.381737 0.578444
0 0.904567 0.928388 0.190589 0.142679 0.0114614
0 0.807913 0.218043 0.384175 0.436085 0.00901269
0 0.504084 0.41304 0.230053 0.225502 0.00833239
0 0.858265 0.328664 0.13511 0.117133 0.00814082
0 0.835605 0.369167 0.179031 0.186123 0.00712889
0 0.853372 0.158554 0.271241 0.293494 0.00340957
0 0.858071 0.301129 0.282181 0.602258 0.00294619
0 0.876616 0.906537 0.246517 0.186926 0.00211942
0 0.817611 0.353543 0.22172 0.204078 0.00173357
0 0.820755 0.309809 0.217283 0.163313 0.00166212
0 0.760944 0.11473 0.132051 0.158779 0.00149978
0 0.744727 0.206666 0.292282 0.39598 0.00149462
0 0.813834 0.317506 0.285893 0.369513 0.00143263
0 0.0816296 0.925434 0.162858 0.149133 0.00136229
0 0.128615 0.9891 0.210781 0.0217999 0.00134723
0 0.838618 0.886689 0.321789 0.226621 0.00114068
0 0.900751 0.972306 0.1984 0.0553886 0.00108487
0 0.75631 0.239964 0.396614 0.471377 0.00104388
