0 0.522347 0.362132 0.0978146 0.118608 0.864837
0 0.247191 0.975452 0.130025 0.049016 0.0374944
0 0.235254 0.9728 0.190904 0.0543993 0.016425
0 0.616456 0.230781 0.767087 0.461562 0.0162281
0 0.492088 0.281601 0.209644 0.281716 0.0107029
0 0.209641 0.976653 0.349871 0.0464187 0.00779967
0 0.297769 0.975913 0.356088 0.0480484 0.00427557
0 0.139512 0.865183 0.250439 0.212528 0.00354196
0 0.517059 0.361353 0.131826 0.14807 0.00335517
0 0.203209 0.968841 0.382981 0.0616832 0.0032455
0 0.0170484 0.685239 0.0340968 0.25975 0.00324218
0 0.0273286 0.681036 0.0546571 0.294319 0.00301125
0 0.983206 0.839543 0.0335572 0.184194 0.00284577
0 0.264565 0.978681 0.172104 0.0426075 0.00266054
0 0.0222343 0.0368369 0.0444685 0.0736736 0.00231295
0 0.0648305 0.959207 0.129568 0.0815867 0.00230792
0 0.0437194 0.826186 0.0874389 0.321286 0.00222412
0 0.0401274 0.673269 0.0802547 0.333085 0.00201086
0 0.982745 0.82114 0.0345095 0.307202 0.00200158
0 0.0302414 0.704714 0.0604515 0.382281 0.00198219
0 0.187307 0.982174 0.360126 0.035527 0.0019548
0 0.081823 0.0438704 0.163646 0.0877408 0.00190051
0 0.0379672 0.0746804 0.0759344 0.149361 0.00189255
0 0.0299158 0.809425 0.0597293 0.291263 0.00185328
0 0.977371 0.840798 0.0452586 0.318403 0.00184191
0 0.940386 0.951065 0.119099 0.0975668 0.00184056
0 0.319847 0.981655 0.384663 0.0364785 0.00177202
0 0.973312 0.714646 0.0532963 0.344668 0.00169293
0 0.980492 0.714262 0.0390161 0.289865 0.00164981
0 0.068732 0.938054 0.136923 0.123891 0.0016235
0 0.0295899 0.0133009 0.0591798 0.0264932 0.00160521
0 0.984721 0.853359 0.0305583 0.093513 0.00158839
0 0.0661986 0.0790915 0.132146 0.158183 0.00155701
0 0.096783 0.9401 0.193566 0.119799 0.00155125
0 0.0601893 0.0386971 0.120379 0.0773941 0.00152429
0 0.00691986 0.0312672 0.0137097 0.0625345 0.00149655
0 0.916993 0.977112 0.166015 0.0457129 0.00144969
0 0.536117 0.257515 0.230238 0.338568 0.00143977
0 0.0286543 0.055132 0.0572521 0.110264 0.00143647
0 0.0166877 0.818512 0.0333755 0.242692 0.00142776
0 0.923731 0.935958 0.152538 0.128005 0.00142226
0 0.0502289 0.952917 0.0997159 0.0941185 0.00134303
0 0.093123 0.0671244 0.186246 0.134249 0.00131287
0 0.00631449 0.0596569 0.0125778 0.119314 0.0012994
0 0.958835 0.730002 0.0821986 0.335251 0.00128315
0 0.986296 0.861152 0.0274074 0.141963 0.00126277
0 0.659712 0.47951 0.680575 0.959021 0.00125751
0 0.0469726 0.973532 0.0939453 0.0529108 0.00123645
0 0.0105102 0.0591831 0.0210205 0.118366 0.00123324
0 0.0252018 0.766381 0.0502145 0.360809 0.00121929
0 0.933984 0.969468 0.13172 0.060915 0.00121077
0 0.98207 0.658447 0.0358052 0.294913 0.00116247
0 0.950911 0.92896 0.098178 0.14208 0.00114075
0 0.381127 0.978768 0.390296 0.0424649 0.0011152
0 0.958182 0.950582 0.08358 0.0988209 0.00108191
0 0.181615 0.0222755 0.32604 0.044551 0.00106839
0 0.368269 0.984123 0.347193 0.0316216 0.00105699
0 0.89712 0.943029 0.205759 0.113942 0.00105497
0 0.0115313 0.815597 0.0229934 0.210788 0.00105233
0 0.319413 0.966021 0.403784 0.0672934 0.00102946
0 0.0063268 0.0428035 0.0126515 0.0856069 0.00102217
0 0.982285 0.850577 0.0351813 0.116294 0.00101907
