0 0.94497 0.472631 0.110061 0.27137 0.170587
0 0.0562582 0.0225799 0.111884 0.0447493 0.14341
0 0.0881126 0.0246853 0.175283 0.0492342 0.107618
0 0.0594272 0.0181419 0.118854 0.0362839 0.0895268
0 0.043684 0.019045 0.0873681 0.0380899 0.0748393
0 0.1048 0.0302045 0.208749 0.0601288 0.055685
0 0.0910092 0.0430514 0.180323 0.0857383 0.0412789
0 0.0682718 0.031819 0.135696 0.0636379 0.0395759
0 0.11829 0.0489451 0.23658 0.0976423 0.0131346
0 0.802457 0.863916 0.298553 0.268248 0.00862443
0 0.0747208 0.01551 0.149442 0.0309728 0.00821068
0 0.214003 0.96207 0.166618 0.0758607 0.00626637
0 0.0965339 0.0188053 0.193068 0.0373369 0.00624948
0 0.0526726 0.0216135 0.105345 0.0431908 0.00593754
0 0.910954 0.908255 0.178092 0.18349 0.00509007
0 0.936403 0.491231 0.127194 0.273471 0.00427493
0 0.208274 0.95921 0.26544 0.0815804 0.00401389
0 0.150238 0.0315552 0.298446 0.0629062 0.00380372
0 0.129288 0.02706 0.258576 0.05412 0.00342286
0 0.188688 0.963524 0.362698 0.0729519 0.00339313
0 0.139551 0.0819733 0.277605 0.163597 0.00305743
0 0.144666 0.0769512 0.191657 0.15179 0.00235559
0 0.24621 0.011422 0.213663 0.0228334 0.00234065
0 0.183151 0.0686888 0.366301 0.137378 0.00205482
0 0.950427 0.897713 0.0991451 0.204575 0.00203197
0 0.893114 0.951151 0.213773 0.0976989 0.00201184
0 0.141061 0.0190197 0.282122 0.0380394 0.00197154
0 0.145778 0.0413951 0.291556 0.0827759 0.00195724
0 0.0684523 0.0119843 0.136905 0.0237778 0.00171433
0 0.989137 0.689482 0.0216732 0.192568 0.00168447
0 0.930822 0.458418 0.137226 0.395029 0.00159339
0 0.254331 0.980093 0.342425 0.0398133 0.00141678
0 0.291626 0.0480711 0.261045 0.0961421 0.00138571
0 0.238211 0.0397902 0.385431 0.0790812 0.00137078
0 0.228311 0.0172585 0.330312 0.034517 0.00136742
0 0.264704 0.0621671 0.529408 0.124291 0.00128525
0 0.888261 0.929968 0.222435 0.139473 0.00123714
0 0.726699 0.864785 0.386243 0.270429 0.00121068
0 0.958384 0.0718379 0.0832323 0.143676 0.00119675
0 0.259544 0.962791 0.397121 0.0744176 0.0011579
0 0.241947 0.00835444 0.189296 0.0167089 0.00114668
0 0.168602 0.0370848 0.337204 0.0739567 0.00114419
0 0.212934 0.961768 0.1159 0.0763183 0.00113596
0 0.935773 0.0717975 0.128454 0.143595 0.00111325
0 0.229367 0.0282744 0.361383 0.0565489 0.00109345
0 0.948943 0.0845001 0.102114 0.169 0.00104198
0 0.969514 0.6456 0.0609722 0.436226 0.00103319
0 0.992751 0.690322 0.0144973 0.153628 0.00101085
0 0.983029 0.65066 0.0339429 0.33859 0.00100914
