0 0.49855 0.174983 0.366331 0.349965 0.923351
0 0.737669 0.0348551 0.357733 0.0696135 0.0212099
0 0.0789443 0.893467 0.111566 0.119768 0.0172207
0 0.744038 0.0322002 0.269258 0.0640698 0.00846042
0 0.72043 0.0380469 0.50664 0.0760938 0.00222856
0 0.71119 0.0514781 0.560834 0.102956 0.00183807
0 0.0767552 0.91119 0.0853735 0.086288 0.00132926
0 0.926504 0.0640779 0.145966 0.128156 0.00126792
0 0.071069 0.86923 0.130536 0.216849 0.00118135
0 0.439384 0.981289 0.20428 0.0374143 0.00106588
0 0.699725 0.0284017 0.384496 0.0567089 0.00106056
