0 0.546113 0.207986 0.105637 0.0872145 0.841537
0 0.602303 0.372772 0.795394 0.745544 0.0105234
0 0.0123828 0.637264 0.0247066 0.175981 0.00336027
0 0.0160628 0.668538 0.0321079 0.292906 0.00228258
0 0.0130305 0.62915 0.0260563 0.252589 0.00202855
0 0.256519 0.983767 0.344878 0.0324073 0.00162439
0 0.254326 0.978219 0.392329 0.0434737 0.00161223
0 0.983629 0.388818 0.0326685 0.238285 0.00156914
0 0.0227043 0.671928 0.0452988 0.364425 0.00137493
0 0.988965 0.386667 0.0220708 0.189402 0.00125188
0 0.0359313 0.0711544 0.0718627 0.141914 0.0011901
0 0.80567 0.983882 0.308054 0.0322369 0.00116028
0 0.0854294 0.815005 0.170859 0.277963 0.00113872
0 0.981667 0.406148 0.0366665 0.325045 0.00109274
0 0.787466 0.978116 0.353994 0.0437683 0.00108622
0 0.983455 0.647652 0.0330335 0.365102 0.00108188
0 0.977105 0.386471 0.04579 0.260129 0.00103027
