0 0.383497 0.191994 0.10464 0.121739 0.881082
0 0.380831 0.189256 0.130238 0.140611 0.784442
0 0.378903 0.192732 0.175116 0.184799 0.0586879
0 0.98219 0.741735 0.0355959 0.160098 0.00324057
0 0.977159 0.727174 0.0456828 0.2707 0.0030341
0 0.980721 0.765413 0.0385575 0.280633 0.0026224
0 0.982675 0.712216 0.0345147 0.252902 0.00211745
0 0.975016 0.773636 0.0499682 0.394707 0.00199154
0 0.982278 0.688115 0.035352 0.354037 0.00191926
0 0.976296 0.68189 0.0474074 0.402026 0.00170022
0 0.986732 0.731828 0.0265367 0.0992546 0.00144321
0 0.980504 0.800398 0.0389869 0.399205 0.00119657
0 0.967747 0.749509 0.0645057 0.322077 0.00113299
0 0.785885 0.0167301 0.23696 0.0334603 0.00105288
