0 0.508592 0.362785 0.169392 0.16603 0.910771
0 0.975098 0.51828 0.0497761 0.169218 0.297159
0 0.782009 0.0164685 0.188768 0.032937 0.25396
0 0.973529 0.513804 0.0529412 0.304123 0.12096
0 0.789751 0.0227339 0.290076 0.0454678 0.0811618
0 0.78205 0.0171105 0.13023 0.034221 0.0627903
0 0.971756 0.508101 0.0562365 0.218954 0.0321895
0 0.758344 0.0169584 0.328966 0.0339169 0.0238511
0 0.973108 0.519462 0.0537838 0.123379 0.0127776
0 0.791638 0.0311803 0.372804 0.0623606 0.0107172
0 0.977411 0.569931 0.0451779 0.341322 0.00693274
0 0.82503 0.0189076 0.335114 0.0378152 0.00645698
0 0.969793 0.562867 0.0604147 0.389258 0.00401573
0 0.776483 0.0277592 0.447034 0.0555185 0.00367251
0 0.970323 0.487758 0.0593539 0.417363 0.0029226
0 0.926571 0.880969 0.146768 0.238062 0.00289586
0 0.963021 0.541171 0.0735601 0.32141 0.0026246
0 0.79062 0.0191285 0.41876 0.0382397 0.00238975
0 0.73026 0.0241809 0.403718 0.0483618 0.00184622
0 0.796464 0.0140511 0.257966 0.0280756 0.00142097
0 0.409292 0.499288 0.818585 0.961545 0.00132289
0 0.798934 0.0116516 0.212006 0.0233033 0.00132252
0 0.977221 0.541857 0.0455478 0.165715 0.00129397
0 0.942387 0.843407 0.115226 0.123199 0.00110615
