0 0.337804 0.366298 0.167942 0.169485 0.937621
0 0.988471 0.771671 0.0230585 0.188157 0.141155
0 0.991675 0.767834 0.0166492 0.179276 0.128522
0 0.984595 0.772653 0.0307603 0.240369 0.0776718
0 0.977466 0.765727 0.0450681 0.317942 0.029633
0 0.986686 0.792685 0.026601 0.176678 0.0219559
0 0.97032 0.949036 0.0592685 0.101928 0.0105107
0 0.982992 0.797135 0.034016 0.340373 0.00967491
0 0.940083 0.936426 0.119834 0.127149 0.00800831
0 0.0905148 0.928876 0.18103 0.142248 0.0080076
0 0.951237 0.956845 0.0974708 0.0862188 0.00664463
0 0.980499 0.815218 0.0390022 0.240973 0.00617413
0 0.965869 0.756904 0.0681717 0.340716 0.0059301
0 0.976472 0.937125 0.047056 0.125751 0.00578961
0 0.0672683 0.942129 0.134413 0.115741 0.00504314
0 0.983135 0.957135 0.0337301 0.0857297 0.0046944
0 0.983786 0.735319 0.0324289 0.373275 0.00467607
0 0.920012 0.97104 0.159437 0.057838 0.00427532
0 0.98785 0.954909 0.0242996 0.0901822 0.00420233
0 0.988988 0.444649 0.0220156 0.210357 0.0041921
0 0.66022 0.9882 0.200406 0.0236006 0.00348599
0 0.914153 0.928147 0.169428 0.143533 0.00305884
0 0.983793 0.420123 0.0324134 0.369955 0.00288209
0 0.0963545 0.952134 0.192709 0.0957316 0.00256757
0 0.980159 0.899535 0.0396698 0.200695 0.00247501
0 0.0665025 0.97805 0.133005 0.0438432 0.00221576
0 0.975933 0.818167 0.0481331 0.35504 0.00208486
0 0.657368 0.977249 0.292722 0.0454438 0.00206451
0 0.991258 0.455093 0.0174404 0.160342 0.00199778
0 0.659132 0.982987 0.24699 0.0340269 0.00178538
0 0.987038 0.42985 0.0259246 0.258713 0.00162954
0 0.0452712 0.932659 0.0902958 0.134361 0.00152627
0 0.659186 0.992917 0.163129 0.0141363 0.00151531
0 0.976845 0.414296 0.0463094 0.411955 0.00149352
0 0.0616117 0.986535 0.123223 0.0268815 0.00135659
0 0.983898 0.549584 0.0322046 0.244174 0.001337
0 0.989142 0.574708 0.0217155 0.214156 0.00131262
0 0.993053 0.48088 0.0138948 0.162113 0.00124846
0 0.658201 0.969751 0.361815 0.0604988 0.00120136
0 0.0509537 0.971013 0.101907 0.0578511 0.00108155
0 0.975817 0.71372 0.0483652 0.402808 0.00100541
0 0.824642 0.00738108 0.186231 0.0147044 0.00100393
