0 0.358102 0.311809 0.166064 0.14712 0.917099
0 0.554286 0.980657 0.291999 0.038686 0.0139493
0 0.359762 0.310402 0.198619 0.193546 0.00928094
0 0.553922 0.969083 0.330809 0.0618331 0.00796554
0 0.714898 0.957931 0.315011 0.0839319 0.00232414
0 0.863194 0.964429 0.273613 0.0711422 0.00230429
0 0.716551 0.980448 0.305562 0.0391033 0.00186334
0 0.569938 0.97699 0.387729 0.0460202 0.00172485
0 0.981171 0.0665671 0.0374995 0.133134 0.00163533
0 0.614876 0.983908 0.352892 0.0321833 0.00153574
0 0.616946 0.968073 0.417566 0.0638547 0.00148319
0 0.982862 0.0907798 0.0342768 0.18156 0.00133961
0 0.983207 0.135147 0.0335059 0.270294 0.00131933
0 0.531259 0.986806 0.189382 0.0262576 0.00120128
0 0.724535 0.973425 0.359967 0.0530951 0.00116441
0 0.987315 0.0795295 0.0253005 0.159059 0.001119
0 0.975939 0.138924 0.0480657 0.277848 0.00108219
0 0.53776 0.993147 0.173578 0.0136858 0.00105689
