0 0.528683 0.200823 0.208875 0.203487 0.883285
0 0.750486 0.852839 0.492068 0.294322 0.0818969
0 0.716764 0.911062 0.249961 0.177876 0.0196543
0 0.124413 0.0126723 0.182143 0.0253447 0.00984843
0 0.0393976 0.0673385 0.0787951 0.134578 0.0081838
0 0.0669704 0.953207 0.132644 0.093585 0.00740437
0 0.0508677 0.959953 0.101639 0.0800946 0.00662064
0 0.0420166 0.106857 0.0839608 0.213715 0.00606985
0 0.0427291 0.966822 0.0854567 0.0663568 0.00539214
0 0.109882 0.0157049 0.219765 0.0313986 0.00538509
0 0.0546894 0.920941 0.108562 0.158118 0.00451729
0 0.124132 0.011462 0.141085 0.0229097 0.00449973
0 0.968415 0.970582 0.063169 0.058718 0.00291307
0 0.0109349 0.102533 0.0218698 0.190429 0.00282436
0 0.065433 0.102161 0.130866 0.202386 0.00261845
0 0.128535 0.0231809 0.257069 0.0463617 0.00235874
0 0.0511179 0.980935 0.102236 0.0381294 0.002186
0 0.940738 0.961949 0.118429 0.075949 0.00204608
0 0.703035 0.0156315 0.318049 0.03123 0.00196545
0 0.952726 0.0538997 0.0943635 0.107799 0.00177821
0 0.975484 0.952217 0.0490317 0.0955658 0.00176103
0 0.966167 0.957292 0.0675502 0.0854162 0.00171154
0 0.00665006 0.0847862 0.0132962 0.145223 0.00163325
0 0.0754663 0.548054 0.150933 0.274562 0.00162548
0 0.0385964 0.920565 0.0771928 0.158769 0.00161365
0 0.0680167 0.51804 0.135301 0.213298 0.00160526
0 0.110316 0.0090117 0.176848 0.0180234 0.00157389
0 0.0751574 0.914862 0.149777 0.170263 0.00157358
0 0.0415907 0.0468089 0.0827495 0.0935023 0.00156779
0 0.933127 0.943201 0.133747 0.113598 0.0015572
0 0.0845325 0.967701 0.169065 0.0645974 0.00152743
0 0.656574 0.849203 0.43936 0.301595 0.00148373
0 0.396315 0.0180057 0.154398 0.0359133 0.00144911
0 0.552208 0.352532 0.0945721 0.102275 0.00142749
0 0.735986 0.988069 0.18761 0.0237311 0.00140169
0 0.0228863 0.131335 0.045709 0.26267 0.00136751
0 0.597097 0.976709 0.201774 0.0464836 0.00135823
0 0.877951 0.901734 0.244099 0.196533 0.00135776
0 0.0710797 0.0721834 0.142159 0.144298 0.00133094
0 0.615577 0.968427 0.247467 0.0630314 0.00131576
0 0.460699 0.627973 0.439064 0.450722 0.00131499
0 0.363379 0.0205661 0.258438 0.0410549 0.00127272
0 0.0540227 0.981361 0.108045 0.0372772 0.00123775
0 0.596617 0.915376 0.168562 0.169248 0.00123462
0 0.968058 0.0352732 0.06387 0.0704232 0.00121917
0 0.638399 0.0245322 0.480265 0.0490644 0.00120805
0 0.0143152 0.128343 0.0285832 0.256685 0.00117864
0 0.97044 0.053065 0.0589966 0.10613 0.00116943
0 0.350516 0.553262 0.697432 0.699132 0.00114327
0 0.0615631 0.491224 0.120731 0.151408 0.00112664
0 0.344343 0.982924 0.320912 0.0340509 0.00112547
0 0.983152 0.35189 0.0336962 0.245757 0.00111746
0 0.559466 0.323582 0.127497 0.164507 0.00111594
0 0.964851 0.072909 0.0702976 0.145818 0.00107723
0 0.0151764 0.857386 0.0303528 0.285227 0.00106632
0 0.335656 0.976596 0.372765 0.0467654 0.00105624
0 0.0389306 0.395855 0.0776303 0.36614 0.00103324
0 0.977675 0.0686158 0.0445174 0.137232 0.00102781
