0 0.480338 0.433546 0.122035 0.130232 0.782782
0 0.48318 0.436409 0.154867 0.159902 0.440705
0 0.0315137 0.212944 0.0629239 0.246986 0.00941521
0 0.0223967 0.211714 0.0447935 0.235058 0.00643009
0 0.744464 0.94979 0.159881 0.100419 0.006116
0 0.250923 0.0203777 0.292813 0.0407554 0.00480586
0 0.040577 0.211443 0.0811232 0.287099 0.0048023
0 0.0127821 0.222011 0.0255594 0.158182 0.00307225
0 0.041376 0.234393 0.0825527 0.411207 0.00246415
0 0.02934 0.240222 0.0586799 0.34917 0.00206471
0 0.243747 0.028158 0.322867 0.0563154 0.00194624
0 0.0180676 0.197196 0.0361167 0.194348 0.00171029
0 0.587118 0.952778 0.242666 0.0944432 0.0016802
0 0.0289061 0.155443 0.0578121 0.310885 0.00133561
0 0.0196904 0.250202 0.0393808 0.290858 0.00133217
0 0.00707628 0.218008 0.0141526 0.13286 0.00125092
0 0.587916 0.973807 0.247335 0.0523851 0.00123243
0 0.0166574 0.145249 0.0333149 0.290498 0.001164
0 0.0413979 0.115918 0.0827959 0.231285 0.00115796
0 0.243413 0.0422286 0.412489 0.0844512 0.00109467
0 0.204225 0.00932708 0.175348 0.0186542 0.00107904
0 0.223906 0.0116123 0.198844 0.0232247 0.0010773
0 0.0240476 0.110146 0.0480952 0.220291 0.00105943
0 0.379453 0.0215844 0.292871 0.0431688 0.00103061
0 0.200534 0.0138876 0.228766 0.0277752 0.00100903
