0 0.563828 0.193154 0.182487 0.1313 0.920692
0 0.564485 0.192518 0.209279 0.180791 0.838603
0 0.984416 0.0782528 0.0311681 0.155575 0.0080959
0 0.972925 0.711329 0.0539075 0.118225 0.00668748
0 0.980469 0.0604762 0.0390066 0.120613 0.00635292
0 0.572818 0.310074 0.180741 0.154884 0.00526404
0 0.977549 0.0848339 0.0446726 0.169668 0.00466108
0 0.981095 0.564534 0.0378101 0.266385 0.00205224
0 0.988842 0.0935742 0.0223159 0.187148 0.00149494
0 0.987548 0.0650986 0.0249045 0.130197 0.00139904
0 0.905303 0.551082 0.135013 0.144288 0.00123852
0 0.739396 0.988201 0.199298 0.0235989 0.00116561
0 0.974231 0.565633 0.0515386 0.289773 0.0010566
