0 0.427514 0.255742 0.341233 0.34507 0.93615
0 0.943835 0.124598 0.112265 0.229784 0.0191887
0 0.371105 0.941019 0.17841 0.11773 0.0023878
0 0.374809 0.978108 0.172486 0.0437832 0.00236383
0 0.370136 0.96066 0.189426 0.07868 0.00230024
0 0.982115 0.780271 0.035727 0.257375 0.00156426
0 0.379122 0.968805 0.165782 0.0623891 0.00132276
0 0.983374 0.725485 0.0331146 0.265922 0.00119698
0 0.97518 0.78385 0.0496407 0.291877 0.00111625
0 0.705193 0.983555 0.207463 0.0328275 0.00102359
0 0.983656 0.508672 0.0326183 0.280378 0.00102013
0 0.960542 0.107204 0.0788054 0.202376 0.00101447
