0 0.575655 0.5884 0.361162 0.381699 0.00292137
0 0.952546 0.343059 0.0944338 0.686119 0.00239933
0 0.854741 0.0161629 0.290519 0.0323257 0.00192215
0 0.842145 0.023311 0.315709 0.0465857 0.00190337
0 0.836719 0.0326285 0.326562 0.0648657 0.00174518
0 0.882572 0.017775 0.234856 0.0354961 0.00171114
0 0.888806 0.0310583 0.222388 0.0619237 0.00169241
0 0.642139 0.0155525 0.307756 0.0310878 0.00153731
0 0.892024 0.0468637 0.214981 0.0934859 0.00136745
0 0.616896 0.0130937 0.201126 0.0261874 0.0013006
0 0.924077 0.0727536 0.151846 0.145507 0.00128952
0 0.601974 0.0321264 0.432326 0.0640148 0.00128381
0 0.977388 0.0777793 0.0452249 0.155559 0.00121394
0 0.626581 0.0160826 0.165825 0.0321651 0.00118862
0 0.651741 0.0233395 0.38673 0.046679 0.00117803
0 0.571199 0.0232312 0.436707 0.0464625 0.00115425
0 0.933167 0.354631 0.133498 0.709262 0.00113208
0 0.571472 0.0156275 0.39342 0.0312298 0.00110967
0 0.939459 0.0374785 0.121081 0.0747232 0.00106216
0 0.95642 0.074258 0.0871605 0.148242 0.0010015
