0 0.391102 0.598681 0.197651 0.17506 0.894175
0 0.39797 0.59895 0.245286 0.240076 0.0123595
0 0.672221 0.108368 0.12588 0.0842693 0.00545113
0 0.699045 0.0749742 0.300751 0.149948 0.00467208
0 0.697548 0.0354423 0.276602 0.0708846 0.00360587
0 0.690433 0.0585639 0.453472 0.117031 0.00357332
0 0.699381 0.0453966 0.311737 0.0907932 0.00316059
0 0.695171 0.0896508 0.375548 0.179101 0.00256482
0 0.0110285 0.905396 0.0219844 0.189208 0.00233383
0 0.678948 0.0269105 0.339345 0.0537944 0.00221137
0 0.759785 0.0469043 0.425325 0.0938086 0.00151513
0 0.0264636 0.860256 0.0528281 0.279487 0.00100088
