0 0.573337 0.419591 0.146896 0.150117 0.916823
0 0.572358 0.419805 0.185818 0.187281 0.836445
0 0.945926 0.632004 0.107476 0.124873 0.0405322
0 0.028793 0.0708307 0.0575565 0.140886 0.00998198
0 0.0318519 0.110857 0.0636397 0.221715 0.00417144
0 0.0747337 0.814968 0.0636822 0.079443 0.00328698
0 0.95546 0.96389 0.0890245 0.072026 0.00243273
0 0.025873 0.049991 0.0515182 0.0999821 0.00211006
0 0.0381058 0.0916922 0.0762115 0.181 0.00209215
0 0.976567 0.582671 0.046866 0.278997 0.00183204
0 0.0395033 0.0519198 0.0787097 0.10384 0.0017858
0 0.0795513 0.801346 0.0661638 0.100751 0.00155554
0 0.239197 0.988133 0.190245 0.0237341 0.00147508
0 0.94432 0.958262 0.110926 0.0834761 0.00141466
0 0.966462 0.574359 0.067024 0.334715 0.00134238
0 0.960011 0.633514 0.079979 0.112767 0.00129626
0 0.0106545 0.453193 0.0213091 0.203223 0.00123803
0 0.093888 0.0882061 0.1865 0.176412 0.00110325
