0 0.387102 0.138747 0.178725 0.277494 0.80774
0 0.407876 0.15113 0.305205 0.301994 0.280931
0 0.952298 0.759425 0.0953569 0.324363 0.032175
0 0.947221 0.781496 0.105428 0.41904 0.0110153
0 0.435083 0.16548 0.41815 0.33096 0.0059256
0 0.601288 0.983761 0.180125 0.0324774 0.0056491
0 0.595946 0.987829 0.165653 0.0243253 0.00339317
0 0.604472 0.977476 0.212777 0.0450474 0.00314549
0 0.946025 0.649255 0.107662 0.70149 0.00176368
0 0.618467 0.977199 0.303356 0.0456023 0.00144508
0 0.415493 0.243347 0.242406 0.486694 0.00135795
0 0.621378 0.984471 0.253058 0.0310575 0.00131253
0 0.389645 0.0636304 0.231727 0.127026 0.00130502
0 0.630989 0.325143 0.686808 0.64968 0.00124209
0 0.767126 0.122677 0.166841 0.206574 0.00116749
0 0.596239 0.386009 0.807522 0.772018 0.00107676
0 0.580286 0.162334 0.730563 0.324667 0.00102261
