0 0.555094 0.360973 0.213449 0.216802 0.865927
0 0.575935 0.832537 0.259444 0.333786 0.212243
0 0.977666 0.576499 0.0446683 0.214694 0.0634976
0 0.981417 0.533004 0.0371654 0.376581 0.058572
0 0.976275 0.524417 0.0473771 0.452714 0.0213856
0 0.968562 0.569721 0.0626357 0.297564 0.0165964
0 0.719464 0.480998 0.561073 0.45659 0.0119542
0 0.976951 0.552277 0.0459802 0.316929 0.0113424
0 0.972636 0.616948 0.0545413 0.34993 0.00768091
0 0.622274 0.362707 0.346277 0.203784 0.00664639
0 0.556415 0.367601 0.286688 0.259923 0.00477756
0 0.963354 0.54845 0.07315 0.421151 0.00383781
0 0.978708 0.367626 0.0425832 0.373637 0.00273718
0 0.948066 0.53815 0.103464 0.63458 0.00226437
0 0.963037 0.38036 0.0738674 0.366817 0.00225286
0 0.672028 0.370821 0.458894 0.243868 0.00202577
0 0.681735 0.608848 0.636531 0.782305 0.0015712
0 0.980305 0.587742 0.0393906 0.157746 0.00118943
0 0.191793 0.0358942 0.383587 0.0717884 0.00109293
