0 0.514898 0.494888 0.300187 0.234527 0.924106
0 0.920053 0.819605 0.159894 0.121207 0.0118623
0 0.518373 0.50505 0.373853 0.34607 0.0054853
0 0.113997 0.981383 0.224441 0.0372337 0.00262415
0 0.875715 0.710896 0.24857 0.338312 0.00217387
0 0.139526 0.983873 0.279053 0.0322535 0.00173058
0 0.131516 0.976873 0.263031 0.0462543 0.00164203
0 0.964944 0.606938 0.0699975 0.171539 0.00159336
0 0.153187 0.977623 0.306374 0.0447532 0.00134793
0 0.0977956 0.9736 0.195591 0.0526719 0.00101166
0 0.0771912 0.969223 0.154213 0.0615536 0.0010114
