0 0.147155 0.846734 0.170352 0.142903 0.4879
0 0.464213 0.56349 0.344571 0.288116 0.149858
0 0.395606 0.0654233 0.55794 0.130746 0.121983
0 0.12564 0.840616 0.225687 0.168559 0.109146
0 0.51309 0.0534449 0.507406 0.10681 0.0535715
0 0.421106 0.068484 0.835317 0.136907 0.0528144
0 0.553599 0.044833 0.294647 0.0896661 0.0427121
0 0.509976 0.567333 0.24675 0.25969 0.0305378
0 0.465294 0.563774 0.397913 0.370613 0.0288405
0 0.459259 0.046684 0.418365 0.0933679 0.0288329
0 0.139811 0.844958 0.258874 0.218703 0.0271907
0 0.514184 0.0514733 0.353823 0.102947 0.0247374
0 0.579278 0.0430785 0.179594 0.0861565 0.0230303
0 0.0162549 0.145928 0.0325011 0.269326 0.0225137
0 0.487603 0.0985605 0.839592 0.197121 0.0217168
0 0.393892 0.114668 0.565597 0.228068 0.0152987
0 0.820847 0.56531 0.144754 0.111372 0.0141382
0 0.731956 0.495458 0.197398 0.176566 0.0128662
0 0.536162 0.0287069 0.334098 0.0574138 0.0114807
0 0.0224503 0.160882 0.0448671 0.321765 0.00876273
0 0.658947 0.974133 0.28351 0.0517349 0.00756284
0 0.186031 0.781536 0.36465 0.38729 0.00564633
0 0.655021 0.968092 0.328827 0.0638164 0.00555602
0 0.626317 0.978744 0.225483 0.0425124 0.00529483
0 0.961729 0.684807 0.0765416 0.150553 0.00524885
0 0.51842 0.536059 0.224965 0.17892 0.00516034
0 0.491549 0.601624 0.323416 0.327984 0.00501726
0 0.0317555 0.167415 0.0632999 0.33483 0.00495595
0 0.174173 0.854127 0.297865 0.266036 0.00486258
0 0.135254 0.805069 0.270414 0.364744 0.0041611
0 0.821004 0.568086 0.178153 0.160249 0.00413106
0 0.180338 0.0608531 0.135487 0.118734 0.00396411
0 0.545845 0.13331 0.885533 0.266621 0.00355041
0 0.575132 0.982365 0.33334 0.0350877 0.00343924
0 0.560527 0.693269 0.328853 0.459461 0.00332361
0 0.96286 0.660128 0.0742798 0.217732 0.0031583
0 0.877343 0.263567 0.217947 0.230299 0.00310948
0 0.68785 0.0546451 0.436029 0.10929 0.00310829
0 0.757763 0.532799 0.31533 0.27356 0.00273609
0 0.622252 0.704806 0.188696 0.158995 0.00250574
0 0.571677 0.977164 0.384296 0.0456717 0.00250399
0 0.118724 0.0231065 0.226173 0.0462129 0.00250148
0 0.129532 0.0287736 0.259065 0.0575472 0.00247741
0 0.0205062 0.783244 0.0410125 0.334269 0.00245958
0 0.509767 0.676487 0.441853 0.501099 0.00242804
0 0.860965 0.0233725 0.274994 0.0467027 0.00242087
0 0.0395913 0.812289 0.0790525 0.375423 0.00236614
0 0.175979 0.041863 0.13153 0.0832221 0.00231085
0 0.587222 0.0328525 0.14868 0.0654511 0.00224745
0 0.475143 0.0481765 0.25791 0.096353 0.00214017
0 0.0619813 0.987223 0.123963 0.0255427 0.0021355
0 0.583312 0.0487606 0.457903 0.0973135 0.0020823
0 0.581628 0.744948 0.272898 0.343413 0.0020586
0 0.0240862 0.820972 0.0481724 0.358056 0.00203048
0 0.0411293 0.186805 0.0820844 0.37361 0.00192924
0 0.957106 0.693062 0.0857379 0.29152 0.00192006
0 0.225986 0.950486 0.277492 0.0990285 0.00169613
0 0.0294076 0.798459 0.0588151 0.403081 0.00162665
0 0.705518 0.0392909 0.402666 0.0785819 0.00161867
0 0.629929 0.674277 0.193348 0.189423 0.0015867
0 0.617444 0.0826394 0.765113 0.165279 0.00157414
0 0.96067 0.640349 0.0783677 0.322662 0.00151413
0 0.598722 0.975452 0.244999 0.0490968 0.00150248
0 0.949429 0.689633 0.101142 0.512929 0.0014908
0 0.585841 0.0763237 0.486362 0.152647 0.00147942
0 0.853068 0.0317791 0.290633 0.0635583 0.00147182
0 0.0637306 0.979618 0.127461 0.0407649 0.00143802
0 0.137536 0.0408882 0.275073 0.0817765 0.00142926
0 0.0534351 0.993054 0.10687 0.0138476 0.00139794
0 0.124603 0.876844 0.239 0.234173 0.00133416
0 0.617166 0.984253 0.133335 0.0314933 0.0012705
0 0.197974 0.917801 0.317079 0.164397 0.00126808
0 0.764662 0.0289107 0.470677 0.0578214 0.0012438
0 0.100881 0.802771 0.200852 0.394458 0.0012233
0 0.227381 0.92784 0.21936 0.14432 0.00119142
0 0.0530391 0.167019 0.106078 0.334039 0.00116992
0 0.70526 0.985724 0.174373 0.0284873 0.00116972
0 0.877725 0.014157 0.24455 0.028314 0.00116859
0 0.0516038 0.983405 0.102892 0.0331907 0.00116801
0 0.74567 0.020997 0.397347 0.041994 0.00115722
0 0.695588 0.0254662 0.358171 0.0509324 0.00115359
0 0.226587 0.943538 0.191993 0.109378 0.00109338
0 0.674779 0.0194541 0.300017 0.0389082 0.001078
0 0.305959 0.974492 0.20054 0.0510067 0.00106945
0 0.0169154 0.817629 0.0338308 0.352319 0.00106758
0 0.839013 0.0205467 0.321974 0.0410425 0.00105692
0 0.190184 0.0329886 0.157865 0.0657745 0.00105622
0 0.182443 0.988594 0.207619 0.0228111 0.00105421
0 0.176834 0.0354608 0.353668 0.0709216 0.00103985
0 0.0807546 0.97261 0.161509 0.0546113 0.00103654
0 0.587639 0.0364893 0.427718 0.0729785 0.00102872
0 0.232334 0.746916 0.460234 0.450799 0.00101372
0 0.171383 0.0228924 0.157226 0.0455498 0.00101002
0 0.963753 0.636436 0.0724946 0.458848 0.0010081
