0 0.583976 0.576408 0.10676 0.148627 0.596425
0 0.57206 0.574383 0.143584 0.169856 0.401937
0 0.498395 0.588711 0.140308 0.168464 0.0188915
0 0.47437 0.598686 0.144133 0.173837 0.0163868
0 0.86499 0.473135 0.13038 0.149017 0.0128305
0 0.686345 0.536421 0.106078 0.114932 0.0114074
0 0.0483565 0.963026 0.0967131 0.0737889 0.0101948
0 0.0696001 0.955833 0.1392 0.088269 0.00968589
0 0.54943 0.590096 0.202324 0.203847 0.00913753
0 0.959186 0.337871 0.0816288 0.184131 0.00376421
0 0.0987554 0.966616 0.197511 0.0667689 0.00349253
0 0.684702 0.535366 0.143638 0.151562 0.00281109
0 0.968863 0.32805 0.062072 0.231997 0.00279587
0 0.505077 0.595681 0.188292 0.200992 0.00279178
0 0.541011 0.610787 0.256151 0.275044 0.00247037
0 0.55215 0.653389 0.255508 0.333028 0.0021867
0 0.0546008 0.98034 0.109202 0.0391495 0.00206357
0 0.507914 0.0241774 0.406664 0.0483547 0.00187981
0 0.96365 0.329793 0.072623 0.29977 0.00181543
0 0.118958 0.975151 0.237917 0.0495262 0.00167782
0 0.976078 0.312195 0.0477097 0.23765 0.00156478
0 0.0698881 0.79933 0.113654 0.117428 0.00155238
0 0.851061 0.491967 0.0897155 0.102893 0.00154724
0 0.0470463 0.982062 0.0940925 0.0358765 0.0014614
0 0.0213726 0.388922 0.0426961 0.357456 0.00142431
0 0.957135 0.371404 0.0857304 0.21087 0.00137754
0 0.656659 0.554891 0.183079 0.183814 0.00132705
0 0.693113 0.617492 0.563055 0.568587 0.00128265
0 0.57676 0.576116 0.206969 0.216143 0.00127698
0 0.0498316 0.956491 0.0996632 0.087019 0.00125214
0 0.0658505 0.781893 0.126103 0.161207 0.00117874
0 0.446607 0.0241586 0.23543 0.048035 0.00116482
0 0.949047 0.297028 0.101642 0.48914 0.00113683
0 0.96502 0.390418 0.0697777 0.364567 0.00113404
0 0.0393303 0.911627 0.0785325 0.176712 0.00110475
0 0.479672 0.0152111 0.234146 0.0304222 0.00110333
0 0.594043 0.655978 0.337028 0.396918 0.00110141
0 0.0325813 0.363742 0.0651626 0.45764 0.00104821
0 0.976375 0.269473 0.047204 0.338505 0.00103668
0 0.838145 0.0188281 0.32371 0.0376561 0.00103136
0 0.0505657 0.974991 0.101107 0.0496043 0.00102342
0 0.543348 0.529144 0.249665 0.300128 0.00100739
