0 0.493304 0.498377 0.178621 0.154984 0.100612
0 0.840001 0.970612 0.278086 0.0585394 0.0865836
0 0.979725 0.46886 0.0405507 0.147989 0.0693684
0 0.975213 0.472632 0.0495744 0.193513 0.0515217
0 0.97163 0.475679 0.0567207 0.25401 0.0273012
0 0.984605 0.467707 0.0306472 0.118318 0.0267565
0 0.964499 0.497962 0.0707827 0.298808 0.010451
0 0.972012 0.536298 0.0559369 0.259275 0.00726991
0 0.983564 0.466759 0.0328584 0.185785 0.0056466
0 0.851989 0.977816 0.296022 0.0442493 0.00491787
0 0.0098942 0.509913 0.0197884 0.185284 0.0046207
0 0.00637603 0.512363 0.0127279 0.128316 0.00424507
0 0.964766 0.556354 0.0704677 0.30759 0.00294856
0 0.779666 0.970071 0.360938 0.059406 0.00289824
0 0.842499 0.980246 0.171964 0.0395082 0.00257028
0 0.469946 0.987313 0.162605 0.0252926 0.00182348
0 0.0188428 0.301099 0.0375305 0.228148 0.00159476
0 0.450827 0.976246 0.379483 0.0475073 0.00152281
0 0.986706 0.48395 0.0265108 0.155751 0.00146749
0 0.76199 0.978407 0.3661 0.0429857 0.00130881
0 0.675512 0.975094 0.329697 0.0498117 0.00128617
0 0.452816 0.983006 0.347994 0.0338051 0.00121173
0 0.113154 0.983168 0.225862 0.0336419 0.00116437
0 0.944574 0.642934 0.110798 0.493866 0.00113627
0 0.124587 0.975594 0.249175 0.0488037 0.001129
0 0.12205 0.966596 0.243448 0.0668072 0.00108912
0 0.474311 0.969249 0.37969 0.0615014 0.00108193
0 0.490828 0.503273 0.205895 0.195207 0.00101755
