0 0.912454 0.833638 0.15318 0.182249 0.795635
0 0.589566 0.527296 0.123798 0.168065 0.757213
0 0.449416 0.552558 0.147143 0.179874 0.142923
0 0.587439 0.529092 0.168178 0.205356 0.10505
0 0.519402 0.538541 0.263115 0.191382 0.0688853
0 0.48164 0.547153 0.210494 0.189785 0.0288079
0 0.0453926 0.45 0.0907261 0.269757 0.016709
0 0.449011 0.553376 0.179675 0.21388 0.0152468
0 0.495145 0.548889 0.281844 0.233151 0.00745174
0 0.899995 0.832684 0.200009 0.226507 0.00578201
0 0.0392727 0.452278 0.0785454 0.200517 0.00506766
0 0.503092 0.981304 0.173441 0.0373924 0.00475847
0 0.505788 0.979946 0.243114 0.0400993 0.00262657
0 0.0895475 0.0251296 0.17872 0.0502592 0.00202141
0 0.49752 0.986781 0.148652 0.0263342 0.00202063
0 0.501224 0.990629 0.159873 0.0186856 0.00187725
0 0.501701 0.974419 0.210332 0.0508554 0.00182216
0 0.127223 0.0239857 0.252624 0.0478562 0.00147856
0 0.147164 0.0136942 0.264652 0.0273518 0.00144974
0 0.53284 0.976024 0.384575 0.0477152 0.00138473
0 0.0296027 0.45282 0.0592054 0.264377 0.00137244
0 0.489863 0.971837 0.353696 0.0562472 0.00136868
0 0.0959841 0.0356518 0.191549 0.0713035 0.00124363
0 0.0291825 0.447799 0.058365 0.17931 0.00118786
0 0.153921 0.815571 0.307842 0.368858 0.00114625
0 0.171016 0.0189922 0.342032 0.0379845 0.0011392
0 0.0709055 0.0392409 0.141811 0.0784817 0.00111006
0 0.465199 0.981897 0.363731 0.0361607 0.0010846
0 0.536438 0.982252 0.345677 0.0354421 0.00104485
0 0.114226 0.0137298 0.228452 0.0274323 0.00104241
