0 0.62193 0.219701 0.418913 0.431698 0.936242
0 0.800623 0.98668 0.135623 0.0266405 0.10792
0 0.808327 0.980457 0.194993 0.039085 0.0368645
0 0.792281 0.987479 0.1005 0.0250345 0.0145249
0 0.812624 0.988685 0.19842 0.0226299 0.0134698
0 0.7987 0.984158 0.234164 0.031685 0.0102652
0 0.792671 0.973923 0.313766 0.0521532 0.00904479
0 0.829563 0.97884 0.324709 0.0423057 0.00802385
0 0.750241 0.984282 0.352096 0.03139 0.00345245
0 0.800763 0.992225 0.122971 0.015551 0.00334466
0 0.846686 0.984094 0.306629 0.0318114 0.00293489
0 0.0237426 0.946988 0.0474851 0.106024 0.00265551
0 0.0355982 0.953948 0.0710436 0.0921047 0.002541
0 0.0608028 0.945733 0.121606 0.108534 0.00238673
0 0.743124 0.979141 0.394254 0.041719 0.00217741
0 0.0564517 0.922407 0.112903 0.155186 0.00204412
0 0.0434503 0.933862 0.0867721 0.132066 0.00153115
0 0.847696 0.989513 0.211691 0.0209732 0.00135966
0 0.816863 0.967982 0.366275 0.0640363 0.00133499
0 0.0895179 0.924456 0.179036 0.151088 0.00111617
0 0.772422 0.986116 0.186045 0.0277534 0.00111141
