0 0.508013 0.512436 0.263618 0.215197 0.83137
0 0.498948 0.507414 0.325922 0.306397 0.0672948
0 0.316728 0.963342 0.317096 0.0732878 0.0199293
0 0.0534726 0.530085 0.106945 0.353362 0.0159785
0 0.288234 0.888677 0.576468 0.222646 0.0116102
0 0.381031 0.967021 0.395554 0.0654941 0.00659684
0 0.0629239 0.525786 0.125847 0.567586 0.00577681
0 0.044262 0.491116 0.0885241 0.367394 0.00523488
0 0.24946 0.0511549 0.164611 0.10231 0.00456717
0 0.394777 0.979826 0.3765 0.0401237 0.00380798
0 0.258013 0.967803 0.392595 0.0643535 0.0034426
0 0.276019 0.957228 0.344037 0.0852847 0.00343277
0 0.73479 0.98442 0.336904 0.0309424 0.0028152
0 0.292237 0.0537278 0.258301 0.107456 0.00272676
0 0.0162891 0.920627 0.0325449 0.153001 0.00254878
0 0.328921 0.0466526 0.368081 0.0933053 0.00247049
0 0.95374 0.50128 0.0925191 0.302093 0.00226981
0 0.0354185 0.522478 0.0708371 0.410582 0.00218473
0 0.954202 0.41793 0.0915963 0.105301 0.00216272
0 0.72973 0.978676 0.39483 0.0425498 0.00203728
0 0.32213 0.0274981 0.354559 0.0549963 0.00203631
0 0.710312 0.988778 0.200398 0.0224434 0.0020291
0 0.4286 0.983749 0.337261 0.0323746 0.00201365
0 0.0212224 0.900467 0.0424449 0.199067 0.00184383
0 0.726323 0.967671 0.402966 0.0641971 0.00177979
0 0.0787534 0.0325677 0.157507 0.0650417 0.00174316
0 0.36132 0.833756 0.722639 0.332489 0.00170906
0 0.361891 0.957209 0.277699 0.0855827 0.00169103
0 0.656413 0.90628 0.157339 0.148563 0.00166581
0 0.0838192 0.517959 0.167439 0.65583 0.00154032
0 0.245067 0.978148 0.35695 0.0435615 0.00139671
0 0.206947 0.97251 0.395773 0.0548103 0.00139082
0 0.267212 0.842972 0.531328 0.314057 0.00138006
0 0.165322 0.0285434 0.330645 0.0570867 0.0013649
0 0.0949344 0.950683 0.189869 0.0986336 0.0013289
0 0.654305 0.0472926 0.602177 0.0945853 0.00131478
0 0.0355546 0.91412 0.0709693 0.171286 0.00131058
0 0.215063 0.0270888 0.430125 0.0541776 0.00124758
0 0.0385863 0.456978 0.0771725 0.515189 0.00119357
0 0.391967 0.0550676 0.559935 0.110135 0.00117366
0 0.0484976 0.902502 0.0968617 0.194997 0.00116636
0 0.17895 0.150491 0.35743 0.300983 0.00116528
0 0.113144 0.0331732 0.224919 0.0662248 0.00116007
0 0.945386 0.491743 0.109155 0.409073 0.00115552
0 0.31759 0.0606005 0.439428 0.121201 0.00112996
0 0.323987 0.972649 0.147025 0.0547017 0.00112829
0 0.213953 0.956101 0.347287 0.0877757 0.00110589
0 0.260817 0.0420834 0.331381 0.0841669 0.00109552
0 0.0268787 0.471118 0.0536786 0.405392 0.00107174
0 0.853506 0.968213 0.292988 0.0627654 0.00106017
0 0.0692832 0.418996 0.138274 0.786435 0.00105915
0 0.655205 0.907873 0.205026 0.183055 0.00105774
0 0.0841391 0.0471911 0.168208 0.0941078 0.0010228
0 0.962314 0.516135 0.0753723 0.241679 0.00102137
0 0.0228415 0.876198 0.045683 0.247604 0.00100882
0 0.352704 0.0176884 0.324194 0.0353767 0.00100478
0 0.982804 0.2378 0.0343924 0.289519 0.00100049
