0 0.401137 0.56599 0.802275 0.868021 0.00707071
0 0.958886 0.321843 0.0822273 0.16184 0.00598508
0 0.208171 0.966699 0.357325 0.0666018 0.00389127
0 0.130632 0.071797 0.261263 0.143162 0.0038387
0 0.0903579 0.0419439 0.180716 0.0838689 0.00383259
0 0.951905 0.284662 0.09619 0.247244 0.00376208
0 0.115066 0.0540483 0.230133 0.108097 0.00370467
0 0.118791 0.0358019 0.237069 0.0716039 0.00322596
0 0.215953 0.980625 0.29079 0.0386928 0.00315546
0 0.897931 0.948021 0.202454 0.103869 0.00285224
0 0.139513 0.0976816 0.279026 0.194625 0.00281812
0 0.112389 0.0246099 0.224727 0.0492011 0.00269474
0 0.9507 0.333956 0.0985995 0.188853 0.00255952
0 0.215642 0.975656 0.337226 0.048651 0.00240429
0 0.184362 0.0756591 0.368096 0.151318 0.00212928
0 0.908914 0.963382 0.181282 0.0731717 0.00185897
0 0.635322 0.657548 0.307723 0.268645 0.0017981
0 0.700022 0.662555 0.17934 0.168503 0.00179534
0 0.0810285 0.0876163 0.162057 0.174954 0.00179021
0 0.173601 0.0344423 0.347201 0.0688847 0.00175766
0 0.966813 0.386293 0.0662767 0.471579 0.00172852
0 0.618851 0.692059 0.33818 0.350958 0.00163697
0 0.0859236 0.0115101 0.171847 0.0230203 0.00149936
0 0.847288 0.975844 0.305424 0.0483112 0.00145145
0 0.0721912 0.0177463 0.143696 0.0352294 0.00140272
0 0.862575 0.982784 0.274849 0.0344312 0.00134345
0 0.148693 0.0185115 0.297385 0.0370229 0.00134199
0 0.161441 0.027004 0.322881 0.0538328 0.00131155
0 0.943389 0.239016 0.113221 0.343745 0.00114434
0 0.2686 0.968122 0.384927 0.063475 0.00109699
0 0.22529 0.028118 0.450581 0.0562361 0.00108821
0 0.198292 0.0541095 0.396583 0.108219 0.00106824
0 0.200458 0.957344 0.242827 0.0853121 0.00106118
0 0.97577 0.383986 0.0484591 0.412867 0.00105289
0 0.879297 0.977867 0.240084 0.044265 0.00105098
0 0.951546 0.382506 0.0969077 0.330825 0.00104659
0 0.0529973 0.0499465 0.105995 0.09966 0.0010438
0 0.879191 0.967272 0.23979 0.0648296 0.00100269
