0 0.46663 0.493372 0.23718 0.175201 0.542634
0 0.471084 0.473347 0.265367 0.227375 0.161231
0 0.780727 0.217141 0.234771 0.194657 0.0373654
0 0.47202 0.473897 0.322249 0.304314 0.0310933
0 0.102939 0.989178 0.205879 0.0216264 0.0222922
0 0.103741 0.993182 0.177469 0.0136358 0.0148935
0 0.114437 0.982589 0.22158 0.0348226 0.0082955
0 0.0796012 0.99305 0.159202 0.0138826 0.00587021
0 0.129168 0.977679 0.258336 0.0446414 0.00513399
0 0.0837573 0.989037 0.167515 0.0218688 0.00357504
0 0.0635555 0.0274654 0.12682 0.0549308 0.0031241
0 0.102534 0.968177 0.205068 0.0636464 0.00312149
0 0.411214 0.0239153 0.320173 0.0478306 0.0028138
0 0.382547 0.0175367 0.316419 0.0350733 0.00267112
0 0.138083 0.984084 0.276166 0.0318314 0.00256953
0 0.775986 0.213206 0.272813 0.249724 0.00254079
0 0.0392501 0.0361822 0.0784093 0.0721608 0.00234814
0 0.0606623 0.961941 0.121285 0.0760396 0.00220656
0 0.951089 0.79945 0.0978224 0.401099 0.00192926
0 0.054591 0.0486387 0.109182 0.0970242 0.00189653
0 0.894863 0.0744515 0.210275 0.148453 0.00185404
0 0.0737408 0.0410276 0.147031 0.081952 0.00183594
0 0.0465118 0.953995 0.0927452 0.0920081 0.0018332
0 0.337082 0.015839 0.326739 0.0316779 0.00181347
0 0.0527593 0.985575 0.105519 0.0288498 0.00168243
0 0.566244 0.0250547 0.517272 0.0501094 0.00167213
0 0.0476979 0.0860712 0.0953958 0.172142 0.00163465
0 0.158027 0.96749 0.316053 0.0650209 0.00159029
0 0.263267 0.0235611 0.372188 0.0471222 0.00147558
0 0.115352 0.951682 0.230647 0.0966356 0.00147371
0 0.170529 0.978328 0.341057 0.0433447 0.00143055
0 0.650415 0.981419 0.339775 0.0371196 0.00137451
0 0.0817612 0.956289 0.163522 0.0874227 0.00135237
0 0.0580788 0.931033 0.116087 0.137935 0.00134186
0 0.857416 0.076571 0.285168 0.153142 0.00131447
0 0.339375 0.0232721 0.374585 0.0465443 0.00130329
0 0.282197 0.640904 0.188016 0.188866 0.00127694
0 0.785103 0.211647 0.197385 0.158189 0.00124634
0 0.193524 0.75161 0.385469 0.447817 0.00120085
0 0.0937783 0.079298 0.18638 0.158596 0.00118174
0 0.430598 0.034751 0.369728 0.0692404 0.00118153
0 0.24222 0.671967 0.48444 0.656065 0.00117509
0 0.441665 0.0165424 0.339908 0.0330848 0.00116946
0 0.199622 0.0232843 0.363226 0.0465548 0.0011042
0 0.648133 0.976788 0.392936 0.0464236 0.00109263
0 0.116687 0.0298156 0.231485 0.0595103 0.0010687
0 0.135387 0.988888 0.20513 0.0222237 0.00106156
0 0.851793 0.0483211 0.296414 0.0966422 0.00104328
0 0.345431 0.0128473 0.207993 0.0256946 0.00103772
0 0.156339 0.785434 0.312678 0.429132 0.00100239
