0 0.470287 0.376742 0.193591 0.205606 0.927968
0 0.466031 0.372816 0.243368 0.24297 0.740116
0 0.66806 0.267704 0.121572 0.117919 0.208225
0 0.202787 0.923265 0.18882 0.152803 0.102789
0 0.464964 0.370323 0.294528 0.295864 0.0639077
0 0.0106939 0.326522 0.0212029 0.129565 0.0556111
0 0.00635639 0.330546 0.0125802 0.0967133 0.0458762
0 0.107939 0.528664 0.215878 0.431751 0.0234502
0 0.991174 0.281389 0.0175836 0.115186 0.0227601
0 0.987978 0.283078 0.0240151 0.146198 0.0185979
0 0.0361567 0.945304 0.0723135 0.109392 0.0170268
0 0.116424 0.485106 0.232849 0.57879 0.0163606
0 0.0122684 0.322147 0.0245264 0.193446 0.0147577
0 0.0815419 0.592259 0.163084 0.196967 0.0142334
0 0.0408839 0.92914 0.0815014 0.14172 0.013411
0 0.0226265 0.343708 0.0451243 0.264887 0.0117492
0 0.016041 0.346213 0.032082 0.238769 0.0113366
0 0.0574704 0.569751 0.114541 0.248705 0.0109905
0 0.0106577 0.350328 0.0211337 0.199795 0.0109314
0 0.0100845 0.414002 0.020169 0.168552 0.00948856
0 0.0259165 0.354007 0.051593 0.332716 0.00911882
0 0.127819 0.0611253 0.148084 0.122251 0.00838374
0 0.505642 0.737822 0.0945998 0.0841436 0.00794402
0 0.12991 0.606025 0.258712 0.739837 0.00788967
0 0.0621664 0.928334 0.123246 0.143333 0.00772985
0 0.173094 0.66082 0.124094 0.129256 0.00737906
0 0.163419 0.794669 0.326839 0.410662 0.00678862
0 0.0765041 0.533483 0.153008 0.380808 0.00633215
0 0.925521 0.00704684 0.116966 0.01405 0.00578841
0 0.786308 0.529785 0.147933 0.149298 0.00564727
0 0.00643744 0.341424 0.0128749 0.147063 0.00549062
0 0.927739 0.0115077 0.144521 0.0230154 0.00545173
0 0.0741469 0.913132 0.148294 0.173735 0.00532309
0 0.14811 0.917584 0.29622 0.164832 0.00527057
0 0.00628077 0.309931 0.0125615 0.139938 0.00502877
0 0.992499 0.264713 0.0150023 0.138173 0.00501689
0 0.0143695 0.278145 0.0287389 0.251217 0.0049859
0 0.99293 0.316192 0.014141 0.159319 0.00497921
0 0.00675897 0.413493 0.0135126 0.139999 0.00488658
0 0.615657 0.938959 0.130673 0.120146 0.00458257
0 0.560782 0.106305 0.144045 0.150883 0.00447309
0 0.0218559 0.297983 0.0437118 0.267453 0.00438636
0 0.0234676 0.96692 0.0469351 0.0660388 0.00427461
0 0.0749552 0.37783 0.149431 0.721895 0.00416272
0 0.139852 0.490212 0.279704 0.728219 0.0040989
0 0.0076685 0.438685 0.015337 0.141096 0.00404481
0 0.0111682 0.438834 0.0222394 0.180003 0.00395068
0 0.786344 0.542652 0.12327 0.123324 0.00394719
0 0.87961 0.885987 0.240779 0.228026 0.00393085
0 0.570776 0.0165062 0.215866 0.0330124 0.00381801
0 0.856824 0.0387531 0.0990052 0.0775062 0.0038165
0 0.895724 0.0331962 0.186011 0.0663925 0.00367815
0 0.0103677 0.301278 0.0207355 0.189584 0.00366297
0 0.984016 0.281162 0.031968 0.179572 0.00328199
0 0.756931 0.918778 0.193118 0.162443 0.00327106
0 0.66991 0.269123 0.160315 0.159725 0.00310222
0 0.148671 0.866657 0.297343 0.266685 0.00303266
0 0.891769 0.139833 0.216462 0.279097 0.00297854
0 0.907938 0.0185729 0.183621 0.037141 0.00297775
0 0.175835 0.70054 0.351601 0.598921 0.00292226
0 0.90984 0.301467 0.122818 0.0996003 0.00290659
0 0.0105596 0.0599667 0.0211192 0.119933 0.00290525
0 0.982831 0.303327 0.0343373 0.244788 0.00290201
0 0.153104 0.657305 0.152536 0.138915 0.0028754
0 0.189306 0.190353 0.131208 0.144093 0.00271613
0 0.054919 0.61563 0.109689 0.176654 0.00271043
0 0.612986 0.0200674 0.250523 0.0401348 0.00266181
0 0.829795 0.881441 0.34041 0.237118 0.00262666
0 0.572085 0.023473 0.275287 0.046946 0.00256039
0 0.788278 0.507933 0.164627 0.196288 0.00251789
0 0.169361 0.584909 0.338721 0.830181 0.00251491
0 0.49617 0.532657 0.120438 0.121754 0.0024394
0 0.97714 0.282502 0.0457208 0.251634 0.00238831
0 0.797516 0.82754 0.105778 0.0899508 0.00238313
0 0.038 0.563811 0.0760001 0.329409 0.00233586
0 0.986405 0.257881 0.0271892 0.175573 0.00232248
0 0.0301005 0.591837 0.0602011 0.205319 0.00228369
0 0.21439 0.777041 0.424773 0.445917 0.00226984
0 0.507701 0.750995 0.107744 0.117031 0.00220769
0 0.258957 0.017692 0.177182 0.0352394 0.0022048
0 0.627829 0.0239755 0.304175 0.0479509 0.00216599
0 0.031117 0.316921 0.0622339 0.300838 0.00215534
0 0.0316244 0.972669 0.0632487 0.0544429 0.00201325
0 0.0987374 0.590567 0.197475 0.294085 0.00196688
0 0.0219755 0.928473 0.0437994 0.143054 0.00196359
0 0.430501 0.0904613 0.26014 0.180923 0.00195206
0 0.501381 0.736702 0.0868368 0.0645596 0.00191549
0 0.0290295 0.537634 0.0580591 0.346644 0.00190602
0 0.590411 0.0199042 0.397333 0.039738 0.00190243
0 0.0374064 0.642822 0.0747378 0.196949 0.00189626
0 0.987429 0.298227 0.0250098 0.211432 0.00186714
0 0.891563 0.719044 0.1201 0.115279 0.00178386
0 0.0147321 0.43852 0.0294642 0.22948 0.00173536
0 0.366227 0.303172 0.496374 0.518695 0.00173501
0 0.570657 0.0338564 0.331397 0.0675532 0.00173153
0 0.0200865 0.567016 0.0401729 0.261222 0.00173062
0 0.739726 0.914859 0.407965 0.170282 0.00170608
0 0.00669399 0.0533905 0.013388 0.106781 0.00169333
0 0.11826 0.631992 0.23652 0.265849 0.00168745
0 0.450084 0.243189 0.900167 0.486377 0.00165298
0 0.20082 0.962541 0.196988 0.0748374 0.00164072
0 0.046329 0.893302 0.092658 0.213396 0.0016407
0 0.034915 0.91416 0.0697351 0.171681 0.00162859
0 0.439669 0.157815 0.879338 0.315631 0.00162466
0 0.0104608 0.241767 0.0209216 0.18791 0.00160204
0 0.0166272 0.459661 0.0332545 0.299215 0.00159291
0 0.688436 0.0163627 0.239682 0.0327254 0.00157288
0 0.593084 0.602991 0.813833 0.794019 0.00156558
0 0.0762614 0.724179 0.144691 0.122058 0.00154308
0 0.0200969 0.960177 0.0401937 0.0796468 0.00153773
0 0.128778 0.0421147 0.141947 0.0842293 0.00150253
0 0.918292 0.305358 0.158728 0.11711 0.00149082
0 0.929125 0.65457 0.056319 0.052847 0.00147767
0 0.90172 0.305376 0.0971611 0.0834116 0.00147729
0 0.96742 0.291652 0.0650084 0.200813 0.00147469
0 0.139791 0.682378 0.188526 0.182978 0.0014712
0 0.893357 0.764762 0.178719 0.233712 0.00146499
0 0.549496 0.0119265 0.139696 0.023853 0.00142723
0 0.601654 0.101059 0.215013 0.168499 0.00142321
0 0.88582 0.044738 0.180625 0.089476 0.00142258
0 0.991867 0.126337 0.0162504 0.135798 0.0014084
0 0.473434 0.121034 0.390375 0.241821 0.0014004
0 0.98381 0.091573 0.0323807 0.180895 0.00135526
0 0.658259 0.265103 0.102528 0.0974075 0.00134499
0 0.0224152 0.631273 0.0448304 0.171564 0.00134416
0 0.649049 0.167813 0.348511 0.335626 0.00132892
0 0.465466 0.44813 0.26396 0.366864 0.00132636
0 0.326798 0.328471 0.257741 0.369907 0.00132165
0 0.657415 0.102624 0.347563 0.204945 0.00131198
0 0.0152783 0.0816749 0.0305565 0.162716 0.00129199
0 0.84529 0.639897 0.309421 0.350271 0.00129156
0 0.792288 0.815963 0.120274 0.113562 0.00128217
0 0.628587 0.703509 0.742825 0.592982 0.00128191
0 0.510937 0.0176196 0.295476 0.0352391 0.00126987
0 0.0234454 0.665341 0.0468424 0.198528 0.00126548
0 0.0152715 0.568064 0.0305429 0.180029 0.00126431
0 0.0700482 0.986224 0.140096 0.0275513 0.00125657
0 0.249999 0.0339496 0.195121 0.0678992 0.00124971
0 0.730647 0.944412 0.220201 0.110256 0.00123844
0 0.636276 0.946748 0.179918 0.106504 0.0012326
0 0.509926 0.143002 0.634983 0.286004 0.00120522
0 0.791704 0.834725 0.124379 0.112779 0.00119784
0 0.162617 0.0430694 0.0941151 0.0861389 0.00119624
0 0.0952445 0.989339 0.190489 0.0213211 0.0011912
0 0.219298 0.946734 0.157784 0.10595 0.00119063
0 0.011222 0.08601 0.022444 0.17202 0.00118794
0 0.0738358 0.989035 0.147672 0.0218714 0.00117883
0 0.0306319 0.640945 0.0611308 0.252533 0.00116845
0 0.0358438 0.259345 0.0716876 0.369958 0.00116826
0 0.133638 0.507559 0.200194 0.232918 0.00116572
0 0.0130826 0.036168 0.0260394 0.0717927 0.001163
0 0.221632 0.662125 0.443264 0.67575 0.00116271
0 0.533031 0.0260905 0.307499 0.052181 0.00116158
0 0.264802 0.0240574 0.212353 0.0480969 0.00115244
0 0.102502 0.072657 0.197527 0.145314 0.00114576
0 0.0484788 0.500771 0.0969575 0.451698 0.00113951
0 0.931866 0.297069 0.108129 0.10069 0.0011389
0 0.0137139 0.393121 0.0273465 0.261582 0.00113856
0 0.47287 0.518517 0.170659 0.121703 0.00112203
0 0.991686 0.0565933 0.016566 0.0933039 0.00110603
0 0.179827 0.446073 0.359653 0.848118 0.00109935
0 0.178758 0.924211 0.0970492 0.102342 0.00109777
0 0.0174201 0.649987 0.0348402 0.184462 0.00108757
0 0.274702 0.0184807 0.119878 0.0369614 0.0010816
0 0.585426 0.0284014 0.43318 0.0568029 0.00107556
0 0.536623 0.446131 0.36569 0.423704 0.00107514
0 0.171167 0.676129 0.163032 0.17543 0.00107436
0 0.988167 0.055337 0.0235363 0.110674 0.00107399
0 0.0831369 0.736284 0.163166 0.156541 0.0010614
0 0.761495 0.826893 0.17916 0.142654 0.00105646
0 0.975013 0.324332 0.0499743 0.312532 0.00104463
0 0.0241766 0.460628 0.0483533 0.350018 0.00104276
0 0.0199627 0.0269888 0.0399254 0.0539776 0.00103195
0 0.511771 0.41444 0.28218 0.37041 0.00103133
0 0.124643 0.0253982 0.146529 0.0507613 0.0010288
0 0.895055 0.98241 0.191317 0.0350554 0.00102689
0 0.0124329 0.0493472 0.0248658 0.0986943 0.00102166
0 0.191586 0.196052 0.166541 0.168625 0.00102013
0 0.856791 0.157904 0.286417 0.314567 0.00100814
0 0.687842 0.025679 0.30352 0.0512833 0.00100782
0 0.107543 0.934432 0.215085 0.131136 0.00100311
