0 0.377164 0.0103649 0.16754 0.020651 0.240637
0 0.374974 0.0163552 0.216103 0.0327104 0.133599
0 0.374919 0.0230201 0.261661 0.0460403 0.0913238
0 0.172446 0.731298 0.34444 0.528769 0.0809906
0 0.358241 0.0157138 0.317566 0.0313847 0.0663264
0 0.385171 0.0344033 0.325147 0.0686099 0.0645315
0 0.101273 0.546654 0.202546 0.271306 0.0386111
0 0.349505 0.0229797 0.375707 0.045895 0.038247
0 0.350582 0.0124561 0.208495 0.0249122 0.0365451
0 0.405408 0.0470601 0.43539 0.0935091 0.021101
0 0.0210803 0.283239 0.0421606 0.201188 0.0186268
0 0.0271664 0.284733 0.0543329 0.277336 0.0184949
0 0.423282 0.0255896 0.365709 0.0511793 0.0158767
0 0.34637 0.00891314 0.214621 0.0178263 0.0149773
0 0.435972 0.0557459 0.524613 0.111492 0.0145915
0 0.153115 0.643494 0.305716 0.495894 0.0106964
0 0.38508 0.00737946 0.166564 0.0147589 0.0104374
0 0.0191559 0.307868 0.0383117 0.285514 0.00837216
0 0.906156 0.949948 0.187521 0.0996109 0.0081848
0 0.416269 0.0287966 0.468099 0.0574337 0.00749588
0 0.950953 0.0436326 0.0980942 0.0872653 0.00530265
0 0.362898 0.0370628 0.441727 0.0741016 0.00526997
0 0.222112 0.682663 0.444224 0.634675 0.00511085
0 0.0362865 0.289388 0.0725731 0.305837 0.00501232
0 0.0199236 0.292674 0.039822 0.148338 0.00478861
0 0.752517 0.756515 0.210275 0.244223 0.00442996
0 0.907213 0.0628736 0.185574 0.125491 0.00401219
0 0.442552 0.0724678 0.689009 0.144588 0.00345802
0 0.929531 0.0490352 0.140939 0.0980704 0.00319183
0 0.122507 0.583045 0.244957 0.423841 0.00312417
0 0.94754 0.0640637 0.104807 0.127944 0.00306365
0 0.0253961 0.311425 0.0507923 0.4136 0.00299493
0 0.97549 0.0447375 0.0488786 0.089475 0.00271624
0 0.963448 0.0601817 0.0729163 0.120281 0.00244239
0 0.970818 0.0752817 0.0582827 0.150563 0.00238961
0 0.656382 0.0136839 0.252398 0.0273678 0.00238692
0 0.959452 0.0829778 0.0810964 0.165956 0.00223518
0 0.656773 0.00984837 0.206733 0.0196967 0.0022152
0 0.150971 0.173202 0.301809 0.345734 0.00218187
0 0.98092 0.0787369 0.0380967 0.157474 0.00208672
0 0.0357132 0.302546 0.0714263 0.492606 0.00205769
0 0.47493 0.0350725 0.4444 0.0701449 0.0019441
0 0.14647 0.116893 0.292941 0.233785 0.00190536
0 0.901568 0.925392 0.196632 0.149126 0.0018314
0 0.936247 0.940823 0.127507 0.118354 0.00182227
0 0.0998965 0.53778 0.199741 0.403924 0.00179265
0 0.876305 0.0822005 0.24739 0.164401 0.00176831
0 0.950031 0.0255982 0.0999372 0.0510982 0.00176637
0 0.88206 0.372318 0.235881 0.326243 0.0017541
0 0.965704 0.0394471 0.0685911 0.0788942 0.00173526
0 0.163432 0.731628 0.325983 0.367473 0.00157418
0 0.884955 0.120267 0.230091 0.240534 0.00154529
0 0.868292 0.0471921 0.263416 0.0943843 0.00153245
0 0.0728558 0.0281883 0.145564 0.0562918 0.00148662
0 0.922006 0.0927 0.155611 0.1854 0.00129496
0 0.0243831 0.886152 0.0487661 0.224608 0.00124402
0 0.646661 0.0199518 0.401888 0.0398643 0.00116701
0 0.0142705 0.897034 0.0285087 0.194772 0.00116259
0 0.0458039 0.0367821 0.0916079 0.0735517 0.00113288
0 0.633781 0.0290075 0.45563 0.0580149 0.00109895
0 0.35213 0.0605747 0.380826 0.119231 0.00108858
0 0.88387 0.963076 0.232259 0.0735924 0.00106047
0 0.964674 0.936517 0.0706513 0.126822 0.00105179
0 0.014795 0.35056 0.0295899 0.287963 0.00100121
