0 0.538468 0.378571 0.177759 0.190015 0.918065
0 0.534643 0.382741 0.21945 0.227691 0.647991
0 0.0285963 0.534944 0.0571725 0.100034 0.0237383
0 0.830889 0.719839 0.115658 0.136852 0.0194453
0 0.736457 0.0244511 0.223266 0.0489023 0.0188891
0 0.748419 0.0222646 0.166463 0.0444546 0.00951008
0 0.0299328 0.555306 0.0597452 0.149961 0.00648248
0 0.0311033 0.591661 0.0622067 0.285776 0.00455106
0 0.0334272 0.577027 0.0667829 0.208702 0.00426285
0 0.743437 0.0315431 0.250925 0.0630863 0.00410473
0 0.0290575 0.534815 0.058115 0.0932137 0.00396407
0 0.169663 0.981968 0.218199 0.0360646 0.00263648
0 0.764476 0.0205768 0.252516 0.0411536 0.00208533
0 0.708388 0.0255432 0.373513 0.0510864 0.00184236
0 0.197911 0.983594 0.190631 0.0328124 0.00169123
0 0.175057 0.988158 0.156187 0.023598 0.00166536
0 0.828556 0.720762 0.155941 0.163821 0.00152543
0 0.0197183 0.605327 0.0394271 0.300623 0.00141832
0 0.191024 0.977772 0.21328 0.0444556 0.0012943
0 0.828488 0.724917 0.0912516 0.116069 0.00125772
0 0.0150028 0.866494 0.0299163 0.152283 0.00125597
0 0.752909 0.0199234 0.128516 0.0398469 0.00115343
0 0.018275 0.872458 0.0364946 0.184502 0.00106643
0 0.174459 0.992331 0.141977 0.0153379 0.00104749
0 0.782819 0.0241665 0.333142 0.048333 0.00102831
