0 0.533047 0.197694 0.335188 0.252944 0.923669
0 0.6416 0.958816 0.170518 0.0823689 0.00704745
0 0.640809 0.971911 0.186198 0.0560231 0.00198957
0 0.0313611 0.917579 0.0626035 0.163679 0.00143953
0 0.0380363 0.900415 0.0760726 0.197469 0.00137998
0 0.0317962 0.95011 0.0633089 0.0997798 0.00127931
0 0.0318667 0.976637 0.0637334 0.0465877 0.00126136
0 0.0310556 0.992209 0.0621113 0.0155809 0.00113622
0 0.0460935 0.991367 0.0921871 0.0171763 0.00104795
0 0.038247 0.493716 0.076494 0.326643 0.00101871
