0 0.416873 0.185197 0.187429 0.176386 0.183351
0 0.388698 0.0504129 0.0837626 0.100653 0.056297
0 0.439684 0.13067 0.214801 0.261339 0.0490945
0 0.404728 0.0520017 0.123322 0.102895 0.0252289
0 0.437672 0.0538423 0.189776 0.10716 0.0163275
0 0.461275 0.060388 0.323815 0.120776 0.00751919
0 0.757671 0.119812 0.484658 0.239625 0.00600938
0 0.136205 0.152359 0.27241 0.304718 0.0047547
0 0.749653 0.433175 0.496689 0.427671 0.00464557
0 0.626202 0.144533 0.747596 0.28905 0.00417495
0 0.450176 0.0858979 0.340877 0.171726 0.00407467
0 0.438562 0.141513 0.295214 0.281085 0.00380374
0 0.497917 0.0668779 0.44613 0.133756 0.00353525
0 0.27469 0.330166 0.549379 0.660333 0.00277519
0 0.505167 0.0923978 0.477721 0.184796 0.00224782
0 0.448776 0.0693557 0.244802 0.138711 0.00219397
0 0.735659 0.522781 0.52369 0.600972 0.00187747
0 0.65116 0.969605 0.392432 0.0601737 0.00147404
0 0.854756 0.984536 0.279871 0.0309273 0.0014268
0 0.833983 0.118592 0.33129 0.237184 0.0012795
0 0.19903 0.162713 0.396036 0.325426 0.00124105
0 0.501056 0.137106 0.441826 0.274102 0.00120746
0 0.85729 0.0630272 0.285419 0.126054 0.00120199
0 0.40433 0.188429 0.242354 0.24362 0.00120146
0 0.0879501 0.380793 0.174853 0.243475 0.00119833
0 0.399156 0.157778 0.302015 0.315556 0.00119366
0 0.241026 0.887931 0.482053 0.224139 0.00113828
0 0.435692 0.168184 0.210072 0.179158 0.00112946
0 0.290086 0.725864 0.356169 0.238436 0.00111708
0 0.404956 0.117583 0.353576 0.235166 0.00105928
