0 0.588449 0.227311 0.308484 0.453443 0.856073
0 0.697065 0.257225 0.605871 0.514315 0.0299913
0 0.586124 0.303171 0.270164 0.317254 0.0270339
0 0.0907108 0.740081 0.172114 0.164232 0.0162053
0 0.594822 0.106346 0.330421 0.211248 0.0140561
0 0.116387 0.753386 0.124092 0.136847 0.0114331
0 0.0927508 0.765902 0.185502 0.24916 0.00570487
0 0.629818 0.235586 0.438723 0.468682 0.00468715
0 0.491794 0.981564 0.30837 0.0367852 0.00314167
0 0.90015 0.0116682 0.196104 0.0233363 0.00278712
0 0.911971 0.00730481 0.176057 0.0146096 0.00252733
0 0.489771 0.975422 0.361529 0.0491064 0.00218426
0 0.521891 0.970684 0.179798 0.0584958 0.00212338
0 0.50146 0.975457 0.234016 0.049086 0.00165437
0 0.49456 0.969095 0.270827 0.0614259 0.00165297
0 0.54742 0.972765 0.121414 0.0544697 0.00135203
0 0.982484 0.63891 0.0350326 0.331927 0.00112501
