0 0.647081 0.431934 0.293911 0.270653 0.688663
0 0.405586 0.347876 0.100806 0.105194 0.416073
0 0.646638 0.38962 0.291675 0.19843 0.390774
0 0.579055 0.552381 0.462765 0.560068 0.0643346
0 0.377987 0.336574 0.15495 0.122632 0.0424606
0 0.63769 0.520181 0.261806 0.138043 0.0279352
0 0.624206 0.983569 0.312598 0.0324788 0.0241023
0 0.435581 0.619554 0.805423 0.760891 0.021281
0 0.521731 0.62943 0.610976 0.741139 0.0160873
0 0.618463 0.977094 0.364358 0.045813 0.0104835
0 0.343638 0.332263 0.153009 0.128112 0.00862333
0 0.0348948 0.945241 0.069689 0.109448 0.00590106
0 0.584309 0.98189 0.199766 0.0361571 0.00583937
0 0.404967 0.340255 0.118372 0.135136 0.00460092
0 0.0287648 0.957687 0.0575273 0.0846257 0.00447723
0 0.64424 0.75155 0.277115 0.140563 0.00377901
0 0.316264 0.328323 0.0979044 0.128692 0.00369657
0 0.607117 0.444865 0.420697 0.347512 0.00362421
0 0.590503 0.977776 0.235846 0.0444485 0.00338693
0 0.650785 0.484462 0.283378 0.212514 0.00321619
0 0.15529 0.935938 0.122467 0.126893 0.00315585
0 0.620157 0.970731 0.30918 0.0582323 0.00314396
0 0.0430793 0.933619 0.0854774 0.132763 0.00248493
0 0.983523 0.140479 0.0329372 0.280958 0.00215348
0 0.573871 0.632066 0.441131 0.417769 0.00167688
0 0.970433 0.0963347 0.0588286 0.192669 0.00143993
0 0.951817 0.105133 0.0963668 0.210267 0.00142694
0 0.983892 0.179041 0.0322165 0.187026 0.00131184
0 0.983346 0.0927914 0.0333078 0.185583 0.00124266
0 0.57166 0.276525 0.791991 0.552639 0.0011246
0 0.981737 0.202846 0.0364947 0.317353 0.00103757
