0 0.499794 0.496292 0.285822 0.183086 0.684075
0 0.49559 0.500565 0.315591 0.240357 0.27531
0 0.548521 0.502891 0.206213 0.199266 0.0512021
0 0.869034 0.977316 0.261932 0.045325 0.0287074
0 0.497673 0.507716 0.371701 0.32176 0.0254514
0 0.856708 0.969531 0.286584 0.0609387 0.0213438
0 0.779467 0.00984603 0.174629 0.0196921 0.00713798
0 0.0228097 0.238313 0.0456193 0.39755 0.00655688
0 0.98873 0.811636 0.0224966 0.203207 0.00633769
0 0.0361974 0.234553 0.0723631 0.46665 0.00488034
0 0.783649 0.0138776 0.232006 0.0277327 0.00479239
0 0.972742 0.902006 0.0545155 0.195298 0.00423714
0 0.981411 0.818942 0.037178 0.362116 0.00408165
0 0.974702 0.901395 0.0505954 0.136932 0.00373039
0 0.820316 0.00959095 0.20624 0.0191291 0.00328244
0 0.0249019 0.271255 0.0498038 0.284652 0.0031643
0 0.974485 0.814098 0.0510299 0.371804 0.00304249
0 0.0252762 0.307346 0.0505524 0.414825 0.0022895
0 0.787999 0.0189548 0.353343 0.0379096 0.00227026
0 0.857616 0.0171819 0.284768 0.0343639 0.00201042
0 0.0302689 0.257866 0.0603781 0.334954 0.0019656
0 0.939024 0.660629 0.121953 0.431489 0.00190815
0 0.887511 0.0141665 0.224979 0.028322 0.00185456
0 0.0559433 0.240304 0.111887 0.480608 0.00181515
0 0.850673 0.0240461 0.298655 0.0480922 0.00176024
0 0.802121 0.0293315 0.378222 0.0586631 0.00163355
0 0.515886 0.9828 0.333662 0.0344003 0.00160323
0 0.785132 0.0364155 0.429735 0.072831 0.00159122
0 0.863488 0.011394 0.216246 0.022757 0.00157409
0 0.517401 0.975487 0.386043 0.0490252 0.00153515
0 0.523458 0.959696 0.345259 0.0804197 0.00135574
0 0.977671 0.882866 0.0446324 0.201682 0.00134351
0 0.845602 0.00734251 0.181374 0.0146468 0.00131866
0 0.896389 0.987388 0.203107 0.025223 0.00129798
0 0.832944 0.0137396 0.258581 0.0273886 0.00129138
0 0.645624 0.966782 0.406593 0.066108 0.00129044
0 0.741702 0.033597 0.376695 0.0670964 0.00124843
0 0.896165 0.0100328 0.207669 0.0199482 0.00124718
0 0.991573 0.815191 0.0168229 0.161054 0.00124539
0 0.0898804 0.0263048 0.179761 0.0526096 0.0012294
0 0.845016 0.0340271 0.309968 0.0680542 0.00121378
0 0.0150546 0.270356 0.0301091 0.308073 0.00121307
0 0.0363729 0.353372 0.0727458 0.581241 0.00118001
0 0.0263566 0.178634 0.0526929 0.313554 0.00117741
0 0.649747 0.981621 0.334063 0.0367564 0.00108684
0 0.65829 0.988999 0.209464 0.022001 0.00106438
0 0.810289 0.00731265 0.160723 0.0146253 0.00100758
