0 0.854545 0.703055 0.170702 0.16819 0.869805
0 0.856945 0.704084 0.22711 0.233818 0.546351
0 0.118467 0.388374 0.236935 0.776748 0.00873227
0 0.171967 0.350429 0.343933 0.698925 0.00603995
0 0.627202 0.069556 0.34936 0.138817 0.00506675
0 0.453987 0.0735532 0.614893 0.147027 0.00440811
0 0.283832 0.0581716 0.466155 0.116343 0.00388632
0 0.460737 0.100443 0.6472 0.200886 0.00373656
0 0.394912 0.184131 0.233837 0.215227 0.00332828
0 0.50839 0.0467501 0.414263 0.0935002 0.0032279
0 0.566064 0.0677986 0.570748 0.135597 0.00309539
0 0.567465 0.0649708 0.344189 0.129942 0.00306317
0 0.620589 0.0580943 0.271037 0.116189 0.00302268
0 0.498013 0.0323087 0.46807 0.0646174 0.00262572
0 0.285754 0.0292899 0.398733 0.0585492 0.00249379
0 0.873805 0.467889 0.252389 0.37517 0.00242499
0 0.28643 0.0365278 0.333672 0.0730556 0.00229727
0 0.573805 0.0305016 0.427095 0.0610031 0.00224184
0 0.268473 0.0237346 0.332049 0.0474692 0.00215365
0 0.363553 0.0526145 0.621031 0.105217 0.00214253
0 0.286785 0.0372304 0.468676 0.0744608 0.00209188
0 0.509427 0.0605856 0.352912 0.121171 0.00202498
0 0.406953 0.119812 0.775867 0.239624 0.00195983
0 0.278918 0.0490502 0.376349 0.0980731 0.00183013
0 0.0903602 0.400537 0.180604 0.712203 0.00181425
0 0.0262614 0.450871 0.0525228 0.42848 0.00159457
0 0.647772 0.0629599 0.500763 0.12592 0.00158301
0 0.605923 0.0382347 0.352091 0.0764693 0.0015404
0 0.515549 0.0249775 0.396883 0.049955 0.00151293
0 0.871797 0.434068 0.252151 0.200773 0.00147261
0 0.308099 0.0192145 0.340456 0.038429 0.00145575
0 0.388391 0.0362209 0.501546 0.072383 0.00143128
0 0.0444839 0.431784 0.0889678 0.490696 0.00141581
0 0.5489 0.0388073 0.549544 0.0776146 0.00134556
0 0.640785 0.0316948 0.38471 0.0631294 0.00130098
0 0.419259 0.0254572 0.491389 0.0509143 0.00125855
0 0.617527 0.0254114 0.334195 0.0508227 0.00125603
0 0.86471 0.450779 0.27058 0.251535 0.00122351
0 0.943575 0.663119 0.112849 0.354235 0.00117081
0 0.205552 0.0231237 0.385799 0.04608 0.00115942
0 0.215157 0.0318685 0.400406 0.063737 0.00113379
0 0.195807 0.0155106 0.334015 0.0309807 0.00112125
0 0.782603 0.88974 0.434794 0.22052 0.00107047
0 0.0327358 0.809123 0.0654717 0.381754 0.00105767
0 0.236403 0.0200672 0.265307 0.040088 0.00103215
0 0.834212 0.441104 0.173151 0.160596 0.00102178
