0 0.604227 0.348453 0.2936 0.248988 0.914759
0 0.630677 0.344888 0.37778 0.308238 0.148582
0 0.671573 0.331942 0.481682 0.383936 0.0246294
0 0.799101 0.977125 0.143976 0.0455844 0.00518234
0 0.795069 0.975224 0.206742 0.0495516 0.00411429
0 0.799 0.978452 0.288636 0.0429093 0.00395741
0 0.706257 0.295368 0.587486 0.569373 0.00304901
0 0.0226546 0.409748 0.0452093 0.294474 0.00223466
0 0.0261082 0.432485 0.0522164 0.371335 0.001749
0 0.0169365 0.411078 0.033873 0.242121 0.00163518
0 0.381064 0.964937 0.153115 0.0679358 0.00138937
0 0.0103167 0.676535 0.0206333 0.204506 0.00136495
0 0.764251 0.981654 0.372534 0.0365298 0.0012821
0 0.039894 0.690259 0.0796379 0.296137 0.00126917
0 0.0161736 0.696248 0.0323473 0.282851 0.00117744
0 0.372403 0.97236 0.280935 0.055216 0.00108994
0 0.776461 0.970885 0.388471 0.0580512 0.00108496
