0 0.744955 0.139832 0.473423 0.279664 0.865112
0 0.0819966 0.0212682 0.163283 0.0425111 0.0239013
0 0.912053 0.753427 0.174327 0.208944 0.0168459
0 0.915486 0.787108 0.161994 0.139095 0.0103772
0 0.510826 0.977565 0.296605 0.0448363 0.00912742
0 0.408905 0.100466 0.114785 0.134409 0.00898268
0 0.508651 0.973583 0.231635 0.0528339 0.00596953
0 0.495111 0.960294 0.245184 0.0792176 0.00558654
0 0.492923 0.947241 0.210868 0.104658 0.00411807
0 0.102329 0.032642 0.204658 0.065228 0.00368449
0 0.518017 0.973731 0.37905 0.0524502 0.00343159
0 0.0569716 0.0202588 0.113943 0.0404827 0.00304524
0 0.10362 0.0200484 0.20724 0.0400968 0.00267797
0 0.650596 0.329175 0.668783 0.65835 0.00243542
0 0.0254918 0.497441 0.0509353 0.261155 0.00197683
0 0.0169955 0.494693 0.0339911 0.234831 0.00167101
0 0.0225761 0.445161 0.0451523 0.453173 0.0016085
0 0.520742 0.989194 0.210527 0.0215993 0.00134998
0 0.814861 0.0555259 0.293619 0.111052 0.00125176
0 0.0359265 0.487783 0.0718221 0.321752 0.00123216
0 0.485017 0.908265 0.220375 0.18347 0.00119903
0 0.877815 0.983069 0.244369 0.0338615 0.00113249
0 0.155456 0.0202069 0.310913 0.0404138 0.00106236
0 0.850078 0.976657 0.299844 0.0466853 0.00105757
0 0.0286119 0.519423 0.0570431 0.339489 0.00101392
