0 0.40732 0.382647 0.220429 0.214188 0.926412
0 0.290716 0.0286798 0.240254 0.0571419 0.046742
0 0.403958 0.383097 0.307546 0.292603 0.0147355
0 0.177685 0.487751 0.155645 0.148172 0.0099642
0 0.288506 0.019173 0.240574 0.0383461 0.00572945
0 0.0810347 0.788988 0.162069 0.2512 0.00500382
0 0.0247508 0.224332 0.0494991 0.232031 0.00330088
0 0.0186383 0.217414 0.0372726 0.197969 0.00309279
0 0.331015 0.0204925 0.162463 0.040929 0.00292995
0 0.0806048 0.849622 0.154325 0.130679 0.00219598
0 0.260642 0.0442878 0.337113 0.0885756 0.00214821
0 0.0221252 0.210658 0.0442505 0.158024 0.00183287
0 0.0150129 0.232154 0.0300258 0.249468 0.00182453
0 0.285923 0.0371732 0.265855 0.0743463 0.00176317
0 0.0325615 0.235871 0.0651229 0.264572 0.00143771
0 0.983844 0.813763 0.0322465 0.201759 0.00141738
0 0.0229072 0.240524 0.0458144 0.350208 0.00121089
0 0.353114 0.0192127 0.114574 0.0384255 0.00112932
0 0.95704 0.95211 0.0858731 0.0956297 0.00101856
