0 0.493839 0.501701 0.289041 0.223921 0.108957
0 0.821656 0.0527526 0.355936 0.105132 0.0414653
0 0.792124 0.0653409 0.415752 0.130622 0.0164604
0 0.823675 0.0873651 0.352332 0.17473 0.0151986
0 0.791288 0.0516975 0.253632 0.103395 0.0115757
0 0.251536 0.013296 0.20525 0.0265921 0.00578089
0 0.0553354 0.947951 0.110671 0.104098 0.00566937
0 0.820747 0.138079 0.358067 0.275713 0.0054532
0 0.487856 0.502207 0.346781 0.321163 0.00538885
0 0.0804936 0.950611 0.160987 0.0987 0.00480237
0 0.774454 0.101148 0.451092 0.202297 0.00394742
0 0.0889591 0.92385 0.177918 0.1523 0.0030707
0 0.0633956 0.919474 0.126409 0.161051 0.00265877
0 0.252306 0.0101455 0.18151 0.0202724 0.00259285
0 0.844755 0.0291937 0.31049 0.0583378 0.00200946
0 0.0430329 0.924649 0.0850996 0.150702 0.00197452
0 0.740665 0.0770183 0.51867 0.153839 0.00197095
0 0.403868 0.399461 0.53775 0.504325 0.00194527
0 0.268007 0.0157869 0.328979 0.0315738 0.00167231
0 0.969057 0.190388 0.0618855 0.380776 0.00157345
0 0.976454 0.176496 0.0470713 0.148603 0.00134387
0 0.978729 0.189056 0.0425414 0.304694 0.00130144
0 0.447446 0.435183 0.435465 0.424445 0.00120618
0 0.245747 0.0232665 0.374774 0.0465331 0.00112865
0 0.871044 0.3056 0.257911 0.391886 0.00106754
0 0.971527 0.180671 0.0569048 0.25895 0.00102449
0 0.841206 0.0354876 0.317587 0.0709752 0.00100711
