0 0.432878 0.132123 0.31026 0.264246 0.925068
0 0.860519 0.9604 0.278963 0.0792006 0.003923
0 0.987014 0.753921 0.0259482 0.229853 0.00364653
0 0.879863 0.953077 0.240274 0.0938455 0.00241721
0 0.984328 0.737463 0.0312817 0.291726 0.00211654
0 0.118185 0.865189 0.23637 0.269622 0.00201836
0 0.948504 0.225837 0.10273 0.446373 0.00169673
0 0.970118 0.235094 0.0597644 0.383015 0.00157438
0 0.979213 0.304816 0.041575 0.399667 0.00155999
0 0.992181 0.747758 0.0155261 0.1844 0.00146381
0 0.982721 0.685345 0.0345176 0.258278 0.00141505
0 0.977063 0.735948 0.0458734 0.346978 0.00125748
0 0.966121 0.290105 0.0677588 0.484029 0.00122593
0 0.957946 0.189839 0.0840783 0.377155 0.00122125
0 0.971834 0.344719 0.0562857 0.489199 0.00108879
