0 0.516203 0.268375 0.437522 0.427148 0.915026
0 0.962602 0.850796 0.0747963 0.18122 0.526699
0 0.954309 0.853 0.0913811 0.218941 0.303502
0 0.0126764 0.108636 0.0253529 0.172998 0.0136136
0 0.0140424 0.121776 0.0280272 0.243551 0.00539979
0 0.602466 0.974497 0.401659 0.0510062 0.00383693
0 0.605742 0.982133 0.367992 0.0355818 0.00376461
0 0.0190244 0.139758 0.0380487 0.279516 0.00252333
0 0.672931 0.984339 0.273493 0.0313222 0.00245115
0 0.670702 0.988064 0.189441 0.0238062 0.00217796
0 0.0174434 0.756401 0.0348868 0.278807 0.0020619
0 0.94728 0.803399 0.105408 0.30307 0.00194568
0 0.859384 0.983492 0.281232 0.0330166 0.00192542
0 0.850983 0.976439 0.298034 0.0471228 0.0019182
0 0.669232 0.978191 0.318969 0.0436187 0.00181776
0 0.550705 0.981779 0.213121 0.0364301 0.00172889
0 0.587928 0.965519 0.382569 0.0685576 0.00159972
0 0.553049 0.976343 0.256675 0.0473143 0.00153906
0 0.0318064 0.159005 0.0636128 0.318011 0.0014531
0 0.63852 0.987716 0.180366 0.0244901 0.00144818
0 0.513079 0.983609 0.294665 0.0327435 0.00118739
0 0.0257882 0.757427 0.0514738 0.302286 0.00112525
0 0.0347718 0.142147 0.0695436 0.283935 0.00110821
