0 0.453295 0.387801 0.183813 0.186229 0.922207
0 0.888233 0.894485 0.223174 0.211029 0.00888776
0 0.0208665 0.107839 0.041733 0.202519 0.0074724
0 0.02352 0.140846 0.046961 0.281692 0.00740766
0 0.896424 0.904192 0.172982 0.186896 0.00448601
0 0.79589 0.88824 0.407965 0.22352 0.00392892
0 0.0293531 0.117292 0.0587062 0.234585 0.00321489
0 0.031499 0.161188 0.0629228 0.322376 0.00210764
0 0.0817218 0.967356 0.158951 0.0652887 0.00194451
0 0.0209641 0.123924 0.0419282 0.0990506 0.00180274
0 0.0178475 0.158089 0.0356546 0.316179 0.00169906
0 0.0544675 0.110301 0.108935 0.220601 0.00166843
0 0.0257493 0.595198 0.0514282 0.146333 0.00145481
0 0.0269511 0.550869 0.053883 0.355626 0.0013749
0 0.0201399 0.553495 0.0402799 0.285458 0.00105774
0 0.089563 0.959568 0.179126 0.0808648 0.00103241
0 0.0273996 0.627836 0.0547992 0.372307 0.00100105
