0 0.531043 0.39325 0.139872 0.139438 0.926595
0 0.0599588 0.185472 0.119918 0.316943 0.0536064
0 0.982906 0.847547 0.0341511 0.0852108 0.0500472
0 0.898646 0.979118 0.0922377 0.041764 0.0430662
0 0.608608 0.897462 0.157139 0.186413 0.0351673
0 0.107286 0.388245 0.214486 0.776491 0.0283835
0 0.861093 0.978408 0.170574 0.0431252 0.028168
0 0.0137359 0.405057 0.0274717 0.29213 0.0218432
0 0.0952867 0.288003 0.190573 0.481716 0.0186922
0 0.133631 0.912379 0.267262 0.175241 0.0165812
0 0.0205514 0.402504 0.0411028 0.364608 0.01613
0 0.992407 0.121848 0.0151856 0.107808 0.0160489
0 0.332681 0.354465 0.665361 0.70893 0.0154441
0 0.0105728 0.399879 0.0211337 0.199086 0.0139461
0 0.988524 0.11565 0.0228994 0.122288 0.013594
0 0.17389 0.397169 0.347779 0.785731 0.0135502
0 0.984345 0.102035 0.0313103 0.152746 0.0120081
0 0.0662076 0.101838 0.112416 0.102633 0.0103229
0 0.98546 0.842392 0.0290804 0.0688665 0.0102823
0 0.988895 0.111011 0.0222107 0.190518 0.00996415
0 0.978634 0.859169 0.0427318 0.128263 0.00947551
0 0.713828 0.0115436 0.195753 0.0230873 0.009314
0 0.151705 0.91856 0.202062 0.162881 0.00889671
0 0.992731 0.109992 0.0145384 0.153088 0.00867584
0 0.702252 0.00735624 0.152826 0.0147125 0.00861208
0 0.032781 0.398761 0.065562 0.401923 0.00854898
0 0.0724436 0.24488 0.14488 0.451931 0.00829837
0 0.586569 0.942451 0.107895 0.098052 0.0078296
0 0.0861468 0.223441 0.172294 0.326225 0.0076025
0 0.0557633 0.262618 0.111527 0.525237 0.0075935
0 0.0262942 0.423694 0.0525885 0.302097 0.00752004
0 0.978637 0.0918509 0.0425743 0.176718 0.00747063
0 0.0107167 0.365129 0.0213834 0.195748 0.00718448
0 0.006392 0.389265 0.0126953 0.157606 0.00705566
0 0.960048 0.0897074 0.0799044 0.175495 0.00704683
0 0.530667 0.389918 0.208402 0.204367 0.00700693
0 0.236142 0.406533 0.472283 0.813067 0.00685289
0 0.895757 0.70333 0.208486 0.224963 0.00634126
0 0.978631 0.559169 0.0426688 0.199013 0.00565002
0 0.651911 0.246867 0.696179 0.486533 0.00551867
0 0.0622826 0.0885259 0.122723 0.0772454 0.0053379
0 0.914635 0.0113818 0.17073 0.0227637 0.00518873
0 0.180893 0.956791 0.18105 0.0860624 0.00503966
0 0.988662 0.942045 0.0226761 0.115911 0.0049658
0 0.0102983 0.893842 0.0205966 0.164325 0.00493208
0 0.148379 0.962118 0.236514 0.0757633 0.00450651
0 0.847603 0.975356 0.243057 0.0492878 0.00424176
0 0.69377 0.671145 0.308931 0.305415 0.00412467
0 0.00630841 0.357988 0.0126082 0.137035 0.00399929
0 0.0134685 0.339537 0.0269369 0.283423 0.00393602
0 0.688211 0.0157235 0.2928 0.0314469 0.0038948
0 0.627744 0.300741 0.515885 0.601482 0.00379838
0 0.973362 0.898179 0.0532619 0.203641 0.00366218
0 0.447003 0.380608 0.894006 0.761216 0.00365438
0 0.120555 0.378494 0.24111 0.655776 0.00349551
0 0.925897 0.00719845 0.148207 0.0143467 0.00345119
0 0.930525 0.089552 0.138949 0.179104 0.00343509
0 0.727777 0.95424 0.157319 0.0910615 0.00341666
0 0.00691422 0.905671 0.0137871 0.126284 0.00341473
0 0.0222642 0.330925 0.0445284 0.369753 0.00322291
0 0.209029 0.956368 0.108047 0.0854797 0.00321207
0 0.776864 0.678605 0.436829 0.348272 0.00314487
0 0.992739 0.950318 0.0145216 0.0993646 0.00308034
0 0.00640867 0.884459 0.0127991 0.125193 0.00297626
0 0.0102932 0.310714 0.0205519 0.179951 0.00289249
0 0.0149258 0.450854 0.0298515 0.286939 0.00280749
0 0.927205 0.125977 0.145591 0.251822 0.00275851
0 0.989058 0.778103 0.0218843 0.211734 0.00274801
0 0.156077 0.981666 0.217856 0.0365525 0.00273689
0 0.967494 0.859845 0.0641499 0.119225 0.00264776
0 0.0121544 0.910825 0.0243088 0.171764 0.00263638
0 0.870662 0.681788 0.248885 0.334096 0.00256897
0 0.00601032 0.30855 0.0119837 0.123888 0.0025678
0 0.972575 0.571243 0.05485 0.256279 0.00256035
0 0.773782 0.969909 0.0692313 0.0601816 0.00255266
0 0.992764 0.776394 0.0144722 0.163788 0.00255258
0 0.0395762 0.18984 0.0791523 0.352601 0.00254542
0 0.966331 0.820243 0.0673385 0.18783 0.00254226
0 0.65536 0.342009 0.689281 0.684018 0.00247423
0 0.987051 0.120588 0.02588 0.241175 0.00238936
0 0.878852 0.735412 0.242297 0.469681 0.00235189
0 0.983709 0.806739 0.0324798 0.1872 0.00229408
0 0.918982 0.0155197 0.160655 0.030907 0.00225342
0 0.924277 0.197804 0.151446 0.395043 0.00224829
0 0.0068116 0.416353 0.0135271 0.161838 0.00223578
0 0.0101097 0.431913 0.0202193 0.188085 0.00223147
0 0.737107 0.868574 0.440603 0.262852 0.00222962
0 0.201548 0.0156478 0.291249 0.0312956 0.00220887
0 0.0379954 0.419348 0.0759908 0.302925 0.0021884
0 0.722597 0.0233569 0.346653 0.0467138 0.0021828
0 0.035463 0.339409 0.070926 0.401856 0.00217
0 0.98828 0.836016 0.02344 0.0579588 0.00216716
0 0.991921 0.707581 0.0161443 0.138949 0.00213696
0 0.746823 0.0157465 0.338219 0.0314929 0.00211648
0 0.900269 0.974055 0.109314 0.0516255 0.00207339
0 0.0625971 0.121409 0.125148 0.147342 0.00204147
0 0.0198977 0.90812 0.0397954 0.18376 0.00200721
0 0.899245 0.985895 0.0949605 0.0282099 0.00198802
0 0.0273586 0.250199 0.0547172 0.496559 0.00195665
0 0.0282664 0.176521 0.0565328 0.275579 0.00195644
0 0.123051 0.279625 0.245863 0.555278 0.00195038
0 0.947279 0.102239 0.105442 0.204478 0.00190571
0 0.870999 0.578964 0.1226 0.10816 0.00185901
0 0.151374 0.975624 0.253774 0.0487182 0.00181813
0 0.215231 0.0113115 0.21918 0.0226071 0.00178537
0 0.517162 0.351166 0.285798 0.297452 0.00177931
0 0.623287 0.0156742 0.346067 0.0313485 0.00169678
0 0.99287 0.159017 0.0142593 0.156822 0.00167857
0 0.989165 0.933949 0.0216699 0.132102 0.00167393
0 0.178593 0.950836 0.247049 0.0983282 0.00164873
0 0.819229 0.969347 0.224073 0.0613065 0.0016418
0 0.911368 0.0222559 0.175416 0.0445118 0.00160862
0 0.979262 0.603313 0.0414574 0.334906 0.0015807
0 0.982304 0.809064 0.0353094 0.255443 0.00154353
0 0.643307 0.0232146 0.361065 0.0464292 0.00150297
0 0.828917 0.727366 0.33836 0.461654 0.0014893
0 0.974824 0.950896 0.0503104 0.0982071 0.00143541
0 0.0376047 0.31857 0.0752095 0.587193 0.00140506
0 0.0967634 0.913874 0.193125 0.172253 0.0013603
0 0.777431 0.968184 0.110378 0.0636315 0.00135341
0 0.956518 0.906538 0.0857619 0.184701 0.00135135
0 0.989044 0.844489 0.0219113 0.0901169 0.00132681
0 0.961729 0.954731 0.0754 0.0905386 0.00130606
0 0.0506153 0.908288 0.101231 0.182436 0.00126287
0 0.982897 0.86999 0.0342069 0.188945 0.00125806
0 0.19486 0.893246 0.389719 0.213507 0.00125178
0 0.751127 0.724446 0.497745 0.551107 0.00124786
0 0.246968 0.0497139 0.493935 0.0994278 0.00124155
0 0.980215 0.129953 0.0395203 0.236185 0.00121519
0 0.97436 0.11185 0.0512357 0.209109 0.00120515
0 0.0535694 0.10641 0.106871 0.118841 0.00119998
0 0.877794 0.0159008 0.244412 0.0318016 0.00119606
0 0.133031 0.866194 0.266063 0.267611 0.00116679
0 0.980516 0.955299 0.0389675 0.0881953 0.0011606
0 0.941079 0.99329 0.117843 0.0133315 0.00115816
0 0.991317 0.726252 0.0173651 0.109496 0.00113653
0 0.0144817 0.284006 0.0289634 0.325985 0.00113459
0 0.0726086 0.0127214 0.145217 0.0254229 0.00111917
0 0.677287 0.018897 0.367787 0.0377939 0.00111758
0 0.987721 0.143286 0.0239903 0.158334 0.00111008
0 0.199756 0.308145 0.399511 0.616289 0.00108685
0 0.972679 0.611417 0.0545743 0.371399 0.00106002
0 0.210211 0.0232786 0.331029 0.0465572 0.00105293
0 0.883333 0.607535 0.151901 0.172358 0.00104334
0 0.723334 0.031858 0.40284 0.0635807 0.00103963
0 0.990227 0.846546 0.0195458 0.145176 0.00103261
0 0.676698 0.0114622 0.213498 0.0229054 0.00103125
0 0.930805 0.993624 0.138389 0.0127351 0.00102943
0 0.932305 0.0115123 0.135391 0.0230246 0.00102871
0 0.760439 0.96364 0.107391 0.0727117 0.00102204
0 0.371083 0.453735 0.441295 0.422499 0.0010124
0 0.0255348 0.89189 0.0510696 0.21622 0.00101154
0 0.951763 0.991499 0.0922463 0.0169907 0.00100843
0 0.597311 0.923596 0.131644 0.130848 0.00100529
0 0.398135 0.433777 0.588271 0.539766 0.00100258
