0 0.435986 0.317138 0.113714 0.0958835 0.869984
0 0.452685 0.733425 0.100319 0.0919325 0.277002
0 0.567902 0.375551 0.864195 0.751102 0.00328266
0 0.0135704 0.0583795 0.0271407 0.116564 0.00175277
0 0.817266 0.015738 0.309092 0.0314612 0.00149996
0 0.0213669 0.0704261 0.0427314 0.140791 0.00144802
0 0.0108624 0.0716243 0.0217165 0.143249 0.00139152
0 0.0202068 0.0401309 0.0404137 0.0802618 0.00132469
0 0.824397 0.0235635 0.351206 0.0471269 0.001058
0 0.861184 0.0168665 0.277631 0.033733 0.00105495
