0 0.577305 0.340173 0.237576 0.217443 0.91612
0 0.713739 0.988924 0.202639 0.0221522 0.00520865
0 0.711921 0.992248 0.132589 0.0155039 0.00379887
0 0.988633 0.0574953 0.0227346 0.111449 0.00257662
0 0.98181 0.0586906 0.0363801 0.116743 0.00182022
0 0.991641 0.0595414 0.016715 0.119083 0.00146551
0 0.967143 0.0659975 0.0657145 0.131995 0.00134237
0 0.572417 0.338988 0.300538 0.296289 0.00121445
0 0.976756 0.0655623 0.046488 0.130007 0.00115072
0 0.0104538 0.593794 0.0209076 0.191078 0.00114621
0 0.916675 0.062501 0.166447 0.125002 0.00113208
0 0.985379 0.0568801 0.0291479 0.11376 0.0010692
0 0.950166 0.0634779 0.099534 0.126956 0.00100431
