0 0.582436 0.180069 0.26142 0.360138 0.89733
0 0.568693 0.191656 0.351113 0.383312 0.643886
0 0.96342 0.0665625 0.0729769 0.132907 0.014784
0 0.0105506 0.622123 0.02104 0.185742 0.00953599
0 0.0100728 0.252366 0.0200357 0.162155 0.00843614
0 0.00747569 0.253826 0.0149332 0.150442 0.00762357
0 0.012807 0.242046 0.0256139 0.292952 0.00584805
0 0.00640772 0.617927 0.012766 0.135628 0.00526657
0 0.00662307 0.232732 0.0132113 0.177487 0.00351557
0 0.0203156 0.248207 0.0406086 0.33948 0.00273279
0 0.971353 0.102954 0.0570493 0.205908 0.0024635
0 0.98475 0.0776296 0.0305008 0.155259 0.00204533
0 0.982815 0.851841 0.0342758 0.296318 0.00197967
0 0.988908 0.824189 0.0221847 0.206535 0.00177463
0 0.981897 0.109539 0.0362064 0.219078 0.00159097
0 0.502252 0.962475 0.385556 0.0750496 0.0014367
0 0.975298 0.847087 0.0494044 0.305825 0.00125764
0 0.992821 0.821671 0.0143578 0.15407 0.00122621
0 0.238019 0.988217 0.194 0.0234728 0.00117382
0 0.23611 0.992927 0.132359 0.0141447 0.00102884
