0 0.582972 0.180936 0.570409 0.361872 0.889399
0 0.216647 0.0368435 0.156887 0.0736869 0.109155
0 0.208212 0.0416141 0.203726 0.0832282 0.025989
0 0.117177 0.389778 0.140064 0.121691 0.0115663
0 0.0775071 0.297402 0.155014 0.23227 0.00246208
0 0.270746 0.141302 0.190936 0.24586 0.00192922
0 0.980315 0.825114 0.0393033 0.220309 0.00144732
0 0.963767 0.825306 0.0724654 0.218175 0.00131082
0 0.597194 0.919384 0.185876 0.160529 0.00130167
0 0.0224768 0.963502 0.0449535 0.0729955 0.00116317
0 0.0403126 0.958425 0.0803579 0.0831494 0.00113243
0 0.135415 0.377876 0.107677 0.0938367 0.00110907
0 0.0301332 0.945161 0.059953 0.109678 0.00108139
0 0.0171511 0.953248 0.0343021 0.0929633 0.00107202
0 0.119757 0.391668 0.163268 0.150721 0.00101838
