0 0.571269 0.164884 0.225858 0.19548 0.874005
0 0.578894 0.160209 0.268444 0.255569 0.0179136
0 0.978461 0.0318266 0.0430773 0.0632152 0.00279121
0 0.683938 0.365002 0.632124 0.730005 0.00271055
0 0.096801 0.0166061 0.193602 0.0332121 0.00205404
0 0.970995 0.0552636 0.0577886 0.110527 0.00185422
0 0.979085 0.0751762 0.0418272 0.150097 0.00158127
0 0.983708 0.47727 0.0324768 0.32434 0.00152497
0 0.102813 0.02319 0.202065 0.0462625 0.00126888
0 0.481472 0.417804 0.962945 0.82286 0.00123676
0 0.98334 0.549686 0.0333135 0.328999 0.00109758
0 0.61971 0.715658 0.0833907 0.0746098 0.00106436
0 0.969014 0.0826826 0.0619111 0.165365 0.00102594
0 0.976711 0.476953 0.0465695 0.376338 0.00101582
