0 0.669271 0.17632 0.371834 0.347327 0.900625
0 0.657703 0.212134 0.496906 0.424268 0.0405627
0 0.05214 0.0175641 0.10428 0.034904 0.00690831
0 0.0687266 0.0268146 0.137453 0.0536292 0.00646434
0 0.0646406 0.0113977 0.129281 0.0227461 0.0047209
0 0.0625075 0.043775 0.125015 0.0875499 0.00394533
0 0.0443249 0.0358909 0.0886499 0.0716337 0.00304282
0 0.312553 0.978594 0.254139 0.0428047 0.0021324
0 0.0553237 0.00741643 0.110647 0.0148329 0.00197493
0 0.306737 0.981973 0.204726 0.0359695 0.00181335
0 0.0200015 0.640898 0.0399234 0.237479 0.00164855
0 0.320807 0.986403 0.180987 0.0271944 0.00164713
0 0.046361 0.0078407 0.092722 0.0156814 0.00135769
0 0.270488 0.982303 0.346638 0.0352341 0.00133719
0 0.61656 0.0459299 0.501346 0.0918598 0.00130651
0 0.0314255 0.643271 0.0627678 0.309349 0.00130333
0 0.341029 0.984267 0.323309 0.0314659 0.00122271
0 0.341544 0.978513 0.371406 0.0428845 0.00121904
0 0.079941 0.0201152 0.159882 0.0400097 0.00117416
0 0.0936613 0.0293416 0.187323 0.0581444 0.00107362
