0 0.394263 0.195034 0.152997 0.132716 0.911427
0 0.391127 0.19566 0.187221 0.174756 0.772513
0 0.975024 0.684487 0.049953 0.328774 0.040548
0 0.990739 0.885728 0.0185229 0.159278 0.0278163
0 0.967705 0.680872 0.063943 0.382199 0.0231551
0 0.988848 0.887777 0.0223041 0.199257 0.0158241
0 0.984596 0.88023 0.0308079 0.239539 0.013981
0 0.97933 0.732634 0.0413392 0.38953 0.0118131
0 0.978066 0.845485 0.0437847 0.309031 0.00666505
0 0.992964 0.897715 0.0140716 0.178984 0.0053739
0 0.973783 0.620092 0.0524348 0.386336 0.00460751
0 0.972384 0.880737 0.055191 0.238525 0.00294926
0 0.925009 0.923256 0.149672 0.153488 0.00226723
0 0.959383 0.614577 0.081003 0.478011 0.00225469
0 0.977294 0.680006 0.0454119 0.205646 0.00211165
0 0.982421 0.714926 0.0351578 0.316069 0.00205096
0 0.960257 0.894719 0.0790346 0.210563 0.00137303
0 0.964386 0.85703 0.0710671 0.285939 0.00116942
0 0.983391 0.843863 0.0330849 0.293454 0.00114457
0 0.574959 0.988923 0.21328 0.0221547 0.00114187
0 0.975775 0.171228 0.0484228 0.342456 0.00111726
0 0.982305 0.157637 0.0353264 0.308408 0.00104979
0 0.987173 0.73874 0.0255876 0.251401 0.00103564
