0 0.514048 0.507739 0.386552 0.304019 0.121069
0 0.500924 0.493423 0.429966 0.391628 0.0134932
0 0.332022 0.599341 0.232536 0.229886 0.00784048
0 0.019442 0.892387 0.0388325 0.187998 0.0054137
0 0.348506 0.612458 0.189488 0.192766 0.00355207
0 0.0232145 0.877935 0.0463859 0.24413 0.00343577
0 0.0161419 0.896264 0.0322807 0.147242 0.00283421
0 0.0314494 0.853079 0.0628989 0.293841 0.00253358
0 0.90749 0.0888696 0.18502 0.177466 0.00214116
0 0.880261 0.0459872 0.239478 0.0918574 0.00209588
0 0.0221942 0.844272 0.0443883 0.311456 0.00184507
0 0.032256 0.80704 0.0644692 0.38592 0.0015133
0 0.909797 0.0418814 0.180405 0.0835184 0.00151248
0 0.89931 0.0310117 0.20138 0.0620025 0.00142262
0 0.930455 0.0787181 0.13909 0.157272 0.00123682
0 0.0403948 0.871797 0.0807897 0.254191 0.00108005
0 0.857875 0.0279949 0.284251 0.0559898 0.00103371
