0 0.454129 0.441216 0.160281 0.169556 0.477795
0 0.438873 0.442451 0.20137 0.200254 0.0408043
0 0.121685 0.0745771 0.24337 0.148795 0.0178659
0 0.0991943 0.0306397 0.198389 0.0612793 0.012872
0 0.130692 0.0993657 0.261383 0.198658 0.00803614
0 0.103228 0.045452 0.206456 0.0906928 0.0072728
0 0.167288 0.0679956 0.334468 0.135991 0.00574621
0 0.438788 0.444673 0.251174 0.245726 0.00565769
0 0.126682 0.0366441 0.253365 0.0729352 0.00475148
0 0.12455 0.0229028 0.249101 0.0458056 0.00177051
0 0.954178 0.106911 0.0916104 0.213064 0.0014201
0 0.145494 0.0307878 0.290989 0.0612255 0.0013264
0 0.0798677 0.0572988 0.159735 0.114598 0.00126138
0 0.815753 0.978489 0.368494 0.0430222 0.00124494
0 0.119069 0.155076 0.238138 0.309848 0.00117588
0 0.949711 0.156095 0.100578 0.306802 0.00117353
0 0.191777 0.0972057 0.383554 0.194411 0.00116299
0 0.10276 0.0114873 0.205519 0.0229746 0.00111066
0 0.097934 0.00784375 0.184746 0.0156875 0.00107426
0 0.132765 0.0585104 0.26553 0.116709 0.00105935
