0 0.386162 0.397109 0.147485 0.180764 0.920469
0 0.382248 0.399822 0.214867 0.22976 0.0932446
0 0.067046 0.98296 0.133619 0.0339038 0.0911535
0 0.0820998 0.97785 0.164058 0.0441959 0.0443777
0 0.0595328 0.983738 0.119066 0.0325103 0.0280559
0 0.104805 0.981189 0.20961 0.0374641 0.025966
0 0.438898 0.193443 0.0861917 0.0890608 0.0201479
0 0.24085 0.251234 0.481699 0.502468 0.0181849
0 0.948011 0.931203 0.103979 0.137405 0.0143054
0 0.0623979 0.968412 0.123344 0.0631758 0.0139164
0 0.102949 0.969861 0.205898 0.0602784 0.0111094
0 0.0498289 0.985245 0.0996579 0.0294799 0.00493971
0 0.0437161 0.629769 0.0874321 0.382852 0.00288491
0 0.960696 0.916002 0.0785443 0.167567 0.0028133
0 0.0220164 0.630975 0.0440327 0.346121 0.00160967
0 0.98124 0.917018 0.0374563 0.165965 0.00143111
0 0.768051 0.0734617 0.204422 0.146716 0.00110248
0 0.0548591 0.837189 0.109588 0.325621 0.0010902
0 0.729213 0.0708018 0.294853 0.141523 0.0010741
0 0.382896 0.389317 0.262696 0.278164 0.00104364
0 0.993015 0.918349 0.0139699 0.163303 0.0010289
