0 0.477841 0.329525 0.208575 0.220561 0.926726
0 0.0104075 0.262483 0.020815 0.132739 0.0192792
0 0.984324 0.607274 0.0313519 0.0987716 0.00805413
0 0.98888 0.610793 0.0221663 0.0823562 0.00616246
0 0.926802 0.871648 0.143979 0.174297 0.00589192
0 0.0129347 0.243556 0.0257336 0.174042 0.00536938
0 0.00868502 0.26571 0.0172957 0.111971 0.00321901
0 0.015698 0.269195 0.0313652 0.203588 0.00290057
0 0.476811 0.332571 0.284504 0.296509 0.00283015
0 0.0109231 0.307355 0.0218462 0.205123 0.00278832
0 0.977135 0.595973 0.0457301 0.148494 0.00215803
0 0.0105986 0.226705 0.0211973 0.193486 0.00211606
0 0.0178355 0.239865 0.0355387 0.22605 0.00206475
0 0.983313 0.368527 0.0333531 0.202502 0.00192776
0 0.0166292 0.414076 0.0332585 0.277945 0.0018714
0 0.988799 0.885329 0.0224025 0.210977 0.00174999
0 0.03065 0.407936 0.0612904 0.310173 0.00174445
0 0.984036 0.592201 0.0318959 0.150201 0.0017293
0 0.99295 0.339112 0.014099 0.175025 0.0016714
0 0.57913 0.983634 0.180001 0.0326788 0.0016427
0 0.0100131 0.388284 0.0200263 0.193379 0.0016423
0 0.981518 0.613622 0.0369631 0.131196 0.00160923
0 0.569787 0.986317 0.148067 0.0273665 0.00159888
0 0.992262 0.418345 0.0154754 0.115062 0.00156499
0 0.0160995 0.311278 0.0321991 0.314222 0.0015034
0 0.0997716 0.0125872 0.121183 0.0251744 0.00148501
0 0.0221291 0.26975 0.0442582 0.271593 0.001424
0 0.0072696 0.306457 0.0145392 0.164522 0.00139331
0 0.919152 0.96917 0.158015 0.0616598 0.00132826
0 0.986858 0.340857 0.0262836 0.204583 0.00111615
0 0.97708 0.36863 0.045841 0.248502 0.0011124
0 0.549342 0.975142 0.24108 0.0497154 0.00110715
0 0.983986 0.319113 0.0320003 0.225932 0.0010999
0 0.992666 0.885048 0.0146675 0.155271 0.0010778
0 0.992266 0.325691 0.0154678 0.12426 0.0010422
