0 0.502033 0.625586 0.169819 0.163252 0.856988
0 0.963316 0.668189 0.0733677 0.343976 0.402948
0 0.971868 0.727131 0.0562646 0.347895 0.106123
0 0.959909 0.720922 0.0796261 0.421259 0.0840585
0 0.49826 0.62409 0.21574 0.204632 0.0438961
0 0.949379 0.66421 0.101132 0.465394 0.0435661
0 0.979156 0.752706 0.041689 0.364756 0.0224986
0 0.957403 0.618968 0.0851784 0.285591 0.0132002
0 0.0395328 0.686736 0.0790634 0.372425 0.00774434
0 0.954182 0.544267 0.0916353 0.122472 0.00710957
0 0.934171 0.621216 0.131518 0.547984 0.00386099
0 0.193517 0.657293 0.259626 0.198752 0.00367101
0 0.960933 0.633904 0.0780702 0.196817 0.0035644
0 0.986664 0.808989 0.0266728 0.234902 0.00307191
0 0.809499 0.0113788 0.21576 0.0227576 0.00292691
0 0.0327014 0.673552 0.0654029 0.252228 0.00261571
0 0.983766 0.789494 0.0324674 0.332257 0.00209052
0 0.809474 0.00746699 0.183973 0.0149317 0.00208691
0 0.987377 0.811713 0.0252457 0.16486 0.00203918
0 0.933573 0.716813 0.132349 0.548028 0.00155599
0 0.0373885 0.720091 0.074777 0.559818 0.00152776
0 0.942745 0.552744 0.114329 0.572187 0.00150132
0 0.985704 0.772823 0.0285919 0.233562 0.00148959
0 0.925781 0.546197 0.148439 0.630608 0.00131753
0 0.0280158 0.722314 0.0560317 0.50236 0.00131264
0 0.959746 0.720638 0.0805081 0.360567 0.00127058
0 0.0480888 0.662363 0.0961775 0.485896 0.00106209
