0 0.540971 0.192678 0.167742 0.149048 0.862468
0 0.542553 0.196348 0.212427 0.200608 0.706795
0 0.543329 0.195714 0.248944 0.251443 0.0299632
0 0.961409 0.679688 0.0771292 0.237477 0.0060357
0 0.970903 0.966053 0.0580028 0.0678937 0.00522748
0 0.961558 0.958876 0.076575 0.0822473 0.00258231
0 0.95944 0.656786 0.081121 0.342426 0.00209177
0 0.938869 0.910269 0.12165 0.179058 0.00175501
0 0.966109 0.923858 0.0677819 0.151541 0.00164198
0 0.0136358 0.711529 0.0271743 0.172173 0.00155217
0 0.519744 0.151526 0.223703 0.275551 0.0014754
0 0.942166 0.951927 0.113506 0.0961125 0.00114039
0 0.907414 0.911359 0.185171 0.177282 0.00108945
