0 0.600891 0.506566 0.154547 0.149226 0.861481
0 0.814816 0.169575 0.319501 0.306536 0.52873
0 0.90927 0.0928368 0.181459 0.185281 0.198911
0 0.922065 0.0818416 0.155612 0.163537 0.0765938
0 0.0353214 0.0338976 0.0706427 0.0675651 0.0342324
0 0.0373273 0.0713781 0.0746545 0.142434 0.0239214
0 0.056582 0.0460046 0.113164 0.0919546 0.02179
0 0.611295 0.978843 0.256612 0.0423036 0.0185518
0 0.040976 0.0435292 0.0819521 0.0869218 0.0170732
0 0.61466 0.970301 0.244148 0.0593748 0.016259
0 0.0709209 0.0658513 0.141842 0.131326 0.0144383
0 0.600489 0.511053 0.204594 0.206581 0.0111753
0 0.586277 0.977154 0.35608 0.0456928 0.00995296
0 0.599977 0.96869 0.372857 0.06262 0.00809315
0 0.321555 0.980226 0.31746 0.0395479 0.00740442
0 0.0471954 0.921545 0.0943198 0.156911 0.00646165
0 0.617858 0.061453 0.346079 0.122906 0.00585319
0 0.330297 0.96932 0.35863 0.0613599 0.0056592
0 0.0909161 0.0425245 0.180997 0.0850469 0.00528532
0 0.0433861 0.0941669 0.0867722 0.188334 0.00467917
0 0.625604 0.981029 0.15463 0.0379413 0.00464494
0 0.652815 0.965143 0.324258 0.0695534 0.00442898
0 0.0752088 0.103906 0.150418 0.207812 0.0041718
0 0.029441 0.782232 0.058882 0.241764 0.00400957
0 0.319593 0.987844 0.186786 0.0243051 0.00377212
0 0.838148 0.0331006 0.279415 0.0662012 0.00349946
0 0.0667012 0.943802 0.133199 0.112397 0.00342936
0 0.0304566 0.967839 0.0608668 0.0643225 0.00336731
0 0.0547682 0.0234 0.109536 0.0468 0.00295279
0 0.0191874 0.953559 0.0383747 0.0928818 0.00280449
0 0.112463 0.0750573 0.224443 0.149649 0.00262427
0 0.0308339 0.931648 0.0615899 0.136703 0.00260177
0 0.0235668 0.777207 0.0471337 0.210876 0.0025648
0 0.0435319 0.523251 0.0870638 0.295818 0.00253229
0 0.876298 0.122397 0.247404 0.244149 0.00251341
0 0.0418886 0.02469 0.0837773 0.04938 0.00245398
0 0.109751 0.110233 0.219324 0.220435 0.00240202
0 0.0452881 0.0380198 0.0905762 0.0760397 0.00239835
0 0.572079 0.983666 0.337855 0.0326285 0.00207341
0 0.0352334 0.94593 0.0704667 0.10814 0.0020312
0 0.036123 0.774851 0.0722461 0.303329 0.0020267
0 0.100092 0.92888 0.198783 0.14224 0.00198737
0 0.798059 0.192202 0.403882 0.384404 0.00189635
0 0.393446 0.96881 0.356777 0.0623066 0.00182601
0 0.0367351 0.547828 0.0734701 0.390346 0.00182193
0 0.0271505 0.883218 0.054301 0.233563 0.00181122
0 0.0608566 0.95682 0.121713 0.0862358 0.00175617
0 0.0291856 0.812662 0.0583481 0.374676 0.00172617
0 0.0181539 0.748287 0.0363078 0.295745 0.00169643
0 0.0679789 0.928914 0.135958 0.141863 0.00165458
0 0.409885 0.980083 0.365436 0.0397348 0.00165322
0 0.0138573 0.951487 0.0274326 0.0970267 0.00163699
0 0.0222775 0.0485179 0.044555 0.0970359 0.00163387
0 0.0479411 0.962418 0.0955395 0.0751642 0.00157021
0 0.0260145 0.729763 0.0520291 0.397186 0.0015548
0 0.809844 0.132885 0.380313 0.265769 0.00153426
0 0.599401 0.98312 0.194303 0.0337529 0.00153179
0 0.0577475 0.80249 0.115325 0.395021 0.00152861
0 0.0198169 0.903258 0.0396037 0.193485 0.00147768
0 0.690498 0.98009 0.393769 0.0397789 0.00147687
0 0.906653 0.162352 0.186004 0.324705 0.00140209
0 0.291898 0.975244 0.355488 0.0495127 0.00133105
0 0.121484 0.0368863 0.241401 0.0737726 0.00129048
0 0.034898 0.922175 0.0697093 0.155651 0.00126728
0 0.0214872 0.0760855 0.0429606 0.150017 0.00121119
0 0.0188525 0.537804 0.037705 0.326464 0.00118789
0 0.349378 0.961429 0.291069 0.077143 0.00113637
0 0.0234389 0.915588 0.0468778 0.162556 0.00110814
0 0.0959912 0.0230791 0.188786 0.0461496 0.00110166
0 0.630977 0.0334172 0.408659 0.0665625 0.00108982
0 0.0479727 0.856614 0.0959454 0.286773 0.00106605
0 0.106948 0.0150242 0.213897 0.0300485 0.00105539
0 0.0317176 0.513787 0.0634351 0.239316 0.00105252
0 0.976874 0.945954 0.0462519 0.108092 0.00103973
0 0.0688371 0.857785 0.137674 0.28443 0.00101656
0 0.821717 0.0988141 0.356566 0.197628 0.00100837
