0 0.585847 0.127686 0.27202 0.255372 0.889672
0 0.573902 0.150635 0.38511 0.301004 0.0627798
0 0.71372 0.242635 0.543089 0.48527 0.00314583
0 0.709229 0.369768 0.581542 0.739536 0.00264924
0 0.0109585 0.365618 0.0218306 0.194428 0.00191815
0 0.0108686 0.402744 0.0216954 0.208984 0.00130791
0 0.79677 0.225815 0.405878 0.450855 0.00125004
0 0.493178 0.243941 0.656643 0.487881 0.00118319
0 0.919851 0.927677 0.159164 0.144513 0.00116057
0 0.588323 0.226463 0.289445 0.400083 0.00110322
0 0.0133027 0.35673 0.0266055 0.269224 0.00107374
