0 0.529121 0.23745 0.182293 0.15801 0.876558
0 0.525148 0.238209 0.211987 0.196313 0.309813
0 0.33437 0.973634 0.187289 0.0522578 0.0508984
0 0.319729 0.971941 0.292683 0.0553572 0.0414206
0 0.520605 0.243743 0.25398 0.24916 0.0229634
0 0.306719 0.975148 0.392254 0.0497048 0.015942
0 0.716836 0.93936 0.169572 0.121281 0.0109028
0 0.644214 0.974312 0.127245 0.0511832 0.00992493
0 0.290277 0.983039 0.374285 0.0338604 0.00899341
0 0.123583 0.843313 0.247166 0.313373 0.00593821
0 0.346098 0.978193 0.158359 0.043615 0.00513586
0 0.655967 0.971228 0.179365 0.0575434 0.004562
0 0.472 0.294152 0.305438 0.289356 0.00375179
0 0.685071 0.944834 0.271028 0.110332 0.0037233
0 0.684185 0.965095 0.2679 0.0697848 0.00316564
0 0.288565 0.967267 0.410352 0.0650861 0.0022704
0 0.50459 0.488769 0.917445 0.835877 0.00212381
0 0.340951 0.985819 0.152091 0.0282428 0.00207125
0 0.136221 0.974424 0.147393 0.0510987 0.00197621
0 0.0108209 0.233859 0.0215774 0.195153 0.0016371
0 0.125788 0.971687 0.1989 0.0566132 0.00158757
0 0.378416 0.976129 0.347265 0.0477226 0.00157655
0 0.879844 0.97779 0.167163 0.044412 0.00137929
0 0.622419 0.971819 0.271309 0.0561537 0.00136382
0 0.850635 0.96022 0.227211 0.0795593 0.00130329
0 0.00705004 0.2344 0.0140949 0.156057 0.00125726
0 0.0659664 0.669558 0.13192 0.442991 0.0012174
0 0.119641 0.976959 0.239281 0.0460701 0.0011997
0 0.0281931 0.617521 0.0563863 0.507442 0.00115461
0 0.473752 0.823446 0.160686 0.160047 0.00109552
