0 0.744044 0.300394 0.408896 0.600788 0.0888859
0 0.658743 0.909489 0.207152 0.181021 0.035114
0 0.122623 0.342766 0.245246 0.368615 0.0175135
0 0.730787 0.396046 0.293294 0.316614 0.0156346
0 0.702822 0.32695 0.594356 0.653901 0.011447
0 0.784699 0.349608 0.180833 0.205805 0.00771243
0 0.727468 0.356385 0.253564 0.227629 0.00655539
0 0.58462 0.0262234 0.339077 0.0523752 0.00636631
0 0.661542 0.933553 0.213464 0.132893 0.00576777
0 0.140905 0.330138 0.281809 0.514121 0.005281
0 0.645404 0.030359 0.421503 0.0607181 0.00492976
0 0.589008 0.0349461 0.418027 0.0698921 0.00362036
0 0.0258438 0.0788276 0.0516746 0.156002 0.00360223
0 0.984041 0.729488 0.0319175 0.231741 0.00353058
0 0.0424095 0.0571765 0.0847522 0.114353 0.00326386
0 0.595338 0.0276287 0.21777 0.0552337 0.00312371
0 0.123392 0.401406 0.246784 0.61516 0.00286531
0 0.977152 0.719915 0.0456963 0.260165 0.00286248
0 0.63716 0.0240189 0.327168 0.0480378 0.00244079
0 0.0353419 0.0827204 0.0706839 0.164858 0.00243634
0 0.564118 0.0238961 0.472034 0.0477922 0.00237493
0 0.0765828 0.0386955 0.152163 0.0773182 0.00223328
0 0.975754 0.755561 0.0484917 0.361173 0.00187827
0 0.98115 0.509448 0.037679 0.306434 0.00184904
0 0.97382 0.514608 0.0522652 0.344958 0.00183208
0 0.0207891 0.0681492 0.0415666 0.135871 0.00174204
0 0.167547 0.0262141 0.332923 0.0524282 0.00167586
0 0.212837 0.71954 0.425674 0.56092 0.00155997
0 0.0541894 0.0263949 0.107862 0.0525552 0.00150538
0 0.146308 0.0155149 0.292615 0.0310298 0.00147882
0 0.502271 0.491822 0.333837 0.374199 0.00139932
0 0.967071 0.71035 0.0658588 0.309359 0.00139622
0 0.544211 0.0171931 0.35219 0.0343863 0.00131472
0 0.982627 0.685476 0.0347463 0.212683 0.00126671
0 0.67693 0.0369514 0.575312 0.0739027 0.00125468
0 0.532982 0.0346069 0.614134 0.0692138 0.00124674
0 0.703001 0.405169 0.404783 0.389784 0.001244
0 0.92562 0.92929 0.14876 0.141421 0.00122839
0 0.992787 0.749 0.0144264 0.119997 0.00120863
0 0.638046 0.0483855 0.581276 0.096771 0.0012018
0 0.982276 0.767703 0.0354482 0.361392 0.00113051
0 0.181693 0.0353141 0.361112 0.0706281 0.00111551
0 0.0844752 0.0642326 0.168913 0.128296 0.001108
0 0.606925 0.0262221 0.145265 0.0524149 0.00109101
0 0.0249827 0.0504291 0.0499654 0.100858 0.00108401
0 0.494305 0.491706 0.240181 0.329762 0.00104609
0 0.963437 0.522788 0.0729332 0.356432 0.00102261
0 0.758027 0.379018 0.407223 0.422852 0.0010056
