0 0.429579 0.378959 0.149345 0.148756 0.914703
0 0.577061 0.931743 0.219088 0.132767 0.0112377
0 0.268658 0.0201605 0.360892 0.040321 0.0053834
0 0.325589 0.988847 0.203139 0.0221519 0.00529913
0 0.326982 0.993187 0.176955 0.0135475 0.00274345
0 0.729193 0.367302 0.541613 0.734605 0.002671
0 0.182907 0.00955858 0.104478 0.0190605 0.0017658
0 0.181698 0.00988788 0.146537 0.0197758 0.00168905
0 0.286148 0.0366041 0.389856 0.0732081 0.00166479
0 0.426191 0.0120796 0.217419 0.0241591 0.00164443
0 0.251817 0.0203418 0.246553 0.0406803 0.00163601
0 0.176681 0.0120754 0.191495 0.0241508 0.00137427
0 0.374912 0.595854 0.749823 0.769156 0.00127389
0 0.299378 0.96785 0.371301 0.0642388 0.00123173
0 0.195899 0.0127881 0.136192 0.0255754 0.00117865
0 0.532858 0.947431 0.142291 0.104314 0.00116457
0 0.295311 0.974083 0.302063 0.0518136 0.00114509
