0 0.384065 0.231622 0.139767 0.197355 0.924452
0 0.381292 0.231663 0.191321 0.233433 0.787439
0 0.850015 0.103342 0.100652 0.110474 0.310522
0 0.879678 0.980076 0.101668 0.0398476 0.116754
0 0.381832 0.232428 0.262624 0.275296 0.0377904
0 0.949731 0.875598 0.0889339 0.0997636 0.0243099
0 0.0252621 0.524062 0.0505243 0.320994 0.0158616
0 0.0235899 0.534356 0.0471777 0.213781 0.0149137
0 0.0198815 0.516394 0.039763 0.279651 0.0106278
0 0.880581 0.978588 0.138736 0.0428245 0.00530785
0 0.0328708 0.529514 0.0657416 0.264522 0.00454297
0 0.868051 0.341216 0.105445 0.112678 0.00425865
0 0.55773 0.920822 0.175325 0.158356 0.00302029
0 0.862202 0.980542 0.206461 0.0387868 0.00236502
0 0.242511 0.0155754 0.325766 0.0311158 0.00217714
0 0.893544 0.982499 0.200078 0.0350016 0.00216313
0 0.0312438 0.492287 0.0622216 0.41349 0.00151236
0 0.859193 0.976029 0.272962 0.0479423 0.00140312
0 0.015913 0.491656 0.031826 0.333813 0.00127208
0 0.553494 0.958966 0.20664 0.0820681 0.00106494
