0 0.560984 0.548308 0.130823 0.123481 0.578238
0 0.564966 0.543327 0.159369 0.160006 0.198038
0 0.243875 0.0471712 0.48775 0.0943423 0.00666664
0 0.228318 0.0330514 0.446063 0.0661029 0.00589501
0 0.298916 0.0258237 0.236547 0.0516473 0.00328864
0 0.219514 0.0254833 0.387867 0.050913 0.00326734
0 0.277992 0.0242958 0.325972 0.0485916 0.00273149
0 0.299861 0.0325102 0.380807 0.0650203 0.00252897
0 0.236648 0.0757589 0.469574 0.151518 0.00247099
0 0.812981 0.0408238 0.374039 0.0816358 0.00212125
0 0.0338998 0.0584881 0.0676901 0.116976 0.00202026
0 0.838551 0.0318173 0.322899 0.0636347 0.00196244
0 0.98259 0.443664 0.0348194 0.353623 0.00185096
0 0.132603 0.0351678 0.265206 0.0703357 0.00173661
0 0.0370479 0.843343 0.0740269 0.313314 0.00167232
0 0.0309433 0.0805402 0.0618284 0.16108 0.00163095
0 0.149588 0.0322116 0.299177 0.0644232 0.00160067
0 0.0466024 0.0908902 0.0932049 0.18178 0.00154071
0 0.0827366 0.0616329 0.165471 0.123266 0.00151766
0 0.301796 0.0634537 0.603592 0.126907 0.00144497
0 0.975635 0.445053 0.04873 0.3862 0.00141415
0 0.175481 0.0297128 0.33841 0.0592256 0.00140661
0 0.153307 0.0434531 0.306614 0.0869063 0.00139962
0 0.0391182 0.187352 0.0781563 0.374704 0.00139883
0 0.0237663 0.853845 0.0475325 0.29231 0.00136512
0 0.0523256 0.0453761 0.104651 0.090631 0.00136265
0 0.129858 0.0509443 0.259716 0.101889 0.00133166
0 0.158578 0.0286451 0.237224 0.0572592 0.00131167
0 0.0266586 0.213983 0.0533172 0.37595 0.00127356
0 0.204076 0.103161 0.40769 0.206322 0.00121925
0 0.0573806 0.0618163 0.114761 0.123633 0.00119878
0 0.0487091 0.0214963 0.0974183 0.042853 0.00118631
0 0.130287 0.0239257 0.260574 0.0478513 0.00117585
0 0.100926 0.0731788 0.201453 0.145858 0.00117163
0 0.345581 0.0221331 0.309498 0.0442661 0.00116784
0 0.0258368 0.141532 0.0516736 0.269822 0.00112724
0 0.826014 0.0255633 0.347972 0.0511039 0.00109006
0 0.01706 0.212704 0.03412 0.325288 0.00103544
0 0.779892 0.0461537 0.440216 0.0921663 0.00102375
0 0.309438 0.0116176 0.206133 0.0232352 0.00100684
