0 0.546037 0.168547 0.222955 0.213478 0.937286
0 0.992334 0.55474 0.015331 0.125121 0.00821954
0 0.545878 0.17309 0.301213 0.286965 0.00616513
0 0.988568 0.55565 0.0228472 0.142904 0.00491128
0 0.992375 0.530333 0.0152506 0.141108 0.00340444
0 0.988662 0.520917 0.0226457 0.188877 0.00211133
0 0.0108815 0.467556 0.0217629 0.197447 0.00179333
0 0.984426 0.509976 0.0310928 0.252257 0.00165632
0 0.0328533 0.726056 0.0657065 0.108836 0.0015667
0 0.98821 0.688836 0.0235809 0.173358 0.00145162
0 0.0432172 0.728635 0.0864344 0.121976 0.00139969
0 0.984519 0.711241 0.0309422 0.215567 0.00129693
0 0.103035 0.0114479 0.206069 0.0227988 0.00113439
0 0.11745 0.0163186 0.2349 0.0326372 0.00103898
