0 0.460255 0.370286 0.116432 0.170299 0.913978
0 0.274601 0.0665154 0.240776 0.13296 0.0317536
0 0.98252 0.0280419 0.0348854 0.05511 0.0117914
0 0.990275 0.0243607 0.0194494 0.0487215 0.0098828
0 0.985849 0.0239366 0.0280513 0.0478175 0.00913312
0 0.990849 0.0300795 0.0183019 0.0601591 0.0088726
0 0.987823 0.0436776 0.0243549 0.0873552 0.00839439
0 0.991471 0.0325967 0.0169821 0.0651934 0.0075379
0 0.980397 0.0183075 0.039206 0.0366149 0.00600859
0 0.987114 0.0667317 0.0257713 0.133463 0.00408878
0 0.982367 0.05209 0.035255 0.10363 0.00336968
0 0.969212 0.439946 0.061559 0.30657 0.00335981
0 0.275945 0.0357171 0.241978 0.0714342 0.00335485
0 0.977273 0.043457 0.0452205 0.086914 0.00306083
0 0.980962 0.439426 0.0380754 0.301856 0.00290987
0 0.9917 0.0518517 0.0165209 0.103703 0.00261877
0 0.951487 0.0293302 0.0970269 0.0585926 0.00246719
0 0.0105139 0.402725 0.0210278 0.186363 0.00212348
0 0.976931 0.0683416 0.0460607 0.136683 0.00196532
0 0.496796 0.0630988 0.166525 0.126198 0.00182826
0 0.95831 0.428125 0.0832 0.253613 0.00171237
0 0.955953 0.0217611 0.0867512 0.0433219 0.00169069
0 0.474657 0.0819945 0.211353 0.163989 0.00167942
0 0.0209079 0.685564 0.041731 0.124238 0.00152758
0 0.296159 0.0180214 0.218692 0.0359324 0.00145695
0 0.332789 0.0127832 0.155644 0.0255664 0.00134797
0 0.502999 0.033158 0.158488 0.0662176 0.00134298
0 0.936264 0.0421762 0.127472 0.084187 0.00130325
0 0.31675 0.0157431 0.169811 0.0313243 0.00126912
0 0.0142029 0.683485 0.0283611 0.130617 0.00119649
0 0.025573 0.710375 0.0511131 0.187712 0.00112138
0 0.286595 0.0268663 0.23739 0.0535993 0.00106645
