0 0.518824 0.202924 0.275192 0.261243 0.773535
0 0.499357 0.206146 0.327404 0.350342 0.0218746
0 0.93544 0.956737 0.129041 0.086307 0.00809896
0 0.919059 0.945437 0.161883 0.109117 0.00553483
0 0.969545 0.967876 0.0609095 0.0642484 0.00318349
0 0.92679 0.97635 0.14642 0.0472918 0.00315388
0 0.508799 0.291378 0.322714 0.443149 0.0029156
0 0.911233 0.964759 0.177534 0.0704818 0.0028981
0 0.989475 0.969935 0.0210501 0.0601292 0.00283729
0 0.960361 0.952871 0.0792322 0.0942582 0.00196605
0 0.863192 0.983452 0.273616 0.0329603 0.00196386
0 0.46856 0.321483 0.426405 0.532526 0.00190211
0 0.890904 0.982839 0.218192 0.0343212 0.0018782
0 0.993145 0.956574 0.0137098 0.0868516 0.00171108
0 0.944561 0.899606 0.110879 0.200787 0.00169748
0 0.847422 0.978142 0.305157 0.0437162 0.00149391
0 0.975055 0.892441 0.0498697 0.215118 0.00138023
0 0.0268148 0.116056 0.0535127 0.232113 0.00130554
0 0.470915 0.225285 0.144629 0.214825 0.0013014
0 0.874787 0.977283 0.250426 0.0454335 0.00121509
0 0.955091 0.981723 0.0898184 0.0365546 0.00120119
0 0.532837 0.043313 0.376368 0.0865767 0.00106018
