0 0.533119 0.163917 0.231579 0.182295 0.83099
0 0.533292 0.163725 0.28532 0.250505 0.541277
0 0.60132 0.168749 0.106606 0.176245 0.409432
0 0.534686 0.163633 0.344973 0.312059 0.0254069
0 0.56907 0.165653 0.171655 0.180834 0.00831014
0 0.00967346 0.513559 0.0192904 0.151453 0.00686735
0 0.0140018 0.510866 0.0279892 0.239071 0.00490853
0 0.00596769 0.52011 0.0118651 0.132557 0.00355941
0 0.0108525 0.510157 0.0216064 0.198396 0.00335724
0 0.021267 0.501163 0.042534 0.278226 0.0027233
0 0.957968 0.976869 0.0840518 0.0460811 0.0018631
0 0.0140981 0.461528 0.0281963 0.291376 0.00184096
0 0.650326 0.978397 0.386744 0.0432063 0.0014325
0 0.675354 0.9838 0.257676 0.0323704 0.00138804
0 0.0289028 0.509417 0.0578057 0.357345 0.00122813
0 0.0108478 0.448851 0.021578 0.210808 0.00120098
0 0.662497 0.970091 0.320452 0.0598187 0.00117581
0 0.111727 0.934334 0.219295 0.131038 0.00107846
0 0.943548 0.969784 0.112407 0.0604316 0.00101052
