0 0.35101 0.378194 0.122456 0.118679 0.894713
0 0.351282 0.38065 0.148939 0.144053 0.0357713
0 0.0545471 0.795341 0.109077 0.409317 0.0168031
0 0.0463731 0.814698 0.0926707 0.360802 0.00723293
0 0.0760942 0.780082 0.152174 0.439837 0.00546446
0 0.0439849 0.757034 0.0879698 0.333336 0.00521475
0 0.682939 0.0160214 0.345752 0.0320428 0.00329093
0 0.722504 0.0232872 0.371662 0.0465743 0.00227925
0 0.730734 0.0346704 0.500654 0.0691313 0.00205513
0 0.353254 0.988743 0.203508 0.0225149 0.00166599
0 0.361028 0.983683 0.281262 0.0325851 0.00123164
0 0.745074 0.0122769 0.116979 0.0245539 0.00123098
0 0.354495 0.977957 0.329221 0.0440868 0.00119574
0 0.98322 0.265433 0.0335094 0.260791 0.00111638
0 0.6877 0.0279257 0.48243 0.0558514 0.00109674
0 0.71622 0.0584125 0.567561 0.116825 0.00106087
0 0.0914333 0.695349 0.182646 0.609301 0.0010344
0 0.115247 0.981213 0.226072 0.0374988 0.00101796
