0 0.57879 0.389641 0.206362 0.208638 0.92195
0 0.702626 0.954114 0.158175 0.0917722 0.230456
0 0.0710404 0.974865 0.141419 0.049978 0.215052
0 0.702137 0.978297 0.155545 0.0434068 0.116197
0 0.0885303 0.988333 0.106 0.0232915 0.059902
0 0.582102 0.39131 0.287959 0.290427 0.0452906
0 0.949025 0.984338 0.101376 0.0313246 0.0430467
0 0.0710986 0.982512 0.139777 0.0347424 0.0367494
0 0.0706317 0.972225 0.140649 0.0555508 0.0156711
0 0.942582 0.978264 0.114156 0.0434101 0.0127112
0 0.0775768 0.951464 0.154996 0.0970713 0.00906763
0 0.0989555 0.935888 0.197911 0.128224 0.00845363
0 0.0931947 0.986436 0.186389 0.0270268 0.00788638
0 0.950307 0.985515 0.0993861 0.0289692 0.00763024
0 0.833946 0.986411 0.0633218 0.0271771 0.00607371
0 0.902246 0.983975 0.195508 0.0320491 0.00510045
0 0.947557 0.966942 0.104887 0.0661161 0.00435426
0 0.992883 0.845413 0.0142345 0.131582 0.00405045
0 0.988908 0.845006 0.0220538 0.176232 0.00362741
0 0.682787 0.980645 0.139992 0.0387098 0.00334951
0 0.968587 0.91516 0.062826 0.16968 0.00333293
0 0.0985077 0.991217 0.0887618 0.0175662 0.00327811
0 0.969909 0.964213 0.0601827 0.0715742 0.00307539
0 0.089892 0.964798 0.179784 0.0702302 0.00257464
0 0.992978 0.155743 0.014044 0.155833 0.00254005
0 0.0699717 0.897306 0.139857 0.205389 0.00215131
0 0.0764251 0.979214 0.15285 0.0415724 0.00213958
0 0.0642534 0.979958 0.128507 0.0400833 0.00209623
0 0.967196 0.855406 0.0656071 0.289188 0.00199972
0 0.885973 0.978507 0.228054 0.0429854 0.00177236
0 0.857275 0.987497 0.157065 0.0250058 0.00165152
0 0.127083 0.911937 0.253641 0.176125 0.00153418
0 0.989225 0.1505 0.0215499 0.202644 0.00134141
0 0.0514744 0.981039 0.102949 0.0379225 0.00121342
0 0.696701 0.983754 0.182095 0.0324254 0.00111045
0 0.98272 0.869158 0.0344627 0.250253 0.00110396
0 0.0239886 0.450398 0.0479137 0.359164 0.001097
