0 0.401547 0.296123 0.168375 0.177328 0.911818
0 0.543704 0.734472 0.125463 0.126037 0.01169
0 0.031215 0.815798 0.0624299 0.273269 0.00653968
0 0.0395352 0.847391 0.0790312 0.281966 0.00609298
0 0.0212124 0.820741 0.0423882 0.232895 0.0044532
0 0.97308 0.286226 0.0538391 0.365988 0.00376116
0 0.0484666 0.847983 0.0969331 0.304035 0.00316277
0 0.0269952 0.773379 0.0538579 0.37239 0.00309564
0 0.0186903 0.774699 0.0373807 0.318521 0.00251173
0 0.94893 0.260561 0.10214 0.510532 0.00245485
0 0.97895 0.262218 0.0420575 0.342735 0.00244863
0 0.0365008 0.818677 0.0730016 0.203639 0.00216716
0 0.0302705 0.855282 0.060541 0.289435 0.00210438
0 0.95933 0.287633 0.0813395 0.427702 0.00194858
0 0.983851 0.119037 0.0321918 0.238074 0.00191454
0 0.982713 0.861364 0.0345149 0.277272 0.00152531
0 0.094846 0.0178411 0.189692 0.0356823 0.00149087
0 0.240177 0.989226 0.202125 0.0215489 0.00147083
0 0.974812 0.188985 0.0502236 0.377442 0.00139783
0 0.982293 0.174176 0.0353349 0.295748 0.00139291
0 0.981401 0.310939 0.0371978 0.338919 0.00136691
0 0.977031 0.130779 0.0459003 0.261557 0.00128223
0 0.98315 0.57029 0.0336711 0.205398 0.00128175
0 0.969468 0.237563 0.0609279 0.389724 0.00121723
0 0.0826967 0.0621628 0.164362 0.123918 0.00119684
0 0.0186278 0.819416 0.0372555 0.166824 0.00117373
0 0.0908922 0.809423 0.179971 0.217646 0.00114814
0 0.97576 0.852019 0.0484796 0.295962 0.00108024
0 0.976196 0.572154 0.0476087 0.214353 0.0010719
0 0.103132 0.0244727 0.206265 0.0489455 0.00101934
0 0.0707026 0.0381105 0.140967 0.0761601 0.0010113
0 0.057041 0.0689375 0.114082 0.137875 0.00100002
