0 0.453833 0.326771 0.135635 0.162684 0.902203
0 0.938161 0.920052 0.122988 0.15981 0.0059374
0 0.455832 0.329784 0.18981 0.212036 0.00432899
0 0.984407 0.524256 0.0311856 0.105402 0.00313402
0 0.940185 0.987529 0.11963 0.0247754 0.00228008
0 0.919712 0.936219 0.160577 0.127562 0.00191745
0 0.94563 0.992617 0.108741 0.0147669 0.00176477
0 0.534506 0.838498 0.163659 0.216395 0.00174245
0 0.928328 0.98269 0.141122 0.0346192 0.00141987
0 0.986819 0.526083 0.0263209 0.0642064 0.00127397
0 0.983886 0.546255 0.0322285 0.125344 0.00106947
