0 0.518909 0.221671 0.453947 0.406209 0.931749
0 0.233573 0.965325 0.250645 0.06935 0.105601
0 0.208822 0.96488 0.357478 0.0697975 0.0551705
0 0.243987 0.964685 0.162743 0.0704303 0.0117067
0 0.195428 0.981573 0.312142 0.0368168 0.0027122
0 0.984241 0.311449 0.0314996 0.203025 0.00240863
0 0.992906 0.319954 0.0141881 0.138566 0.00228566
0 0.989151 0.328687 0.0216985 0.16763 0.00217738
0 0.408204 0.0455517 0.49601 0.0911034 0.00166106
0 0.186045 0.974749 0.365366 0.050397 0.00154223
0 0.983393 0.289022 0.0332005 0.300436 0.00149509
0 0.431054 0.0713109 0.576305 0.142493 0.00135533
0 0.981654 0.748446 0.036608 0.368777 0.00133303
0 0.977472 0.301571 0.0450553 0.314754 0.00130269
0 0.209578 0.965369 0.266481 0.0692626 0.00125061
0 0.980375 0.471116 0.0392491 0.380172 0.0012442
0 0.981634 0.336154 0.0367262 0.272269 0.00117706
