0 0.447542 0.199941 0.192609 0.180396 0.917933
0 0.443556 0.200967 0.245693 0.234631 0.745956
0 0.443431 0.195555 0.293347 0.295868 0.0178643
0 0.219735 0.0157648 0.250045 0.0315295 0.0165299
0 0.439284 0.0248627 0.300617 0.0497254 0.0164282
0 0.0375616 0.849746 0.0751233 0.300507 0.01238
0 0.0308476 0.864865 0.0616346 0.266026 0.011337
0 0.207401 0.00929614 0.154264 0.0185202 0.0109086
0 0.20259 0.011685 0.198302 0.0233613 0.0102016
0 0.770885 0.98428 0.258717 0.0314406 0.00953537
0 0.987696 0.651703 0.024608 0.225645 0.0084023
0 0.596323 0.184192 0.162193 0.239938 0.00693672
0 0.771873 0.989148 0.195403 0.021703 0.00675362
0 0.0265984 0.862997 0.0530578 0.214226 0.00672658
0 0.979157 0.66289 0.0416859 0.301725 0.0061329
0 0.24234 0.0250113 0.321997 0.0500227 0.00583854
0 0.992335 0.629382 0.0152829 0.190009 0.00578405
0 0.970774 0.659229 0.0584511 0.310198 0.00510932
0 0.759002 0.978479 0.310897 0.0430417 0.00504554
0 0.46984 0.0212093 0.219931 0.0424173 0.00503412
0 0.442734 0.0369682 0.337473 0.0739364 0.00453578
0 0.98427 0.658406 0.0314432 0.254566 0.00449871
0 0.0352574 0.95957 0.0705147 0.0808606 0.00417685
0 0.0497733 0.953102 0.0995398 0.0937421 0.00412008
0 0.162728 0.0124788 0.204658 0.0249104 0.00397969
0 0.513845 0.0124728 0.14547 0.0249343 0.00394556
0 0.991478 0.669409 0.0169669 0.192034 0.00379789
0 0.213382 0.031726 0.34963 0.0634425 0.00373681
0 0.181012 0.010014 0.15471 0.019925 0.00361751
0 0.771578 0.993062 0.150131 0.0138764 0.0034883
0 0.238715 0.0117076 0.195425 0.0233877 0.00343251
0 0.526788 0.0132497 0.199837 0.0263242 0.00327887
0 0.048757 0.820296 0.097514 0.359408 0.00312341
0 0.187354 0.0230485 0.316498 0.0460971 0.00312206
0 0.74986 0.991982 0.110837 0.0159845 0.00285633
0 0.47367 0.0411126 0.225931 0.0819974 0.00280733
0 0.0108733 0.637836 0.0216992 0.132126 0.00273135
0 0.167353 0.0156631 0.302883 0.0313262 0.00233296
0 0.242934 0.00871868 0.159737 0.0174221 0.0022804
0 0.504822 0.0161886 0.149809 0.0321614 0.00224017
0 0.0237628 0.598364 0.0475256 0.45213 0.00217634
0 0.0242062 0.84275 0.0483065 0.302247 0.00214194
0 0.759117 0.968536 0.392192 0.0629278 0.00200148
0 0.0168299 0.562424 0.0336597 0.300338 0.00194707
0 0.0132445 0.631523 0.0264889 0.273603 0.00193922
0 0.0157271 0.54245 0.0314212 0.172064 0.00190754
0 0.504206 0.153505 0.32041 0.305051 0.00183572
0 0.0652544 0.94288 0.12984 0.114218 0.00174227
0 0.275087 0.0162253 0.307088 0.0324506 0.00168712
0 0.269986 0.0349133 0.489499 0.0698266 0.0015371
0 0.95407 0.667766 0.0918597 0.315137 0.00150016
0 0.040046 0.598231 0.0800921 0.511699 0.00149575
0 0.030508 0.81021 0.0609706 0.379579 0.00144589
0 0.418938 0.0234523 0.455116 0.0469045 0.00139685
0 0.553766 0.15636 0.23678 0.299527 0.0013922
0 0.305345 0.0543083 0.61069 0.108511 0.00132216
0 0.508472 0.0461567 0.15354 0.0920363 0.00131992
0 0.501656 0.0226443 0.163168 0.0452886 0.00122566
0 0.0225819 0.880826 0.0451549 0.238348 0.00120189
0 0.0236044 0.260348 0.0471414 0.247363 0.00119905
0 0.00875938 0.641887 0.0175124 0.11306 0.00118107
0 0.0105545 0.0673544 0.0210239 0.134709 0.00114226
0 0.989154 0.683195 0.0216929 0.21502 0.00112886
0 0.0167209 0.0874703 0.0334419 0.174941 0.00108352
0 0.0061331 0.0505608 0.0122662 0.101122 0.00104731
