0 0.656504 0.297341 0.328768 0.269581 0.917066
0 0.657124 0.302648 0.421521 0.381643 0.0253346
0 0.254451 0.787543 0.507588 0.424914 0.0175021
0 0.971029 0.713871 0.0579416 0.243291 0.00555873
0 0.114465 0.730984 0.216668 0.24294 0.00548438
0 0.199727 0.802085 0.383876 0.394771 0.00347955
0 0.0207948 0.0441755 0.0415897 0.0881139 0.00168662
0 0.0107415 0.395442 0.0214831 0.204928 0.00129042
0 0.710373 0.695773 0.579255 0.608455 0.00125659
0 0.0164938 0.856793 0.0329875 0.286414 0.00123051
0 0.218721 0.396388 0.437443 0.486126 0.00108948
0 0.0205814 0.0516272 0.0408061 0.103254 0.00107805
0 0.0233121 0.846746 0.0466242 0.306507 0.001069
