0 0.489441 0.216369 0.157086 0.17009 0.934223
0 0.987878 0.396295 0.0242447 0.14095 0.126634
0 0.992184 0.404629 0.015471 0.116015 0.114934
0 0.486022 0.215684 0.206835 0.223445 0.0538083
0 0.983128 0.400275 0.0337435 0.152134 0.0155254
0 0.980609 0.37661 0.0387822 0.235596 0.0117862
0 0.58153 0.59578 0.83694 0.80844 0.00750375
0 0.975802 0.405672 0.0483954 0.19621 0.00488588
0 0.971723 0.34221 0.0565538 0.296031 0.00473425
0 0.982076 0.0561695 0.0358324 0.111949 0.00212963
0 0.987802 0.0533457 0.0243951 0.106691 0.00157441
0 0.967635 0.333302 0.0647291 0.376504 0.0013262
0 0.976607 0.0687062 0.0466835 0.137173 0.00106244
0 0.992841 0.0501569 0.0143173 0.100314 0.00100991
