0 0.509016 0.383093 0.18827 0.146092 0.885407
0 0.504183 0.385422 0.230917 0.211518 0.104379
0 0.198411 0.982288 0.0913149 0.0351983 0.0502657
0 0.21795 0.98286 0.136837 0.0340486 0.0288778
0 0.498327 0.991846 0.10097 0.0162835 0.0215301
0 0.169272 0.9806 0.15804 0.038654 0.0212582
0 0.206206 0.978642 0.157812 0.0427158 0.0195646
0 0.1514 0.973965 0.205547 0.0520698 0.0156699
0 0.497867 0.98854 0.14898 0.0228539 0.0150553
0 0.0203928 0.253255 0.0407444 0.173398 0.0144275
0 0.978786 0.622749 0.0424279 0.200331 0.0118674
0 0.983629 0.610596 0.0326903 0.170245 0.00667902
0 0.0159293 0.263266 0.0318586 0.226705 0.00628598
0 0.140606 0.97929 0.172469 0.0414207 0.00565659
0 0.0206969 0.220292 0.0412912 0.109411 0.00469384
0 0.984403 0.314452 0.0311933 0.226613 0.00404722
0 0.955421 0.954283 0.0891573 0.0912957 0.00396867
0 0.0218398 0.26208 0.04365 0.284151 0.00392004
0 0.973421 0.632498 0.0531218 0.269008 0.00391824
0 0.0158647 0.277861 0.0316532 0.13538 0.00361986
0 0.184945 0.98411 0.0927019 0.0317792 0.00354202
0 0.868523 0.0548824 0.130751 0.108855 0.00340431
0 0.0115358 0.288186 0.0230716 0.153839 0.0032418
0 0.219743 0.97676 0.217362 0.0464791 0.00323602
0 0.511881 0.984609 0.221158 0.0307294 0.00297963
0 0.865214 0.0243822 0.140371 0.0482165 0.00271182
0 0.493362 0.978773 0.309725 0.042438 0.00237483
0 0.873383 0.0170917 0.122773 0.0339393 0.00235441
0 0.938025 0.93286 0.12395 0.13427 0.00234934
0 0.0108974 0.686 0.0217947 0.172896 0.00222254
0 0.0306516 0.256692 0.0612069 0.184057 0.00220044
0 0.923154 0.965707 0.1533 0.0683761 0.00199024
0 0.11926 0.970848 0.23548 0.0579532 0.00195645
0 0.230798 0.981675 0.182884 0.0366509 0.00183867
0 0.862836 0.0789899 0.140722 0.155871 0.00173346
0 0.977567 0.317565 0.0448664 0.291586 0.00172606
0 0.967397 0.9473 0.0652057 0.105057 0.00171865
0 0.0086521 0.287866 0.0173042 0.118977 0.00168673
0 0.98227 0.345806 0.0354592 0.265062 0.00162957
0 0.015779 0.31228 0.0315325 0.323695 0.00156351
0 0.973604 0.865406 0.0527916 0.269188 0.00145234
0 0.965382 0.877385 0.0692353 0.245229 0.00142407
0 0.0339739 0.273708 0.0679478 0.276542 0.00141644
0 0.906766 0.952061 0.178769 0.0958774 0.00133123
0 0.858037 0.918373 0.201715 0.163254 0.00130669
0 0.934704 0.95576 0.130291 0.0884792 0.00128094
0 0.987708 0.320158 0.0245843 0.198798 0.00121626
0 0.518277 0.989745 0.210274 0.02051 0.0011902
0 0.0231075 0.314816 0.0461788 0.384908 0.00117921
0 0.968145 0.623972 0.0637108 0.209352 0.00117163
0 0.475385 0.983678 0.300665 0.0324819 0.00114994
0 0.146666 0.378397 0.0552243 0.0735533 0.00112669
0 0.982238 0.825197 0.035525 0.313368 0.00106692
0 0.98726 0.591033 0.0254807 0.107908 0.00102135
0 0.0138705 0.646083 0.0277317 0.214593 0.00101652
