0 0.360406 0.33476 0.182134 0.190613 0.918583
0 0.357726 0.336065 0.236762 0.237221 0.0655436
0 0.0984094 0.82601 0.191614 0.1453 0.0107702
0 0.986185 0.695331 0.0276305 0.238703 0.00590097
0 0.98708 0.664795 0.0258163 0.166535 0.00453305
0 0.525848 0.742295 0.527281 0.30622 0.00304166
0 0.984269 0.767435 0.0313981 0.270875 0.00289627
0 0.992143 0.659039 0.0156986 0.143172 0.00257098
0 0.983239 0.708357 0.0335216 0.310844 0.00234013
0 0.975754 0.714559 0.048492 0.354926 0.0019623
0 0.0957324 0.96666 0.190002 0.0666571 0.001928
0 0.109674 0.630519 0.21799 0.283656 0.00142445
0 0.977621 0.605597 0.0446105 0.366029 0.00136734
0 0.984024 0.310659 0.0318943 0.278669 0.00131566
0 0.983906 0.613615 0.0321878 0.28718 0.0011967
0 0.988963 0.295884 0.0220731 0.196876 0.00105823
