0 0.438711 0.315758 0.173111 0.182157 0.93648
0 0.965818 0.809832 0.0683633 0.301973 0.0690421
0 0.965007 0.775245 0.0699867 0.447158 0.0318328
0 0.960203 0.808355 0.0795947 0.38329 0.00773886
0 0.977166 0.837283 0.0456688 0.325435 0.00739173
0 0.078701 0.193587 0.157402 0.260478 0.00537864
0 0.0371511 0.258725 0.0742423 0.116448 0.00520342
0 0.974109 0.764296 0.0517811 0.360257 0.00368307
0 0.072722 0.962264 0.145349 0.0754726 0.00291343
0 0.949387 0.75641 0.101226 0.473292 0.002675
0 0.0609327 0.949349 0.121831 0.101302 0.00206224
0 0.389984 0.98028 0.341285 0.0394028 0.00204617
0 0.0474835 0.979487 0.0949669 0.0410265 0.00203527
0 0.970685 0.82688 0.0586135 0.34624 0.00200782
0 0.985263 0.863434 0.0294735 0.180447 0.00196275
0 0.383918 0.975996 0.402523 0.0478083 0.00189353
0 0.0443123 0.960928 0.088117 0.0781437 0.00156023
0 0.197979 0.978244 0.263687 0.0435113 0.00136924
0 0.210175 0.988663 0.190038 0.0226731 0.00117283
0 0.0692499 0.989148 0.1385 0.0216942 0.00116885
0 0.412598 0.964207 0.315786 0.0715854 0.00113564
0 0.204287 0.98318 0.218014 0.0336394 0.00105233
0 0.97849 0.849137 0.0429317 0.211454 0.00103739
0 0.0502851 0.21077 0.10057 0.212575 0.00102281
