0 0.39567 0.352614 0.165924 0.16824 0.911042
0 0.985748 0.711301 0.0285041 0.102634 0.123354
0 0.983955 0.673933 0.0320512 0.223037 0.0515584
0 0.986015 0.717011 0.0279703 0.144773 0.0176899
0 0.977629 0.669951 0.0446366 0.286262 0.0128195
0 0.981917 0.6336 0.0361658 0.363262 0.0104577
0 0.972846 0.629007 0.0543085 0.274782 0.00798346
0 0.96873 0.619754 0.0625402 0.406954 0.0058262
0 0.978816 0.690396 0.0423189 0.208597 0.00486452
0 0.0270925 0.795157 0.0540993 0.221403 0.00455019
0 0.983785 0.696401 0.0321767 0.134014 0.00435245
0 0.332893 0.222306 0.665785 0.444486 0.00398415
0 0.0249515 0.788337 0.049903 0.301424 0.00345286
0 0.0352444 0.0874864 0.0704407 0.174614 0.00334072
0 0.389821 0.351262 0.201191 0.211314 0.00308352
0 0.924918 0.933111 0.148874 0.133778 0.0023691
0 0.992262 0.666769 0.0154474 0.154023 0.00225256
0 0.990653 0.700775 0.01868 0.169937 0.00217507
0 0.0302167 0.778143 0.0603744 0.363608 0.00204493
0 0.967888 0.674309 0.0640774 0.285429 0.00165035
0 0.0110755 0.32557 0.0221509 0.191432 0.00151193
0 0.0413687 0.668465 0.0827374 0.257833 0.00150629
0 0.0138708 0.303562 0.0277416 0.280829 0.00123189
0 0.988089 0.671489 0.0237861 0.171704 0.00117475
0 0.464326 0.971924 0.0504864 0.0560195 0.00113964
0 0.951114 0.620916 0.0977726 0.292136 0.0011393
0 0.893472 0.0221581 0.213057 0.0443163 0.0010635
