0 0.459998 0.419081 0.159744 0.151028 0.671027
0 0.449888 0.592003 0.147134 0.150579 0.190605
0 0.460523 0.4242 0.190215 0.181913 0.121856
0 0.887861 0.0665889 0.224225 0.133102 0.0103292
0 0.827994 0.0232443 0.344011 0.0464885 0.00560808
0 0.451656 0.58977 0.184092 0.188754 0.00478125
0 0.860312 0.0393104 0.279375 0.078506 0.00436335
0 0.937037 0.185258 0.125583 0.205452 0.00402814
0 0.835283 0.015526 0.329435 0.0310519 0.00340122
0 0.564231 0.951292 0.386493 0.0974168 0.00335064
0 0.938966 0.186863 0.122044 0.289624 0.0032195
0 0.800632 0.0344508 0.398737 0.0689015 0.00313085
0 0.876251 0.0295405 0.246159 0.0587191 0.00286098
0 0.599341 0.285749 0.255698 0.259622 0.00230517
0 0.930871 0.182178 0.138258 0.348152 0.00221702
0 0.564806 0.956039 0.274297 0.0879228 0.00207754
0 0.882883 0.0198974 0.234233 0.0397143 0.00204453
0 0.823172 0.0562459 0.353657 0.112214 0.00189396
0 0.467343 0.434159 0.242005 0.254937 0.00184092
0 0.957002 0.926069 0.0859967 0.147862 0.00160441
0 0.46122 0.492524 0.229557 0.374996 0.00149309
0 0.769386 0.053331 0.461228 0.106313 0.00132294
0 0.979533 0.08101 0.0409336 0.16202 0.00131643
0 0.989073 0.0818897 0.0218384 0.163779 0.00127453
0 0.85419 0.0123017 0.207432 0.0246034 0.00127307
0 0.937054 0.222377 0.125893 0.427733 0.00123097
0 0.956986 0.503869 0.0860273 0.510068 0.00122853
0 0.904723 0.157903 0.190554 0.315806 0.00107096
0 0.913805 0.0593658 0.17239 0.118348 0.00106354
0 0.510388 0.0161918 0.26715 0.0323836 0.00103391
