0 0.453663 0.571478 0.184812 0.182722 0.775519
0 0.452245 0.570985 0.227953 0.22999 0.0514429
0 0.12906 0.945825 0.258121 0.108351 0.010941
0 0.178614 0.355844 0.310357 0.407379 0.00696142
0 0.266892 0.983779 0.348894 0.032374 0.00451381
0 0.806038 0.935042 0.146771 0.12348 0.0038923
0 0.168039 0.940466 0.336078 0.119069 0.00343118
0 0.253504 0.97782 0.404565 0.044361 0.00285235
0 0.199657 0.355394 0.387905 0.488478 0.00250795
0 0.241331 0.967714 0.405152 0.0645721 0.002096
0 0.159346 0.949022 0.318692 0.101956 0.00181084
0 0.178548 0.959114 0.357096 0.081681 0.00178977
0 0.0879141 0.92945 0.175761 0.1411 0.00130334
0 0.811974 0.914215 0.203627 0.17157 0.00108321
