0 0.471639 0.370111 0.207296 0.218756 0.941116
0 0.989066 0.126433 0.021848 0.111053 0.0318068
0 0.987812 0.136864 0.024377 0.149226 0.0280145
0 0.010879 0.383205 0.0217581 0.197969 0.0111937
0 0.181529 0.984247 0.142801 0.0312877 0.00620418
0 0.971594 0.317601 0.0567555 0.297933 0.00591813
0 0.47144 0.370034 0.28276 0.290215 0.00589717
0 0.992937 0.366165 0.0141256 0.16523 0.00544604
0 0.984196 0.0946199 0.0316081 0.18924 0.00487046
0 0.989052 0.364929 0.021897 0.209254 0.0040952
0 0.0219312 0.175757 0.0438624 0.166819 0.00386164
0 0.178574 0.980369 0.168718 0.0392368 0.00376604
0 0.0232798 0.174941 0.0465408 0.240727 0.00367047
0 0.977349 0.100201 0.0453014 0.200403 0.00363232
0 0.181408 0.986942 0.187133 0.0261161 0.00342529
0 0.00719305 0.382373 0.014321 0.155334 0.00336138
0 0.859865 0.95332 0.280269 0.0933596 0.00327144
0 0.9797 0.325222 0.0406005 0.296323 0.00322892
0 0.967714 0.0943592 0.0645361 0.188718 0.00317508
0 0.546628 0.98432 0.202438 0.031328 0.00291451
0 0.864991 0.928232 0.270019 0.142841 0.00260649
0 0.983527 0.727138 0.0329465 0.309286 0.00245597
0 0.542851 0.978001 0.245089 0.0439861 0.00229536
0 0.954255 0.319033 0.0911753 0.29753 0.00223405
0 0.00995819 0.468587 0.0199164 0.188192 0.00216941
0 0.990125 0.1176 0.0197358 0.149553 0.00203218
0 0.958764 0.058178 0.0824716 0.116356 0.00194265
0 0.874075 0.982446 0.243019 0.0351076 0.00193143
0 0.974679 0.29714 0.050641 0.391037 0.00178926
0 0.984069 0.75961 0.0317142 0.224099 0.00173965
0 0.977056 0.133835 0.0458885 0.267669 0.00171196
0 0.950904 0.0852941 0.0981922 0.169481 0.00168101
0 0.965015 0.0353311 0.0699694 0.07058 0.001649
0 0.0226229 0.158479 0.0452457 0.316957 0.00159339
0 0.145873 0.986348 0.169358 0.0273045 0.00155363
0 0.981268 0.371279 0.037465 0.341744 0.00153644
0 0.160245 0.98856 0.12544 0.0228809 0.00149368
0 0.977214 0.758767 0.0454803 0.299054 0.00149076
0 0.0236315 0.174969 0.0472631 0.121632 0.00147055
0 0.992303 0.136551 0.0153369 0.164996 0.00144158
0 0.0166107 0.192182 0.0332143 0.249462 0.00144085
0 0.0289316 0.179126 0.0578632 0.200146 0.00142894
0 0.93424 0.0366252 0.131011 0.0731577 0.00130305
0 0.8979 0.0503494 0.203556 0.100699 0.00124515
0 0.982483 0.777692 0.0350342 0.312718 0.00123074
0 0.814125 0.987591 0.182078 0.0248177 0.0012155
0 0.983489 0.125075 0.033022 0.18033 0.00119401
0 0.981343 0.198764 0.0371785 0.36538 0.00113889
0 0.0318543 0.179855 0.0637087 0.280328 0.00113835
0 0.189183 0.977327 0.238196 0.0453459 0.00113472
0 0.0227844 0.413721 0.0454784 0.27698 0.00111417
0 0.905514 0.0335463 0.188084 0.0670623 0.00106533
0 0.809777 0.992875 0.141988 0.0141916 0.00105088
0 0.975722 0.219087 0.0485562 0.384752 0.00103072
0 0.528326 0.988393 0.181325 0.0232147 0.00102487
0 0.0138667 0.402399 0.0277333 0.250944 0.00101829
0 0.550944 0.970002 0.351832 0.0599961 0.00100214
