0 0.61145 0.334167 0.262122 0.268641 0.938433
0 0.0132418 0.536304 0.0264836 0.264722 0.00349466
0 0.0111559 0.558296 0.0223091 0.187227 0.00311492
0 0.0168071 0.555535 0.0336143 0.281797 0.00273048
0 0.0225527 0.556585 0.0449776 0.334956 0.00236087
0 0.038234 0.244439 0.0764678 0.286056 0.00223884
0 0.472004 0.954856 0.359735 0.0902889 0.00220779
0 0.0293362 0.556989 0.0586472 0.368498 0.00154093
0 0.473264 0.959106 0.271296 0.0817881 0.00147583
0 0.975959 0.765838 0.0480822 0.393804 0.00125247
0 0.0381115 0.212215 0.076223 0.406672 0.00115859
