0 0.411201 0.260629 0.174386 0.201254 0.936198
0 0.680609 0.811114 0.222467 0.223269 0.462148
0 0.974931 0.283181 0.0497035 0.0707614 0.364849
0 0.984981 0.408237 0.0300378 0.112182 0.121051
0 0.98605 0.413647 0.0278993 0.180316 0.101994
0 0.412368 0.259897 0.251366 0.255683 0.0951581
0 0.713508 0.796923 0.199123 0.216111 0.0765995
0 0.677413 0.808287 0.26703 0.278347 0.0492497
0 0.98376 0.396019 0.0324146 0.320981 0.0323864
0 0.976262 0.2767 0.0474752 0.105643 0.0259231
0 0.99056 0.431986 0.0188044 0.204242 0.015152
0 0.718024 0.798948 0.269525 0.267566 0.0140106
0 0.980833 0.418264 0.0383341 0.226384 0.0126562
0 0.986368 0.430018 0.0272641 0.253265 0.0126425
0 0.646752 0.823235 0.329324 0.335792 0.0121998
0 0.97507 0.275239 0.0498603 0.19742 0.0116628
0 0.781291 0.799734 0.437418 0.370256 0.0115827
0 0.977882 0.365372 0.0441725 0.366898 0.011129
0 0.969977 0.277162 0.0599794 0.134573 0.0100802
0 0.599872 0.838041 0.359481 0.323918 0.00913834
0 0.699282 0.741924 0.257929 0.366611 0.00839167
0 0.110922 0.667069 0.0970719 0.0978945 0.0074042
0 0.0556813 0.907613 0.111166 0.184774 0.00670483
0 0.750936 0.735151 0.35977 0.39962 0.00631212
0 0.974351 0.298038 0.0512982 0.138529 0.00604389
0 0.010509 0.746088 0.0209529 0.155994 0.00548815
0 0.767782 0.769943 0.464436 0.460114 0.0051407
0 0.968843 0.352645 0.062314 0.450592 0.00502302
0 0.0300285 0.902465 0.0600569 0.19507 0.00501141
0 0.974818 0.427483 0.0503634 0.305596 0.00479304
0 0.663262 0.940163 0.287886 0.119624 0.00469287
0 0.0405721 0.919356 0.0811221 0.161289 0.00456938
0 0.989797 0.404516 0.0203451 0.167569 0.00435338
0 0.0435442 0.869313 0.0870884 0.261374 0.0041049
0 0.0634605 0.884889 0.126598 0.230221 0.00386206
0 0.989851 0.942024 0.0202318 0.115952 0.00381618
0 0.515604 0.0957686 0.210197 0.190567 0.00359056
0 0.970785 0.312124 0.0584298 0.302712 0.00357221
0 0.00654758 0.753824 0.0130952 0.115653 0.00350558
0 0.975877 0.717036 0.0482451 0.307977 0.00328015
0 0.971678 0.23757 0.0566437 0.200395 0.00309272
0 0.0247134 0.0748378 0.0494075 0.147856 0.00304211
0 0.143475 0.778416 0.171988 0.165661 0.00301294
0 0.965063 0.27992 0.0698733 0.206057 0.00300871
0 0.163856 0.983574 0.196368 0.0326881 0.00295964
0 0.967093 0.435804 0.065815 0.344178 0.00276539
0 0.0378434 0.0773451 0.0756356 0.154131 0.00273955
0 0.980662 0.723735 0.0386759 0.214869 0.00269683
0 0.732618 0.791899 0.346 0.328877 0.00263064
0 0.79659 0.164329 0.110115 0.111713 0.00242302
0 0.957932 0.313884 0.0841368 0.245725 0.00234982
0 0.0782885 0.93143 0.154789 0.137139 0.00231142
0 0.0161682 0.786348 0.0323325 0.29246 0.00230603
0 0.96142 0.709377 0.0771604 0.421814 0.00226694
0 0.161338 0.978264 0.226741 0.0434717 0.00221199
0 0.584742 0.835651 0.536034 0.328699 0.00213763
0 0.0135322 0.758104 0.0270603 0.153477 0.00213152
0 0.370533 0.141418 0.60358 0.282836 0.0021204
0 0.37012 0.338426 0.287154 0.359105 0.00208252
0 0.0368123 0.868295 0.0736246 0.263411 0.00202993
0 0.971587 0.744219 0.0566701 0.405355 0.00202226
0 0.0221914 0.0516137 0.0443707 0.102762 0.00201316
0 0.983884 0.933207 0.0321326 0.133586 0.00199507
0 0.963174 0.350884 0.0736514 0.29677 0.00196507
0 0.701405 0.842939 0.59719 0.314121 0.00196342
0 0.788 0.861415 0.424001 0.27717 0.00195301
0 0.202158 0.984554 0.244405 0.0306454 0.00193606
0 0.325867 0.265809 0.555682 0.498764 0.00189969
0 0.961608 0.400271 0.0767837 0.437349 0.00188248
0 0.014929 0.376217 0.0298256 0.247287 0.00185822
0 0.0241267 0.86605 0.0482534 0.267901 0.0018102
0 0.0363819 0.832271 0.0727638 0.335459 0.00178283
0 0.0243591 0.787569 0.0486818 0.330468 0.00173729
0 0.0234069 0.375307 0.0467148 0.279324 0.00172971
0 0.0313914 0.0580534 0.0627475 0.115899 0.00172598
0 0.0966524 0.861718 0.193305 0.276565 0.0017208
0 0.982358 0.922852 0.0352849 0.147539 0.00170092
0 0.0106726 0.358095 0.0213452 0.196308 0.00167418
0 0.0155654 0.884008 0.0311196 0.231983 0.00166759
0 0.985839 0.918627 0.0282323 0.114107 0.00162603
0 0.0139261 0.681843 0.0278496 0.201926 0.00162443
0 0.0187629 0.0402806 0.0373994 0.0803087 0.00159754
0 0.968088 0.417366 0.0633492 0.24291 0.00158893
0 0.170019 0.969526 0.243679 0.0609474 0.00158253
0 0.0199408 0.758927 0.0398815 0.201409 0.00158075
0 0.980925 0.449254 0.0381305 0.358346 0.00154919
0 0.209171 0.566546 0.149076 0.166988 0.00154317
0 0.351761 0.0976763 0.584048 0.195353 0.00153373
0 0.95621 0.34085 0.087579 0.38761 0.00149503
0 0.0331213 0.777389 0.0662425 0.444939 0.00144836
0 0.109301 0.671352 0.128732 0.12856 0.00144246
0 0.0109989 0.223936 0.0219978 0.196489 0.00143976
0 0.0252872 0.0286792 0.0505744 0.0573343 0.0014302
0 0.769931 0.0155831 0.336067 0.0311662 0.00142
0 0.356664 0.367913 0.232872 0.275669 0.00141027
0 0.974376 0.727309 0.0511988 0.182892 0.00140944
0 0.98019 0.682103 0.039621 0.37802 0.00138473
0 0.0525984 0.0562839 0.104526 0.111995 0.00134313
0 0.0172211 0.352397 0.0343868 0.192415 0.00129988
0 0.0206267 0.72298 0.0412263 0.336383 0.0012782
0 0.805731 0.304918 0.170555 0.140277 0.00127098
0 0.915289 0.463726 0.0709561 0.0729351 0.00125161
0 0.976616 0.908454 0.0467681 0.18267 0.00124126
0 0.372742 0.195084 0.641973 0.388175 0.00122206
0 0.0531765 0.847226 0.106195 0.305548 0.00121103
0 0.857292 0.866677 0.285415 0.266646 0.0012073
0 0.577039 0.0673908 0.0861576 0.102706 0.00119467
0 0.044545 0.0208727 0.0880366 0.0417446 0.00118749
0 0.0337551 0.365522 0.0675102 0.265726 0.00118571
0 0.127259 0.98415 0.251941 0.0315745 0.00118291
0 0.032496 0.775269 0.0645712 0.301291 0.00116336
0 0.682222 0.922378 0.5201 0.155244 0.00113993
0 0.40123 0.339127 0.429787 0.550865 0.00112712
0 0.0141643 0.501353 0.028275 0.247188 0.00111164
0 0.714865 0.00733943 0.18799 0.014631 0.00110116
0 0.0155067 0.42439 0.0309681 0.320036 0.00109352
0 0.0212329 0.663722 0.0424658 0.312938 0.0010927
0 0.157851 0.855523 0.315202 0.288954 0.00107618
0 0.215267 0.979201 0.344279 0.0414696 0.00107184
0 0.00679572 0.379005 0.0135914 0.14956 0.00106735
0 0.973295 0.671927 0.0534102 0.467958 0.00106698
0 0.71302 0.0156195 0.2772 0.031239 0.00106267
0 0.0879286 0.810448 0.175857 0.379103 0.00105105
0 0.201109 0.232796 0.39759 0.462608 0.00104898
0 0.924077 0.468861 0.0841445 0.0835012 0.00103674
0 0.0161839 0.278319 0.032362 0.29074 0.00103372
0 0.0341624 0.664683 0.0678095 0.347495 0.00103033
0 0.0230177 0.458953 0.0460354 0.341047 0.00102046
0 0.968655 0.214985 0.0626893 0.310815 0.00101308
0 0.961668 0.254312 0.076663 0.243775 0.00100868
0 0.983021 0.719398 0.0338291 0.2878 0.0010049
0 0.980889 0.766812 0.0381656 0.374796 0.00100353
