0 0.501414 0.495416 0.315437 0.324354 0.218192
0 0.392315 0.730412 0.17984 0.176588 0.0213811
0 0.801948 0.447065 0.393252 0.446958 0.0141514
0 0.412545 0.0258032 0.361158 0.0514634 0.00782373
0 0.646652 0.0094817 0.177514 0.018898 0.00560629
0 0.660308 0.633829 0.679383 0.684629 0.0051039
0 0.956257 0.0673575 0.0874772 0.133932 0.00440121
0 0.371111 0.0313496 0.403679 0.0622267 0.00404742
0 0.395928 0.724279 0.139606 0.145694 0.00381278
0 0.407185 0.0382669 0.46742 0.0765337 0.00342439
0 0.957859 0.934743 0.0842814 0.128941 0.00337507
0 0.652478 0.0137242 0.241951 0.0274323 0.00231962
0 0.941286 0.0105027 0.117427 0.0210054 0.00160804
0 0.937565 0.0149428 0.124871 0.0296799 0.00155738
0 0.906215 0.875883 0.186876 0.245007 0.00152246
0 0.93789 0.94193 0.124026 0.116139 0.00145415
0 0.933357 0.0140778 0.133286 0.0281314 0.00142436
0 0.616144 0.610094 0.580222 0.569249 0.00140002
0 0.747031 0.402006 0.269586 0.370642 0.00127863
0 0.95019 0.0473254 0.0996203 0.0946507 0.00124566
0 0.860837 0.454343 0.278325 0.499172 0.00124123
0 0.701247 0.023543 0.343825 0.047086 0.00119731
0 0.958164 0.0197842 0.0836722 0.0388563 0.00114801
0 0.970374 0.052889 0.0592515 0.105242 0.00101689
0 0.951355 0.0240991 0.0972891 0.048135 0.0010104
