0 0.697975 0.198163 0.60405 0.396327 0.716384
0 0.902671 0.558533 0.19453 0.354417 0.709907
0 0.577585 0.194023 0.419637 0.382421 0.682484
0 0.606558 0.991433 0.134429 0.0171018 0.0967713
0 0.60691 0.988172 0.171962 0.0235792 0.055467
0 0.885625 0.40772 0.228486 0.673492 0.0540845
0 0.0522406 0.310774 0.10443 0.143333 0.0453203
0 0.606751 0.226203 0.323827 0.302792 0.0393585
0 0.825391 0.357169 0.349217 0.714338 0.0312481
0 0.618105 0.984461 0.241171 0.0310777 0.0284528
0 0.966501 0.579878 0.0668324 0.340873 0.0138045
0 0.859194 0.20868 0.281443 0.409862 0.0114599
0 0.896335 0.51702 0.20733 0.427224 0.0104068
0 0.571757 0.987821 0.200371 0.0243425 0.00921241
0 0.607835 0.979216 0.282719 0.0415688 0.00848869
0 0.621308 0.993094 0.176824 0.0138111 0.00805854
0 0.580937 0.991888 0.160719 0.0161771 0.00699015
0 0.976284 0.578105 0.0474236 0.322751 0.00531781
0 0.0248063 0.964839 0.0496125 0.0703158 0.00431488
0 0.666305 0.276372 0.66739 0.552698 0.00408508
0 0.567257 0.983802 0.31427 0.0321814 0.00329991
0 0.0410488 0.958169 0.0820576 0.0835353 0.00323836
0 0.0183389 0.959636 0.0366779 0.080606 0.00307222
0 0.603568 0.971728 0.373754 0.0565447 0.00277203
0 0.0223693 0.717098 0.0447374 0.132389 0.00255105
0 0.0213604 0.974778 0.0426477 0.0503795 0.00244893
0 0.869894 0.384971 0.260213 0.769942 0.00233493
0 0.764165 0.378302 0.471671 0.756603 0.00217229
0 0.637403 0.98858 0.202225 0.0228404 0.00210947
0 0.0373536 0.939485 0.0747072 0.121029 0.00206843
0 0.0544454 0.316743 0.108575 0.217053 0.00198803
0 0.547539 0.977966 0.348841 0.0439644 0.001556
0 0.0205924 0.723877 0.0411848 0.190087 0.00137876
0 0.0687729 0.936664 0.136946 0.126619 0.00133336
0 0.0233491 0.695379 0.0466983 0.288544 0.00117446
0 0.463141 0.467124 0.926282 0.934249 0.00110914
0 0.523196 0.987654 0.20054 0.0246682 0.00100238
