0 0.516705 0.414029 0.0966904 0.11965 0.873445
0 0.291022 0.90702 0.252304 0.18596 0.0282493
0 0.98784 0.788336 0.0242559 0.108567 0.0168929
0 0.992169 0.786804 0.0155158 0.0936903 0.0108676
0 0.952319 0.870873 0.0953617 0.255614 0.00882274
0 0.983623 0.869609 0.0325735 0.260781 0.00818312
0 0.975448 0.866559 0.0487976 0.266881 0.00489055
0 0.987884 0.780784 0.0242323 0.176826 0.0046226
0 0.984601 0.805926 0.0307255 0.158926 0.00348123
0 0.989896 0.79422 0.020138 0.134935 0.00212282
0 0.141006 0.00894228 0.183873 0.0178846 0.00210808
0 0.98851 0.928276 0.0229796 0.143448 0.00159144
0 0.138615 0.0136717 0.251761 0.0273434 0.00148059
0 0.978299 0.806026 0.0434028 0.201267 0.00126911
0 0.24021 0.904443 0.348036 0.191115 0.00117578
0 0.991675 0.935602 0.0166491 0.128796 0.00117536
0 0.982263 0.911688 0.0354737 0.176624 0.00117495
0 0.977263 0.787347 0.0453932 0.276308 0.00100046
