0 0.379969 0.272685 0.173865 0.136633 0.907421
0 0.944334 0.0781257 0.111331 0.153145 0.42477
0 0.687693 0.0269571 0.303079 0.0538402 0.054601
0 0.754523 0.0236986 0.153708 0.0472804 0.0354152
0 0.682079 0.0374633 0.389018 0.0749266 0.0109177
0 0.684619 0.0504954 0.42039 0.100987 0.0100714
0 0.00635306 0.581591 0.0126637 0.106072 0.00979772
0 0.940134 0.901266 0.11972 0.197467 0.00952278
0 0.0105682 0.589425 0.0210395 0.14046 0.00872102
0 0.722934 0.0319038 0.283468 0.0637751 0.00680014
0 0.672055 0.0199029 0.334145 0.0396489 0.00488579
0 0.748505 0.0195646 0.209828 0.0390999 0.00412678
0 0.927553 0.925123 0.144893 0.149755 0.00388234
0 0.963204 0.896305 0.073504 0.207389 0.00221723
0 0.530721 0.983926 0.245584 0.0321453 0.0020825
0 0.524875 0.97795 0.283663 0.0441003 0.00175668
0 0.927699 0.859336 0.144603 0.281328 0.00150492
0 0.937851 0.124419 0.124299 0.248837 0.00142501
0 0.0118777 0.586159 0.0237553 0.195744 0.00135835
0 0.037331 0.0365462 0.0745829 0.0729209 0.0012744
0 0.0105673 0.553677 0.0211345 0.178796 0.00126339
0 0.748327 0.0168308 0.137292 0.0335803 0.00125761
0 0.928702 0.192054 0.142523 0.384109 0.00112843
0 0.971815 0.856924 0.0563694 0.286153 0.00112837
0 0.0180345 0.872328 0.0360691 0.255344 0.00109101
0 0.0314616 0.0264957 0.0629231 0.0529915 0.00101474
