0 0.453306 0.326645 0.205571 0.208851 0.924954
0 0.960051 0.970912 0.0798337 0.0580078 0.0152324
0 0.439905 0.0145325 0.253077 0.029065 0.0142318
0 0.946209 0.964183 0.107438 0.0716337 0.00740711
0 0.433365 0.018949 0.357242 0.0377608 0.00717442
0 0.89615 0.0222027 0.2077 0.0444054 0.00545394
0 0.452435 0.0233574 0.290041 0.0467149 0.00404127
0 0.43597 0.0145313 0.173343 0.0290626 0.00400682
0 0.983027 0.450103 0.0339293 0.256746 0.00340223
0 0.433017 0.0116862 0.218593 0.023292 0.00315532
0 0.435573 0.0278783 0.452277 0.0557566 0.00296508
0 0.976661 0.442271 0.0466777 0.286956 0.00274238
0 0.0107405 0.918781 0.0214523 0.162438 0.00245975
0 0.895296 0.0163834 0.176347 0.03273 0.00217815
0 0.961338 0.938158 0.0772858 0.123685 0.00205368
0 0.407214 0.00932387 0.217068 0.0186387 0.0019539
0 0.881235 0.021825 0.148012 0.0435356 0.00182455
0 0.439957 0.0346919 0.533493 0.0693084 0.00166526
0 0.445435 0.032161 0.353735 0.0641743 0.00151782
0 0.160467 0.988855 0.202864 0.0221512 0.00149503
0 0.895771 0.011081 0.151424 0.022162 0.00131092
0 0.0068253 0.930098 0.0135823 0.139805 0.00123563
0 0.451841 0.318208 0.300337 0.308183 0.00121835
0 0.872239 0.0535968 0.255523 0.107194 0.0011695
0 0.880298 0.0327076 0.239404 0.0654151 0.00115857
0 0.0486752 0.036342 0.0973504 0.072684 0.00111952
0 0.0136493 0.893172 0.0272567 0.213657 0.00107673
0 0.983254 0.516323 0.0334009 0.265158 0.00106667
0 0.162078 0.978011 0.324157 0.043977 0.00105411
0 0.150006 0.984118 0.297689 0.0317445 0.00101607
0 0.174731 0.993384 0.152738 0.01319 0.00100085
