0 0.505876 0.335469 0.210676 0.216319 0.916005
0 0.50334 0.336258 0.257796 0.260464 0.80054
0 0.847693 0.984135 0.282878 0.0317301 0.00949208
0 0.789027 0.984276 0.281379 0.0314488 0.00407723
0 0.781078 0.988785 0.177673 0.0222838 0.00364936
0 0.506345 0.329648 0.323139 0.330969 0.00315876
0 0.782115 0.993098 0.149969 0.0137839 0.00293602
0 0.386555 0.532707 0.773111 0.930609 0.00275883
0 0.83463 0.978185 0.33074 0.043631 0.00220088
0 0.0278378 0.778296 0.0556757 0.318232 0.00164053
0 0.817287 0.989099 0.211148 0.0217131 0.00146444
0 0.765693 0.978794 0.353138 0.0424114 0.00135711
