0 0.443516 0.362455 0.356387 0.272836 0.948699
0 0.968701 0.257989 0.0621541 0.239797 0.254048
0 0.967746 0.266464 0.0643394 0.347824 0.155298
0 0.671499 0.0427292 0.657001 0.0853722 0.0914019
0 0.606638 0.0835505 0.786724 0.167101 0.0715775
0 0.658382 0.0591777 0.683236 0.117916 0.0600531
0 0.605806 0.163785 0.788388 0.327569 0.0282355
0 0.980884 0.240672 0.0382328 0.273057 0.0103494
0 0.974889 0.243049 0.0502214 0.304537 0.00643601
0 0.339826 0.0317617 0.44899 0.0628185 0.00343193
0 0.968719 0.286868 0.0623339 0.151752 0.00277411
0 0.54908 0.0682719 0.77913 0.135933 0.00219709
0 0.788473 0.0522195 0.422397 0.104439 0.00200658
0 0.841439 0.0477163 0.317123 0.0954325 0.00195525
0 0.949574 0.283939 0.100851 0.388094 0.00117713
0 0.565673 0.0390379 0.850413 0.0780757 0.00117227
