0 0.550437 0.293733 0.164784 0.202871 0.904062
0 0.992873 0.4949 0.0142536 0.144344 0.00279167
0 0.436798 0.464041 0.873596 0.927518 0.00270155
0 0.865369 0.984641 0.269262 0.0307188 0.00250676
0 0.85599 0.978401 0.28802 0.0430685 0.00179064
0 0.637054 0.977901 0.382924 0.0441974 0.00150885
0 0.648101 0.98412 0.32694 0.0316541 0.00134361
0 0.988938 0.499865 0.0220804 0.163919 0.00133211
0 0.98405 0.48318 0.0318997 0.180316 0.00123345
0 0.848649 0.968755 0.302702 0.0617596 0.001191
0 0.539652 0.246716 0.167905 0.129737 0.00107073
0 0.743241 0.983876 0.354433 0.0321585 0.00103167
