0 0.540927 0.193452 0.162226 0.168238 0.933668
0 0.537458 0.194433 0.209981 0.223071 0.0209502
0 0.630351 0.366181 0.739298 0.72479 0.00462545
0 0.0147165 0.121563 0.0294331 0.243126 0.00453719
0 0.0154096 0.147328 0.0308193 0.294656 0.00405788
0 0.957328 0.920845 0.085319 0.158277 0.00272082
0 0.0223813 0.158281 0.0447626 0.316561 0.00234003
0 0.971139 0.91729 0.0577219 0.165419 0.002138
0 0.021235 0.142818 0.04247 0.28075 0.00200543
0 0.0113145 0.0874898 0.0225431 0.17498 0.00199056
0 0.93749 0.923527 0.12502 0.152817 0.00181525
0 0.0199914 0.106047 0.0399827 0.211931 0.00176615
0 0.683994 0.0573032 0.631689 0.114606 0.00174193
0 0.0942755 0.85486 0.175156 0.216841 0.00155267
0 0.0112667 0.105773 0.0225019 0.211545 0.00136238
0 0.0330488 0.118417 0.0660977 0.233421 0.00116999
