0 0.508508 0.500934 0.15446 0.130152 0.884706
0 0.976103 0.883499 0.0477934 0.230207 0.0070431
0 0.928406 0.988317 0.143189 0.0233653 0.00214643
0 0.897044 0.0680452 0.205911 0.13609 0.00191182
0 0.909694 0.0991718 0.180612 0.198344 0.00189106
0 0.916304 0.0546701 0.167392 0.10934 0.00168508
0 0.980085 0.846731 0.0398293 0.306537 0.00167309
0 0.920518 0.138296 0.158964 0.276592 0.00121963
0 0.946284 0.992939 0.107431 0.014122 0.00114726
0 0.977516 0.893504 0.0449674 0.120025 0.00109248
0 0.920548 0.989609 0.158904 0.0207336 0.00106142
