0 0.367615 0.390234 0.107398 0.0954394 0.865646
0 0.366634 0.389295 0.136329 0.128673 0.0150345
0 0.987325 0.133376 0.0252957 0.181065 0.0109894
0 0.984176 0.111691 0.0316246 0.217674 0.0104361
0 0.992191 0.143385 0.0155483 0.154947 0.00599941
0 0.055497 0.969513 0.110994 0.060974 0.00576403
0 0.0525841 0.979608 0.105108 0.040783 0.00470666
0 0.977183 0.115798 0.0455418 0.231595 0.00453657
0 0.988466 0.145311 0.0230331 0.132427 0.00402545
0 0.0683684 0.98828 0.136737 0.0234406 0.00398468
0 0.010562 0.114904 0.0211208 0.158367 0.00363753
0 0.992787 0.06365 0.0144258 0.127106 0.00322428
0 0.0719209 0.964137 0.143842 0.0716164 0.00321367
0 0.977248 0.148512 0.0455043 0.297023 0.0026196
0 0.0677675 0.99374 0.135535 0.0125201 0.00243637
0 0.988719 0.0754788 0.022408 0.150958 0.00240685
0 0.0792791 0.983644 0.158558 0.0326188 0.00238846
0 0.0590785 0.993051 0.118157 0.0138987 0.00216206
0 0.903068 0.0136723 0.193864 0.0273447 0.00212025
0 0.980307 0.203582 0.0393573 0.328148 0.00211107
0 0.00607703 0.113028 0.0121179 0.119214 0.00204268
0 0.917907 0.00936425 0.164186 0.018693 0.00198761
0 0.981398 0.139587 0.0370865 0.212874 0.00189608
0 0.0740641 0.977239 0.147268 0.0455223 0.00187426
0 0.988936 0.558891 0.0221186 0.215671 0.0016443
0 0.054437 0.987256 0.108874 0.0254874 0.00154836
0 0.090135 0.989314 0.18027 0.021347 0.00144176
0 0.991302 0.154251 0.0173951 0.110254 0.00143376
0 0.959256 0.120653 0.0814885 0.236851 0.00134375
0 0.987164 0.145188 0.025672 0.255568 0.00132062
0 0.986984 0.0906308 0.0259795 0.181262 0.00120253
0 0.0896337 0.99373 0.146514 0.0124903 0.00118604
0 0.0134112 0.105581 0.0268224 0.196589 0.00111671
0 0.0109754 0.0896346 0.0219508 0.179269 0.00109685
0 0.973783 0.207628 0.0524347 0.359285 0.00104677
0 0.977573 0.0399284 0.0448261 0.0797812 0.00102229
