0 0.447146 0.300379 0.143217 0.127032 0.92951
0 0.446342 0.300808 0.174805 0.164642 0.835173
0 0.444568 0.300175 0.205436 0.20323 0.0950416
0 0.388456 0.945277 0.108396 0.107565 0.0217735
0 0.979669 0.654154 0.0406621 0.150891 0.00376677
0 0.36597 0.941715 0.161643 0.116291 0.00275961
0 0.961039 0.951111 0.0778939 0.097733 0.00201943
0 0.97426 0.945908 0.0514791 0.107927 0.0018224
0 0.976021 0.656232 0.047959 0.196717 0.00157542
0 0.347545 0.944037 0.228917 0.111926 0.0014766
0 0.934513 0.931451 0.130973 0.137073 0.00145307
0 0.932462 0.952021 0.135076 0.0959167 0.00136244
0 0.959473 0.910538 0.0810013 0.178923 0.00128636
0 0.979099 0.900193 0.0418024 0.199614 0.00127202
0 0.858252 0.0156579 0.283497 0.0313157 0.00124977
0 0.720542 0.959246 0.224589 0.0815084 0.00103164
0 0.0448923 0.984024 0.0895557 0.0318806 0.00100887
