0 0.939771 0.912344 0.120388 0.175312 0.0496008
0 0.221903 0.954122 0.391761 0.0917561 0.010329
0 0.0683056 0.956601 0.136611 0.0867985 0.00388155
0 0.228028 0.961523 0.313954 0.0769547 0.00382521
0 0.0587659 0.932626 0.117532 0.134748 0.00373839
0 0.0493587 0.954259 0.0984564 0.0914826 0.00233958
0 0.786359 0.0260768 0.427283 0.0521536 0.00178361
0 0.254728 0.970648 0.296203 0.0586789 0.00144874
0 0.0508383 0.975257 0.101677 0.0494859 0.00140421
0 0.828027 0.035534 0.343945 0.0710679 0.00140254
0 0.983022 0.116854 0.0339569 0.233707 0.00127772
0 0.849378 0.0184647 0.301243 0.0369294 0.00113162
0 0.48409 0.529752 0.239325 0.238806 0.001082
0 0.062729 0.987898 0.125458 0.0241802 0.00108187
0 0.970562 0.152197 0.0588357 0.151341 0.00107946
0 0.803475 0.0162529 0.371585 0.0325058 0.00107376
0 0.444595 0.0248862 0.412218 0.0496422 0.00106689
0 0.336031 0.0261935 0.428936 0.0523869 0.00106356
0 0.974235 0.130572 0.0515305 0.261144 0.00105492
0 0.0922068 0.944609 0.183755 0.110758 0.00104473
