0 0.228396 0.559774 0.290889 0.265648 0.841568
0 0.184869 0.561919 0.207226 0.271466 0.47746
0 0.23483 0.556589 0.332557 0.334113 0.340627
0 0.964538 0.390334 0.0708929 0.221416 0.243269
0 0.964065 0.400016 0.0718572 0.329881 0.0603441
0 0.98266 0.662151 0.034681 0.151196 0.0149339
0 0.234098 0.562007 0.405775 0.412307 0.0118275
0 0.98158 0.681773 0.0368401 0.0987965 0.0116742
0 0.983583 0.647844 0.0328344 0.228138 0.00609355
0 0.977072 0.659217 0.045857 0.225305 0.00588334
0 0.32688 0.596807 0.597288 0.481683 0.00258546
0 0.980901 0.927127 0.0381975 0.144708 0.00218486
0 0.972067 0.948711 0.0558667 0.102461 0.00211125
0 0.489269 0.580906 0.194721 0.161004 0.00199903
0 0.988918 0.923023 0.0221649 0.153955 0.00198072
0 0.980992 0.689635 0.0379751 0.309297 0.00196745
0 0.879704 0.0353946 0.240593 0.0707893 0.00161428
0 0.504447 0.0121761 0.197965 0.0243522 0.00154439
0 0.496191 0.00874629 0.156446 0.0174926 0.00150826
0 0.975124 0.396367 0.0497528 0.337471 0.0014657
0 0.891627 0.04726 0.216746 0.0945201 0.00141765
0 0.946532 0.94363 0.106936 0.112654 0.0014055
0 0.978023 0.847322 0.0439544 0.305355 0.00135848
0 0.982491 0.832851 0.0349435 0.207496 0.00134616
0 0.952929 0.925969 0.0940362 0.148062 0.00131809
0 0.846955 0.048219 0.306089 0.0964379 0.00126235
0 0.985879 0.687443 0.028241 0.105557 0.00111746
0 0.992647 0.93274 0.0147053 0.134521 0.00110726
0 0.968376 0.654776 0.0632293 0.281973 0.00106539
0 0.948288 0.429554 0.103416 0.35615 0.00103843
0 0.514912 0.0256945 0.235454 0.051344 0.00100747
0 0.968676 0.92408 0.0626475 0.15184 0.00100159
