0 0.334647 0.385921 0.127985 0.148409 0.933858
0 0.333157 0.381585 0.173477 0.188672 0.0514097
0 0.93213 0.010494 0.135741 0.020988 0.0107799
0 0.982575 0.85738 0.0346572 0.28524 0.00817764
0 0.933553 0.0141413 0.132895 0.0281707 0.00589972
0 0.791064 0.983466 0.252984 0.0330272 0.00503756
0 0.936968 0.0149124 0.126064 0.0295329 0.00483579
0 0.942606 0.0113968 0.114788 0.0227937 0.00446119
0 0.733169 0.979166 0.248388 0.0414226 0.0034437
0 0.981297 0.454755 0.0372956 0.18213 0.00335021
0 0.754364 0.98064 0.185956 0.0384637 0.00316374
0 0.975861 0.850379 0.048278 0.299242 0.00312943
0 0.776812 0.978122 0.275278 0.0437564 0.00253404
0 0.916402 0.0263612 0.167195 0.0527225 0.00182611
0 0.94788 0.048433 0.104192 0.0952172 0.00152684
0 0.903757 0.019371 0.19224 0.0386441 0.0012777
