0 0.500135 0.506684 0.272452 0.254984 0.751929
0 0.495801 0.509943 0.327444 0.322551 0.0335758
0 0.436748 0.534196 0.453913 0.48558 0.00307066
0 0.0831473 0.0294618 0.166251 0.058826 0.00265717
0 0.911983 0.0243539 0.176035 0.0487078 0.00245397
0 0.0213654 0.169861 0.0427309 0.334849 0.00221922
0 0.0202069 0.155739 0.0404137 0.223009 0.00173134
0 0.108412 0.0469922 0.216823 0.0939843 0.00171827
0 0.843391 0.0370845 0.313218 0.0741691 0.00167628
0 0.0854532 0.0409648 0.170711 0.0817562 0.00160448
0 0.834015 0.0137526 0.25748 0.0275051 0.00158321
0 0.906548 0.0140265 0.186904 0.028053 0.00144146
0 0.0341109 0.236511 0.0681978 0.473022 0.00136513
0 0.105093 0.0691775 0.210186 0.138104 0.00134749
0 0.892788 0.0315454 0.21103 0.0629187 0.00131059
0 0.0766945 0.064863 0.153389 0.129726 0.00129831
0 0.124122 0.0322242 0.248244 0.064201 0.00128187
0 0.843329 0.0091413 0.222582 0.0182826 0.00126174
0 0.0617706 0.0382354 0.123496 0.0762449 0.00124657
0 0.832878 0.0218085 0.334244 0.0436125 0.00123865
0 0.0151319 0.17569 0.0302639 0.351044 0.001137
0 0.0309243 0.169365 0.0616481 0.304394 0.00111587
0 0.022232 0.233146 0.0444263 0.466293 0.00111205
0 0.0231912 0.128836 0.0463665 0.216007 0.00105712
0 0.857466 0.0253744 0.282942 0.0507488 0.00104675
0 0.519924 0.01144 0.215382 0.0228447 0.00101275
