0 0.490862 0.562845 0.336432 0.24904 0.852141
0 0.19504 0.246061 0.390081 0.486405 0.253014
0 0.18201 0.700921 0.353078 0.273797 0.121488
0 0.486846 0.566366 0.399042 0.318781 0.0625572
0 0.600689 0.802952 0.511317 0.342235 0.0412964
0 0.0445632 0.481773 0.089072 0.309415 0.0404013
0 0.0403372 0.477336 0.0806745 0.237746 0.0187766
0 0.647056 0.779093 0.416786 0.284425 0.00380614
0 0.196131 0.717249 0.390245 0.357024 0.00321425
0 0.48712 0.561469 0.446812 0.42511 0.00304957
0 0.0359857 0.440958 0.0719714 0.351511 0.00290194
0 0.577702 0.790189 0.59132 0.419621 0.00287828
0 0.305707 0.269653 0.610584 0.539307 0.00273439
0 0.295863 0.0191768 0.339162 0.0383536 0.00160817
0 0.690477 0.763792 0.31874 0.251993 0.00158699
0 0.652445 0.817576 0.69511 0.364848 0.00156049
0 0.983347 0.725126 0.0333058 0.345809 0.00146275
0 0.20357 0.923979 0.403457 0.152041 0.00144619
0 0.0335432 0.831567 0.0670863 0.307697 0.00135636
0 0.043298 0.449359 0.086596 0.464637 0.00129643
0 0.982616 0.246884 0.0347671 0.226113 0.00110852
0 0.0256716 0.825531 0.0513433 0.281541 0.00107973
