0 0.43611 0.183564 0.200303 0.200689 0.929139
0 0.972702 0.646349 0.0545492 0.277073 0.541288
0 0.980464 0.644426 0.0390713 0.318164 0.208824
0 0.969517 0.654886 0.0604265 0.371566 0.0455031
0 0.971809 0.679989 0.0560791 0.191791 0.038007
0 0.949181 0.643748 0.101557 0.477839 0.0121778
0 0.143715 0.782956 0.142587 0.171968 0.00884039
0 0.146597 0.76539 0.119793 0.124077 0.00856654
0 0.973638 0.690508 0.0525489 0.139227 0.00837495
0 0.723244 0.886526 0.513724 0.226947 0.00732505
0 0.884553 0.0807246 0.229989 0.161449 0.00717611
0 0.976476 0.609122 0.0470471 0.457544 0.0065955
0 0.716122 0.358629 0.152707 0.198889 0.0062383
0 0.927899 0.0813024 0.144203 0.162605 0.00530441
0 0.583377 0.320622 0.833246 0.641244 0.00451835
0 0.930475 0.61837 0.13835 0.415495 0.00446449
0 0.963442 0.706079 0.0731158 0.378022 0.00363636
0 0.908742 0.93414 0.179348 0.13172 0.00350157
0 0.86764 0.115648 0.264634 0.231297 0.00339643
0 0.617049 0.851825 0.117503 0.0893946 0.0031988
0 0.950162 0.0821424 0.0996296 0.163771 0.00299392
0 0.560077 0.883348 0.421689 0.233305 0.00283961
0 0.697078 0.951538 0.101935 0.0931696 0.00281892
0 0.528626 0.471315 0.942747 0.94263 0.00263734
0 0.712944 0.335161 0.142322 0.148213 0.00260471
0 0.934314 0.674296 0.131216 0.578695 0.00241194
0 0.618529 0.889809 0.327163 0.220382 0.00220228
0 0.885416 0.0245254 0.22849 0.0490508 0.00197147
0 0.908926 0.0648397 0.181753 0.129439 0.00191557
0 0.970052 0.711977 0.0596746 0.258702 0.00188956
0 0.653374 0.901096 0.245742 0.197807 0.00186396
0 0.982851 0.586616 0.0341884 0.331982 0.00178383
0 0.378852 0.862145 0.150527 0.174669 0.0017742
0 0.310697 0.0222496 0.360219 0.0444992 0.00161339
0 0.941499 0.552733 0.116915 0.554986 0.00156505
0 0.266903 0.84265 0.533806 0.3147 0.00151984
0 0.488142 0.471563 0.151602 0.147143 0.00150769
0 0.962086 0.600617 0.07531 0.48784 0.00150741
0 0.976148 0.734742 0.0477031 0.359052 0.00150724
0 0.310764 0.24631 0.621528 0.492621 0.00146265
0 0.793602 0.901524 0.410676 0.196952 0.00146049
0 0.870228 0.0163155 0.259545 0.0326309 0.00144392
0 0.62283 0.937029 0.252232 0.125353 0.0013943
0 0.665969 0.947185 0.173556 0.104602 0.00139011
0 0.0320926 0.0991951 0.0639368 0.195187 0.00135352
0 0.0104829 0.919781 0.020951 0.160438 0.00130453
0 0.926198 0.0504528 0.146818 0.100906 0.00129363
0 0.0107721 0.0739675 0.0213665 0.147333 0.00123716
0 0.912555 0.0330043 0.172129 0.0659818 0.00120945
0 0.699685 0.305505 0.600629 0.61101 0.00120892
0 0.83236 0.0935911 0.335279 0.187048 0.00115188
0 0.107914 0.802457 0.215827 0.288055 0.00109632
0 0.599298 0.853272 0.154439 0.0996368 0.00105972
0 0.364506 0.298002 0.673918 0.589614 0.00104687
0 0.0244911 0.0753775 0.0489818 0.146408 0.00102278
0 0.304707 0.0292016 0.408135 0.0584032 0.00101664
0 0.89153 0.0525265 0.21694 0.104801 0.00100571
0 0.344635 0.984451 0.125172 0.0309794 0.00100177
0 0.346371 0.978998 0.177033 0.0420012 0.00100145
