0 0.472274 0.588794 0.159694 0.238906 0.747225
0 0.789215 0.543982 0.240914 0.32228 0.0569293
0 0.19577 0.467699 0.21205 0.253977 0.0359351
0 0.472995 0.591348 0.211025 0.272642 0.0139311
0 0.768511 0.548173 0.330506 0.349751 0.00755923
0 0.028014 0.298756 0.056028 0.347831 0.00434061
0 0.169347 0.450797 0.274056 0.30461 0.00379882
0 0.0206239 0.301993 0.0412478 0.305843 0.00307342
0 0.778169 0.868945 0.414338 0.249679 0.00233719
0 0.0224579 0.281848 0.0448648 0.215681 0.00231723
0 0.0334046 0.349124 0.0667954 0.451139 0.00117928
0 0.0192814 0.257092 0.0385628 0.301638 0.00107454
0 0.0241128 0.235463 0.048215 0.399121 0.00101846
