0 0.585337 0.326165 0.285787 0.318935 0.921588
0 0.587816 0.331034 0.354066 0.379918 0.0133597
0 0.98821 0.921518 0.0235796 0.156963 0.00522576
0 0.981519 0.925259 0.0369619 0.148961 0.0046214
0 0.992217 0.929006 0.0155389 0.141989 0.00293542
0 0.973974 0.930789 0.0520523 0.138423 0.00218681
0 0.98576 0.878682 0.0284716 0.242522 0.00153937
0 0.988967 0.943188 0.0220442 0.113623 0.0015335
0 0.955194 0.908503 0.0896118 0.182993 0.00130378
0 0.99082 0.914101 0.0183318 0.141736 0.00118853
0 0.976667 0.906829 0.0466669 0.182462 0.00118363
0 0.988351 0.904296 0.023299 0.164889 0.00115641
