0 0.413433 0.355627 0.298582 0.231529 0.93649
0 0.408993 0.355855 0.33772 0.295463 0.793652
0 0.163991 0.827474 0.101664 0.0627977 0.157123
0 0.99106 0.957774 0.0178794 0.084453 0.027392
0 0.991634 0.969855 0.0167321 0.0602903 0.0196123
0 0.830293 0.0823445 0.339414 0.164689 0.0159966
0 0.991624 0.971833 0.0166751 0.0563346 0.0126031
0 0.977013 0.967614 0.0459367 0.0639981 0.011568
0 0.982536 0.964118 0.0349271 0.0717646 0.0114224
0 0.988151 0.969366 0.0236218 0.0612673 0.00733711
0 0.882951 0.0795932 0.233895 0.159186 0.00639818
0 0.408216 0.359016 0.406984 0.373566 0.00619587
0 0.975338 0.949137 0.0488951 0.101727 0.00608964
0 0.821048 0.11889 0.357661 0.237779 0.00549184
0 0.988566 0.969585 0.0226068 0.0608301 0.00346487
0 0.983039 0.94693 0.0339226 0.103563 0.00337494
0 0.0273694 0.360744 0.0547387 0.253946 0.00300407
0 0.602528 0.566833 0.711689 0.686598 0.00287289
0 0.970413 0.938174 0.0588984 0.123652 0.00254669
0 0.881241 0.131682 0.237517 0.262905 0.00253683
0 0.0306808 0.325636 0.0613616 0.296549 0.00195043
0 0.0257363 0.379239 0.0514726 0.171659 0.00190256
0 0.770603 0.0729309 0.458793 0.145821 0.00174507
0 0.861977 0.060968 0.276046 0.121936 0.00172685
0 0.952896 0.968723 0.0942074 0.0624506 0.00150227
0 0.896271 0.0622686 0.207458 0.124467 0.00148426
0 0.917843 0.0840905 0.164315 0.168162 0.00120407
0 0.967463 0.956798 0.065073 0.0860143 0.00109348
0 0.914809 0.935926 0.170382 0.128149 0.00100151
