0 0.085566 0.936763 0.171132 0.126048 0.0840683
0 0.105194 0.938528 0.208309 0.122943 0.00735781
0 0.223344 0.0137222 0.202753 0.0274444 0.00656645
0 0.236164 0.0155191 0.30986 0.0310286 0.00539081
0 0.263392 0.0231173 0.378572 0.0462345 0.00387032
0 0.0752197 0.949594 0.148988 0.100812 0.00385366
0 0.226704 0.0328657 0.421545 0.0654489 0.00371299
0 0.523205 0.0492545 0.330295 0.0982467 0.00330175
0 0.225005 0.0120505 0.156599 0.0241009 0.00272006
0 0.519529 0.457575 0.273943 0.257556 0.00200697
0 0.142115 0.903668 0.283642 0.192664 0.00155081
0 0.115416 0.0196094 0.230831 0.0391967 0.00154633
0 0.0638648 0.932052 0.12773 0.135896 0.00145829
0 0.148389 0.0161655 0.296778 0.0323307 0.00141766
0 0.0244258 0.126374 0.0488516 0.250481 0.00129578
0 0.326985 0.971681 0.380991 0.0566105 0.00127589
0 0.148314 0.0324523 0.290305 0.0649047 0.00126541
0 0.320691 0.979765 0.337665 0.040471 0.00126059
0 0.143505 0.0231992 0.287009 0.0463985 0.00120919
0 0.520939 0.0436431 0.246324 0.0872863 0.00120173
0 0.165638 0.0233539 0.331276 0.0466105 0.00119396
0 0.552751 0.0389873 0.425515 0.0779433 0.00114205
0 0.974974 0.0593627 0.0499766 0.118725 0.00108716
