0 0.483419 0.561341 0.216503 0.203194 0.726527
0 0.484119 0.559485 0.253457 0.248262 0.251371
0 0.978493 0.502538 0.0429175 0.273528 0.106724
0 0.974312 0.529273 0.0513763 0.323962 0.0475574
0 0.977651 0.458698 0.0446476 0.155664 0.0369796
0 0.981632 0.486833 0.0367362 0.213634 0.0306424
0 0.946541 0.502052 0.106917 0.330748 0.0243914
0 0.967288 0.522281 0.0654249 0.36778 0.0166606
0 0.908447 0.8341 0.176146 0.17027 0.0165486
0 0.95879 0.479407 0.0824202 0.247408 0.0099518
0 0.165609 0.897305 0.25384 0.205391 0.00791476
0 0.98343 0.667695 0.0331402 0.362918 0.0077339
0 0.976816 0.664501 0.0463686 0.399819 0.00594894
0 0.618303 0.975487 0.264619 0.0487101 0.00495719
0 0.487804 0.561017 0.307401 0.315221 0.0043058
0 0.615016 0.972736 0.3477 0.0544634 0.00409296
0 0.982298 0.710226 0.0353403 0.250182 0.00395276
0 0.985327 0.475527 0.0293469 0.176926 0.00328037
0 0.948339 0.519448 0.10308 0.486798 0.00293908
0 0.9608 0.548806 0.0783787 0.446343 0.00241592
0 0.965652 0.692484 0.0686964 0.356616 0.00238441
0 0.579225 0.97872 0.380933 0.0422935 0.00215383
0 0.984613 0.450649 0.0307571 0.12712 0.00201294
0 0.974658 0.738108 0.0506003 0.383695 0.00194143
0 0.988484 0.490152 0.0230324 0.199741 0.00190628
0 0.943762 0.59059 0.112346 0.489019 0.0019048
0 0.0262376 0.254904 0.0524753 0.416242 0.00145545
0 0.649128 0.981252 0.352825 0.0374953 0.00145364
0 0.979729 0.58506 0.0405414 0.389706 0.00145033
0 0.971227 0.586506 0.0575468 0.453576 0.00135313
0 0.645859 0.965797 0.382978 0.0684054 0.00134012
0 0.0668786 0.0204614 0.133757 0.0408345 0.00131677
0 0.938048 0.656457 0.123778 0.644124 0.00129452
0 0.975381 0.446503 0.0492386 0.380021 0.00128837
0 0.739141 0.977033 0.420456 0.0457819 0.00127101
0 0.902337 0.82049 0.195326 0.22501 0.00125083
0 0.0502356 0.0441675 0.100471 0.0879138 0.00121495
0 0.0747137 0.0328126 0.149367 0.0655073 0.00119607
0 0.0400711 0.254467 0.0801423 0.415449 0.00105868
