0 0.484795 0.45483 0.247561 0.193568 0.593036
0 0.316223 0.0194731 0.207198 0.0388685 0.0440038
0 0.30689 0.0101635 0.181189 0.0203269 0.0389844
0 0.323481 0.0284731 0.271454 0.0569462 0.0357992
0 0.31148 0.0139295 0.218784 0.027859 0.0274749
0 0.483686 0.454566 0.297426 0.263468 0.0242751
0 0.332837 0.035098 0.377724 0.0701961 0.0211915
0 0.296106 0.0169921 0.268057 0.0339685 0.0153289
0 0.328496 0.0113353 0.135618 0.0225603 0.0149099
0 0.292471 0.0231865 0.329681 0.0463729 0.0138663
0 0.330089 0.0197763 0.145406 0.039525 0.0124172
0 0.323758 0.0475785 0.482201 0.0951569 0.0109121
0 0.971734 0.282464 0.0565318 0.231906 0.0109108
0 0.349151 0.0220314 0.256449 0.0440627 0.00846674
0 0.345899 0.0191781 0.375945 0.0382403 0.00746895
0 0.97981 0.26991 0.0403266 0.185478 0.00691373
0 0.277681 0.0389428 0.43844 0.0778856 0.00681906
0 0.398402 0.0279118 0.508771 0.0558236 0.00636499
0 0.912016 0.0976292 0.175968 0.19458 0.00596205
0 0.361623 0.0253023 0.324851 0.0506047 0.0049249
0 0.408977 0.0350691 0.580893 0.0701382 0.00484736
0 0.239518 0.0252034 0.463201 0.0504068 0.00442812
0 0.263366 0.0113869 0.210296 0.0227738 0.00378764
0 0.982603 0.240645 0.0347347 0.293673 0.00330151
0 0.963324 0.286724 0.0733522 0.329118 0.00327945
0 0.334136 0.0557975 0.587215 0.111595 0.00309276
0 0.347219 0.971751 0.159595 0.0564449 0.00267186
0 0.329818 0.972882 0.24403 0.0542351 0.00266435
0 0.267868 0.00899816 0.157331 0.0179963 0.00263152
0 0.038835 0.604715 0.07767 0.161361 0.00229325
0 0.923879 0.142243 0.152241 0.284456 0.00224414
0 0.480391 0.457547 0.345979 0.325886 0.00222108
0 0.976659 0.235521 0.0466815 0.341816 0.00214843
0 0.979342 0.307847 0.0412557 0.320521 0.00208655
0 0.308936 0.98122 0.309646 0.0375609 0.00172575
0 0.327361 0.968366 0.315251 0.0632679 0.00170736
0 0.238332 0.019809 0.388625 0.0396179 0.00170133
0 0.946053 0.94034 0.107893 0.119182 0.00156873
0 0.971337 0.317212 0.0572045 0.354644 0.00154224
0 0.0280967 0.494493 0.0561934 0.421613 0.00147649
0 0.0377227 0.61188 0.0754454 0.304796 0.00144125
0 0.0471191 0.491345 0.0941642 0.458444 0.00134054
0 0.587244 0.0363129 0.546838 0.0726258 0.0012575
0 0.984023 0.434977 0.0319074 0.28637 0.00125546
0 0.875094 0.0701374 0.249812 0.140218 0.00124314
0 0.0170624 0.633112 0.0341248 0.310437 0.00121731
0 0.564641 0.0238442 0.457547 0.0476884 0.0012137
0 0.0701046 0.0119006 0.140209 0.0238012 0.00120673
0 0.941449 0.912675 0.116885 0.174649 0.00114256
0 0.0262925 0.611567 0.0525851 0.248685 0.00106951
0 0.549231 0.978196 0.118351 0.0436077 0.00103187
