0 0.422336 0.441161 0.110374 0.115298 0.800308
0 0.421882 0.441396 0.142358 0.150084 0.0334478
0 0.080265 0.941671 0.154295 0.115633 0.00493822
0 0.137738 0.92017 0.265212 0.159659 0.00372618
0 0.109042 0.940642 0.215146 0.118716 0.00326576
0 0.225281 0.898008 0.450561 0.203984 0.00321991
0 0.167404 0.90692 0.334807 0.18616 0.00263598
0 0.918601 0.0963893 0.162673 0.189474 0.00216989
0 0.107107 0.979487 0.211799 0.0410244 0.00163852
0 0.348878 0.0235429 0.395576 0.0470858 0.00160476
0 0.854078 0.0243754 0.291844 0.0486998 0.0015652
0 0.0364203 0.822992 0.0728405 0.354017 0.0014123
0 0.143271 0.948867 0.286542 0.102265 0.00137925
0 0.858757 0.0156491 0.282485 0.0312982 0.00133458
0 0.0234031 0.844369 0.0467974 0.311263 0.00121952
0 0.341502 0.980919 0.161473 0.0381626 0.00108148
