0 0.631502 0.327023 0.334618 0.289507 0.933699
0 0.0447768 0.473406 0.0895535 0.204284 0.0190952
0 0.040294 0.440087 0.0805881 0.296688 0.014559
0 0.0299064 0.446386 0.0598129 0.278737 0.00910135
0 0.0510801 0.500241 0.1019 0.280655 0.0059883
0 0.0175929 0.433119 0.0351858 0.296626 0.00473464
0 0.0364395 0.491444 0.0728791 0.171034 0.00418316
0 0.0433416 0.500452 0.0864707 0.122068 0.00306885
0 0.981441 0.767821 0.0370402 0.273755 0.00278762
0 0.0693673 0.356333 0.13866 0.610847 0.00264956
0 0.247285 0.976023 0.180406 0.0478895 0.0025535
0 0.0255432 0.512991 0.0509215 0.104265 0.00253173
0 0.0106813 0.35666 0.0213626 0.202929 0.00252369
0 0.0101093 0.283246 0.0200794 0.184072 0.00251063
0 0.975092 0.768879 0.0498151 0.304515 0.00246337
0 0.983533 0.704036 0.0328872 0.243593 0.00235168
0 0.0175265 0.227624 0.0350531 0.224315 0.00234528
0 0.272397 0.967884 0.271461 0.0639832 0.00220065
0 0.199614 0.959275 0.165056 0.0809758 0.00216861
0 0.0108411 0.478445 0.021605 0.18745 0.00214691
0 0.982901 0.878544 0.0341661 0.242913 0.00213083
0 0.0143372 0.691601 0.0286648 0.225631 0.00208853
0 0.210743 0.971211 0.106203 0.0575773 0.00203915
0 0.0844024 0.461736 0.168805 0.221257 0.00202675
0 0.983479 0.746462 0.0330219 0.201802 0.00201448
0 0.0558005 0.43307 0.110958 0.279394 0.00193468
0 0.0557661 0.548875 0.111532 0.205651 0.00191762
0 0.0201364 0.489862 0.0401945 0.197302 0.00190803
0 0.0142982 0.37789 0.0285964 0.309443 0.00187886
0 0.980981 0.936513 0.0380375 0.124108 0.00186944
0 0.0220533 0.228651 0.0441065 0.28365 0.00186154
0 0.0109489 0.685912 0.021882 0.154296 0.00181426
0 0.0353617 0.426496 0.0707235 0.402719 0.0017802
0 0.0153969 0.518202 0.0307938 0.124204 0.00171675
0 0.0562305 0.469179 0.112461 0.405021 0.00171126
0 0.977103 0.721827 0.0457938 0.321912 0.00167859
0 0.0242727 0.42562 0.0485453 0.388412 0.00167661
0 0.197989 0.964646 0.236924 0.0707084 0.00167574
0 0.021993 0.248769 0.0438695 0.135463 0.00162993
0 0.985857 0.749534 0.0282863 0.139685 0.001495
0 0.0209756 0.690389 0.0418861 0.267646 0.00147139
0 0.635091 0.980594 0.0985565 0.0387586 0.00145884
0 0.282151 0.974519 0.233934 0.050962 0.00143886
0 0.191722 0.976797 0.142295 0.0464056 0.00138278
0 0.97552 0.821521 0.048871 0.310615 0.00138209
0 0.00869763 0.519097 0.0173369 0.100943 0.00136174
0 0.976586 0.923593 0.0468278 0.152814 0.00135564
0 0.982479 0.824019 0.034853 0.26948 0.00134316
0 0.0416655 0.421742 0.0833311 0.499721 0.00134186
0 0.962697 0.776587 0.0745562 0.30246 0.00131441
0 0.00632703 0.524256 0.0126277 0.112307 0.00130349
0 0.0214862 0.370839 0.0429723 0.393872 0.00129444
0 0.0144913 0.271486 0.0289827 0.316482 0.00127199
0 0.277918 0.979155 0.180243 0.041574 0.00126301
0 0.975788 0.872271 0.0484236 0.255458 0.00124371
0 0.235126 0.953635 0.211666 0.0927297 0.00123328
0 0.00653087 0.359179 0.0130617 0.159177 0.00122558
0 0.970676 0.946087 0.0586476 0.107826 0.00119568
0 0.00628308 0.555442 0.0125662 0.159611 0.00119001
0 0.00636047 0.684907 0.0127209 0.130711 0.00117313
0 0.0335184 0.542252 0.0670369 0.312386 0.00116914
0 0.0484972 0.568353 0.0967218 0.158478 0.0011636
0 0.0233721 0.559272 0.0467442 0.265583 0.00113705
0 0.615261 0.984046 0.167102 0.0319073 0.00113081
0 0.153239 0.011773 0.211494 0.0235461 0.00112506
0 0.983287 0.654034 0.0334253 0.330201 0.00110443
0 0.00612395 0.475446 0.0122309 0.149301 0.00108351
0 0.642539 0.984356 0.139578 0.0312288 0.00106792
0 0.0112944 0.541955 0.0225888 0.177107 0.00104564
0 0.0107084 0.770382 0.0214168 0.201741 0.00104194
0 0.00629124 0.291383 0.0125301 0.147148 0.00103442
0 0.62914 0.978559 0.178969 0.042825 0.00103218
0 0.188831 0.981193 0.237808 0.0376145 0.00102527
0 0.0147517 0.741796 0.0294881 0.297186 0.00102273
0 0.0112137 0.424699 0.0223442 0.201168 0.00101889
