0 0.541434 0.427009 0.265511 0.269828 0.628788
0 0.201608 0.366319 0.242152 0.229969 0.0479495
0 0.112983 0.0554273 0.225057 0.110855 0.0132445
0 0.0351257 0.26604 0.0702514 0.328629 0.0116232
0 0.0382145 0.278933 0.0763688 0.455981 0.0101843
0 0.0227066 0.290126 0.0454133 0.320161 0.00622529
0 0.0272173 0.315142 0.0544346 0.436775 0.00601666
0 0.0300542 0.257989 0.0601084 0.260616 0.005219
0 0.203835 0.371237 0.302361 0.280065 0.00394021
0 0.0966795 0.0428125 0.193359 0.0855893 0.00387438
0 0.0916059 0.0791529 0.183212 0.157708 0.00339089
0 0.112233 0.106833 0.224467 0.213608 0.00318818
0 0.0687298 0.0992118 0.13746 0.198415 0.00315249
0 0.0484656 0.296988 0.0969312 0.519137 0.00309988
0 0.163506 0.101547 0.326471 0.203094 0.0028595
0 0.0631341 0.317628 0.126177 0.608133 0.00278043
0 0.12825 0.0483627 0.2565 0.0967254 0.00277286
0 0.0507101 0.0698028 0.101239 0.139351 0.00276863
0 0.0411276 0.0883351 0.0822142 0.175708 0.00265123
0 0.538764 0.427515 0.329807 0.324613 0.0023778
0 0.0353261 0.0603953 0.0705363 0.120791 0.00236338
0 0.0444189 0.0311 0.0888379 0.0620561 0.00220259
0 0.0219144 0.38007 0.0438288 0.454673 0.00219378
0 0.0367934 0.37889 0.0735869 0.547717 0.00212645
0 0.479005 0.9691 0.304925 0.0611222 0.00211028
0 0.0696852 0.0329939 0.13937 0.0657766 0.00202806
0 0.0269351 0.23175 0.0538703 0.448143 0.00196383
0 0.213864 0.0874599 0.427227 0.17492 0.00196128
0 0.0345781 0.787078 0.0691561 0.425845 0.0019374
0 0.0151392 0.422492 0.0302783 0.294698 0.00189313
0 0.0664815 0.0609946 0.132963 0.121926 0.00183898
0 0.0254642 0.846738 0.0509284 0.306524 0.00175232
0 0.0234825 0.44624 0.0468871 0.387893 0.00173665
0 0.134618 0.0765891 0.269236 0.152698 0.00166451
0 0.0373769 0.400141 0.0747539 0.374754 0.00166073
0 0.015969 0.860442 0.031938 0.279116 0.00158096
0 0.0235101 0.800014 0.0470075 0.399972 0.00157728
0 0.481008 0.983192 0.252209 0.0336152 0.00153584
0 0.179553 0.0336705 0.359106 0.067341 0.00149917
0 0.0149257 0.825619 0.0298514 0.314572 0.00144326
0 0.294567 0.930879 0.588815 0.138243 0.00143983
0 0.103016 0.0249926 0.163053 0.0499851 0.00140964
0 0.0307232 0.0397055 0.0614224 0.0794109 0.00138287
0 0.196959 0.379484 0.356523 0.344036 0.00133284
0 0.189449 0.143224 0.378291 0.286448 0.00132327
0 0.12715 0.0209084 0.158695 0.0418167 0.00131921
0 0.503687 0.97782 0.344329 0.0443605 0.00130485
0 0.0274708 0.879673 0.0549417 0.238784 0.00128336
0 0.97976 0.0771535 0.0404575 0.154307 0.00127369
0 0.551365 0.850405 0.111336 0.119607 0.00125775
0 0.121075 0.0294529 0.231928 0.0589059 0.00123012
0 0.0420606 0.846718 0.0841211 0.306564 0.00122287
0 0.207044 0.0280664 0.414088 0.0561328 0.00121583
0 0.443893 0.905198 0.887785 0.189605 0.00117701
0 0.532251 0.868485 0.17236 0.190212 0.00116822
0 0.535369 0.984044 0.361458 0.0318649 0.00115891
0 0.0340029 0.461477 0.0678652 0.560448 0.00115613
0 0.556869 0.841882 0.0851096 0.0905286 0.0011547
0 0.0195719 0.945299 0.0391438 0.109403 0.00113965
0 0.537142 0.967383 0.404775 0.0644324 0.00112615
0 0.0339981 0.92904 0.0677092 0.141921 0.0011147
0 0.0386013 0.229918 0.0772027 0.459836 0.00110513
0 0.134765 0.0370395 0.26953 0.0740789 0.00109923
0 0.926777 0.0238912 0.146446 0.0476327 0.00108995
0 0.172998 0.0199392 0.345996 0.0398785 0.00107587
0 0.535153 0.856532 0.151787 0.146134 0.0010757
0 0.145764 0.0245659 0.291527 0.0491318 0.00104546
0 0.110674 0.211047 0.221347 0.421394 0.00103352
