0 0.394242 0.230633 0.111111 0.11374 0.900975
0 0.0758205 0.983533 0.151106 0.0329316 0.0222527
0 0.984184 0.743021 0.0315835 0.223207 0.0139933
0 0.0830991 0.977381 0.165856 0.0451934 0.01008
0 0.968669 0.960501 0.0626622 0.078997 0.00745628
0 0.0262121 0.141978 0.0524021 0.197522 0.00599752
0 0.0869241 0.965106 0.173028 0.0697871 0.00553386
0 0.946701 0.95636 0.106383 0.0872798 0.00494517
0 0.0316483 0.144305 0.0632967 0.288611 0.00493126
0 0.977722 0.737941 0.044556 0.288326 0.00410449
0 0.983507 0.7192 0.0329857 0.332116 0.00407274
0 0.0129585 0.652777 0.025886 0.134592 0.00363124
0 0.98405 0.762959 0.0319003 0.140107 0.00358865
0 0.0516219 0.988005 0.103244 0.0239905 0.00329543
0 0.0232836 0.129833 0.0465219 0.148797 0.00294231
0 0.980947 0.779703 0.0380936 0.301233 0.00272267
0 0.014719 0.671674 0.0294158 0.227216 0.00245723
0 0.978723 0.960769 0.0425547 0.0784612 0.00226253
0 0.0722846 0.943681 0.143329 0.112638 0.00219675
0 0.0435411 0.991038 0.0870823 0.017879 0.0017753
0 0.919051 0.953926 0.160996 0.0921476 0.00163703
0 0.974846 0.793167 0.0503089 0.363485 0.00157664
0 0.0796802 0.987998 0.15936 0.0240047 0.00150092
0 0.0186555 0.163309 0.037311 0.326617 0.00139099
0 0.0394359 0.161766 0.0788718 0.323531 0.00137207
0 0.0208953 0.669079 0.0417905 0.288777 0.00115178
0 0.39295 0.981283 0.0820957 0.0374349 0.00112876
0 0.90495 0.84118 0.102973 0.120492 0.00109384
0 0.0137783 0.755091 0.0275423 0.245736 0.00109306
0 0.0688432 0.991762 0.137686 0.0164769 0.00100402
