0 0.615325 0.280331 0.275577 0.163477 0.854807
0 0.613361 0.28428 0.315551 0.249333 0.0874235
0 0.611314 0.218048 0.281006 0.30305 0.0207012
0 0.61525 0.31576 0.281387 0.243845 0.0200635
0 0.616385 0.276158 0.35575 0.316462 0.0136649
0 0.0125615 0.627151 0.0250207 0.232545 0.0110704
0 0.611823 0.34971 0.309696 0.327276 0.0064511
0 0.358095 0.964409 0.27523 0.0711823 0.00447709
0 0.667937 0.279622 0.166558 0.159808 0.00424305
0 0.0467012 0.951355 0.0932558 0.0972064 0.00369694
0 0.0176775 0.61227 0.0353549 0.329925 0.00366166
0 0.500932 0.988355 0.175923 0.0232902 0.00350336
0 0.0699884 0.943372 0.139977 0.113256 0.00286935
0 0.0645473 0.920895 0.129095 0.15821 0.00254506
0 0.0893602 0.926308 0.178611 0.147384 0.00233976
0 0.00965661 0.621759 0.0193132 0.173536 0.0021851
0 0.0294774 0.619835 0.0589547 0.368138 0.00200615
0 0.0805746 0.0115425 0.161149 0.0230851 0.00178514
0 0.0339269 0.935801 0.0676993 0.127432 0.00157848
0 0.0148954 0.659494 0.0297234 0.31114 0.00157714
0 0.606419 0.194655 0.33275 0.37975 0.00144832
0 0.988862 0.392376 0.0222764 0.156697 0.00141734
0 0.984596 0.385237 0.0308073 0.188754 0.00140281
0 0.0218626 0.664781 0.043662 0.440588 0.0013769
0 0.289932 0.0197424 0.341595 0.0394848 0.00135735
0 0.338044 0.978579 0.180623 0.0427419 0.00133865
0 0.499008 0.991746 0.149418 0.0164759 0.00132353
0 0.0108405 0.08901 0.0216198 0.17802 0.00130747
0 0.501534 0.983902 0.19944 0.0320394 0.00112619
0 0.49268 0.979082 0.229746 0.041764 0.00106288
0 0.992768 0.386204 0.0144633 0.124846 0.00105595
0 0.290142 0.0215449 0.250707 0.0430746 0.00103032
