0 0.451608 0.362659 0.216737 0.270244 0.815664
0 0.563336 0.38022 0.440711 0.301576 0.117852
0 0.437058 0.983667 0.290668 0.0326663 0.0399534
0 0.870898 0.0999422 0.249716 0.199872 0.0339022
0 0.45942 0.369016 0.2685 0.322932 0.032289
0 0.953809 0.749939 0.092383 0.22409 0.0316722
0 0.424207 0.984464 0.213377 0.030987 0.0191934
0 0.435108 0.978146 0.345617 0.0437086 0.0127737
0 0.407186 0.988236 0.20296 0.0235279 0.0124338
0 0.327811 0.748607 0.177173 0.124171 0.0120028
0 0.0105193 0.885862 0.0210224 0.149381 0.0107673
0 0.942382 0.0522166 0.115236 0.104433 0.00972227
0 0.942474 0.0271599 0.113009 0.05427 0.00849056
0 0.426032 0.979931 0.238976 0.0401222 0.00674722
0 0.949292 0.150638 0.101228 0.299828 0.00625861
0 0.969512 0.161386 0.0609769 0.321148 0.00485362
0 0.0247332 0.0784326 0.0494664 0.156865 0.00469542
0 0.94459 0.709822 0.110731 0.303171 0.00464056
0 0.94423 0.0736549 0.111523 0.14731 0.00449662
0 0.0062491 0.888989 0.012418 0.12299 0.00444523
0 0.0198686 0.0337369 0.0397373 0.0674737 0.00390761
0 0.936854 0.189657 0.126217 0.375275 0.00388585
0 0.958903 0.186499 0.0819948 0.372997 0.00385771
0 0.934776 0.114449 0.130171 0.228897 0.00365632
0 0.0213528 0.0594531 0.0425996 0.118906 0.00281661
0 0.931969 0.749581 0.135591 0.220863 0.00274324
0 0.447122 0.968135 0.349392 0.0637292 0.00260462
0 0.976118 0.141714 0.047763 0.283429 0.00206967
0 0.0108475 0.910042 0.0215956 0.179915 0.00204786
0 0.979687 0.103375 0.0405924 0.20675 0.00203647
0 0.968092 0.239273 0.0637374 0.291137 0.00194009
0 0.0424747 0.0444907 0.0849494 0.0889815 0.00189499
0 0.934344 0.0884058 0.131313 0.176812 0.00178265
0 0.988582 0.618725 0.0228151 0.0915705 0.00172015
0 0.935523 0.667229 0.12886 0.403493 0.00167553
0 0.982168 0.663229 0.0356429 0.316852 0.00165484
0 0.396405 0.971262 0.3385 0.0574768 0.00163391
0 0.968724 0.0869285 0.0624824 0.173857 0.00155955
0 0.0622592 0.0696275 0.124345 0.139255 0.00154647
0 0.91736 0.981559 0.164594 0.0365781 0.00152896
0 0.964279 0.704575 0.0712631 0.115389 0.00147476
0 0.012912 0.871791 0.025824 0.256418 0.00141294
0 0.97102 0.655382 0.0579608 0.404515 0.00139123
0 0.511462 0.98824 0.151903 0.0234982 0.00130742
0 0.984344 0.623618 0.0313121 0.137706 0.00129829
0 0.0208027 0.855471 0.0416055 0.289058 0.00122409
0 0.934451 0.0366001 0.131098 0.0732001 0.00121232
0 0.983586 0.610911 0.0328276 0.221695 0.00119978
0 0.939056 0.972225 0.121847 0.0555224 0.00117353
0 0.932386 0.25367 0.134932 0.506338 0.00115931
0 0.954798 0.283723 0.0898157 0.370925 0.0011297
0 0.550188 0.369616 0.480467 0.411967 0.00106361
0 0.963531 0.704219 0.0729388 0.371707 0.00105788
0 0.99207 0.620061 0.0158597 0.0890169 0.00104152
0 0.952875 0.0384906 0.0941579 0.0769812 0.00103919
