0 0.52841 0.177846 0.170236 0.180817 0.941548
0 0.0371177 0.0776851 0.0742354 0.15537 0.0611769
0 0.0213231 0.960544 0.0426463 0.078913 0.00185287
0 0.519846 0.964625 0.153487 0.0693872 0.00177112
0 0.565892 0.425975 0.868215 0.85195 0.00172141
0 0.204582 0.753209 0.128172 0.109488 0.00165049
0 0.143474 0.938883 0.271053 0.121279 0.00147726
0 0.0164424 0.964222 0.0325681 0.0715561 0.00118692
0 0.0444107 0.959134 0.0888214 0.081569 0.00112881
0 0.48567 0.962628 0.253873 0.0745299 0.001124
0 0.219771 0.752183 0.0956101 0.0896819 0.00108221
0 0.984051 0.283712 0.0318627 0.285362 0.00106925
0 0.0505999 0.947825 0.1012 0.10435 0.00102734
