0 0.429784 0.157715 0.218011 0.210729 0.666616
0 0.428069 0.167673 0.269734 0.268126 0.138563
0 0.397043 0.0353407 0.403754 0.0705605 0.00422331
0 0.433475 0.0432292 0.298088 0.0863103 0.00385517
0 0.425131 0.164201 0.336195 0.317177 0.00330966
0 0.348702 0.0404068 0.411298 0.0807871 0.00300253
0 0.409961 0.982055 0.229877 0.0358897 0.00252664
0 0.43135 0.0305116 0.285371 0.0610233 0.00247538
0 0.429994 0.0573482 0.241687 0.114696 0.00218079
0 0.881494 0.984389 0.237012 0.031221 0.00197937
0 0.439182 0.0802107 0.286709 0.159873 0.00195019
0 0.405236 0.974047 0.307842 0.0519058 0.00173639
0 0.873581 0.977647 0.252837 0.044543 0.00170033
0 0.379803 0.147788 0.471071 0.295359 0.00105499
