0 0.590203 0.181103 0.449067 0.361098 0.835682
0 0.0427004 0.124647 0.0854009 0.249295 0.0112754
0 0.3317 0.165023 0.554271 0.330047 0.00817353
0 0.0967694 0.91103 0.193539 0.17794 0.0080739
0 0.269565 0.133286 0.517988 0.266563 0.00788638
0 0.0841296 0.71331 0.168259 0.204363 0.00759144
0 0.0393435 0.171036 0.078687 0.121961 0.00680566
0 0.949989 0.441662 0.100022 0.218111 0.00556561
0 0.0471524 0.144045 0.0943048 0.286847 0.00471979
0 0.0807544 0.113279 0.161509 0.226558 0.00367858
0 0.0400618 0.127548 0.0801235 0.222878 0.00352538
0 0.0509868 0.11421 0.101974 0.225229 0.00327157
0 0.881466 0.191426 0.120149 0.127376 0.00280328
0 0.983921 0.253782 0.0321369 0.12623 0.00267914
0 0.982321 0.238362 0.0353584 0.185264 0.00250418
0 0.385298 0.193161 0.770596 0.386124 0.00248495
0 0.0409535 0.160644 0.081879 0.169496 0.00230065
0 0.0397736 0.089219 0.0794131 0.178003 0.0020193
0 0.975101 0.234425 0.0497977 0.220367 0.00194736
0 0.249901 0.201817 0.476869 0.402858 0.00190526
0 0.068589 0.150326 0.137178 0.300571 0.00185038
0 0.962892 0.35193 0.0742154 0.408256 0.00172794
0 0.970837 0.353474 0.0583261 0.340915 0.00164942
0 0.24869 0.864442 0.49738 0.271116 0.00161561
0 0.968211 0.257743 0.0635775 0.156095 0.00150019
0 0.978919 0.261666 0.0421626 0.116401 0.00149961
0 0.246497 0.0993455 0.45911 0.198655 0.00148517
0 0.986032 0.269571 0.0279357 0.123106 0.00147383
0 0.655249 0.205208 0.664478 0.407724 0.0014131
0 0.91221 0.0844012 0.17558 0.168776 0.00138614
0 0.143044 0.156422 0.286065 0.312845 0.00138065
0 0.965481 0.280061 0.067716 0.0811155 0.00134594
0 0.927818 0.452925 0.144121 0.233967 0.00131269
0 0.143949 0.888052 0.287898 0.223896 0.00121971
0 0.951974 0.455852 0.0959604 0.318135 0.00116826
0 0.0909217 0.217173 0.181843 0.432705 0.00106647
0 0.960077 0.428356 0.0798469 0.172296 0.00104982
0 0.975251 0.429893 0.0494238 0.256749 0.00103368
0 0.337144 0.23692 0.574767 0.47384 0.00102679
