0 0.408289 0.228904 0.260525 0.237217 0.941441
0 0.410454 0.224088 0.331678 0.314456 0.862563
0 0.00648122 0.556429 0.012809 0.0834846 0.245531
0 0.0102548 0.55589 0.0202183 0.0863388 0.231585
0 0.00939511 0.545985 0.0187902 0.125651 0.0556097
0 0.0158662 0.549044 0.0317323 0.0980177 0.0236333
0 0.00621833 0.556448 0.0124367 0.117577 0.00723119
0 0.016762 0.534654 0.0334306 0.141102 0.0054984
0 0.312193 0.988275 0.178665 0.0234499 0.00281163
0 0.0265241 0.548642 0.0524763 0.108416 0.00170056
0 0.306243 0.992958 0.143882 0.0140693 0.00160767
0 0.831306 0.987891 0.174832 0.0241684 0.00144703
0 0.271043 0.98873 0.200195 0.0225397 0.00142943
0 0.677339 0.988304 0.155558 0.0233924 0.00113564
