0 0.598725 0.459998 0.0967965 0.0914169 0.613163
0 0.968604 0.0875649 0.062791 0.174132 0.411561
0 0.596881 0.458349 0.126572 0.125948 0.336941
0 0.966018 0.117268 0.0679638 0.234536 0.0453865
0 0.191777 0.0169874 0.0953643 0.0339748 0.0303507
0 0.965009 0.132812 0.0699594 0.265624 0.0137565
0 0.593912 0.458011 0.153401 0.152611 0.010991
0 0.958878 0.0964274 0.0821924 0.192855 0.00898014
0 0.519152 0.957883 0.32008 0.0842341 0.00662268
0 0.0195394 0.775661 0.0390315 0.125408 0.006247
0 0.0223906 0.787104 0.0447479 0.185714 0.00584896
0 0.517877 0.982646 0.321786 0.0346385 0.00584541
0 0.547901 0.490452 0.19712 0.1492 0.00565628
0 0.948556 0.130218 0.102837 0.259254 0.00557897
0 0.0255044 0.785606 0.0510089 0.268305 0.00521869
0 0.861704 0.962294 0.276591 0.0749365 0.0049083
0 0.50956 0.97404 0.38903 0.0515282 0.00388496
0 0.974618 0.345262 0.0507631 0.161191 0.0037421
0 0.848588 0.954185 0.302824 0.0915542 0.0035326
0 0.964132 0.629787 0.0717192 0.363372 0.00325365
0 0.0186094 0.810951 0.0372187 0.327724 0.00316877
0 0.956177 0.113606 0.0876466 0.227212 0.00272426
0 0.0763225 0.40623 0.152645 0.196304 0.00216278
0 0.926867 0.125851 0.146266 0.251701 0.0017399
0 0.974234 0.620604 0.0515321 0.336309 0.00170554
0 0.0165499 0.77045 0.0330998 0.0782714 0.00158029
0 0.944147 0.0874434 0.111636 0.174131 0.00150356
0 0.0330048 0.786902 0.0660096 0.313254 0.00144987
0 0.94292 0.227991 0.113662 0.455981 0.00136533
0 0.50573 0.946345 0.272854 0.10731 0.00123468
0 0.95993 0.670122 0.0801393 0.271245 0.00121774
0 0.163939 0.0221209 0.125658 0.0441568 0.00120621
0 0.870468 0.944193 0.259063 0.111614 0.00119329
0 0.212481 0.0187505 0.160742 0.0372838 0.00117406
0 0.971929 0.11177 0.0559989 0.173172 0.00103459
