0 0.533429 0.4532 0.117859 0.0996763 0.852531
0 0.395622 0.249612 0.178815 0.11358 0.259606
0 0.532963 0.453281 0.138176 0.124418 0.172404
0 0.814469 0.111209 0.131733 0.158592 0.0511632
0 0.440998 0.2499 0.107179 0.126258 0.0381092
0 0.435809 0.250285 0.139849 0.150345 0.014598
0 0.397696 0.254755 0.208269 0.164671 0.00858881
0 0.441516 0.263814 0.0956822 0.100839 0.00329808
0 0.614053 0.980737 0.106222 0.0385265 0.00258712
0 0.0357627 0.0246807 0.0715254 0.0492369 0.00156227
0 0.626333 0.977861 0.177299 0.0442773 0.00141552
0 0.356015 0.256871 0.10328 0.106283 0.00108274
