0 0.44951 0.485952 0.89902 0.648793 0.0582074
0 0.50042 0.48873 0.7546 0.515282 0.00524827
0 0.0761347 0.926842 0.152269 0.145903 0.00303636
0 0.367039 0.547032 0.734078 0.57884 0.00298194
0 0.887694 0.0835929 0.224612 0.167186 0.00211297
0 0.787727 0.032127 0.424545 0.0639619 0.00193359
0 0.0880481 0.908133 0.174839 0.183734 0.00188619
0 0.79026 0.0691603 0.41948 0.138321 0.00171168
0 0.926306 0.0900479 0.147388 0.179647 0.00160034
0 0.72913 0.0471891 0.540648 0.0942555 0.00153313
0 0.218978 0.59512 0.437957 0.446306 0.00151009
0 0.800313 0.0176975 0.324563 0.0353949 0.00119835
0 0.793879 0.0233479 0.39406 0.0465841 0.0011873
0 0.921452 0.151178 0.157095 0.302356 0.00117395
0 0.869114 0.165772 0.261772 0.331543 0.00114567
0 0.677651 0.0561769 0.644699 0.112354 0.00114337
0 0.147258 0.632903 0.292667 0.327367 0.00106173
0 0.784939 0.0393302 0.430122 0.0786104 0.00100014
