0 0.498729 0.492281 0.270576 0.20717 0.751971
0 0.025007 0.698365 0.0500043 0.182332 0.0809545
0 0.0298922 0.693471 0.0597843 0.227177 0.0665476
0 0.49611 0.492776 0.361038 0.345396 0.0217756
0 0.0364846 0.69354 0.0728597 0.285573 0.0217186
0 0.095388 0.941423 0.190776 0.117106 0.0175408
0 0.0832505 0.953683 0.165328 0.0919746 0.0107897
0 0.116521 0.958048 0.232235 0.083884 0.00528738
0 0.0105892 0.69816 0.021038 0.168534 0.0052467
0 0.0187073 0.731803 0.0374146 0.310889 0.00378723
0 0.496793 0.494296 0.305986 0.276022 0.0036903
0 0.0246388 0.651201 0.0492776 0.390745 0.0032457
0 0.0270278 0.739246 0.0540555 0.375791 0.00272419
0 0.0562853 0.916548 0.112571 0.166903 0.00260051
0 0.16446 0.914093 0.32839 0.171813 0.00244818
0 0.070894 0.589696 0.141684 0.477041 0.00238843
0 0.0604444 0.948521 0.120818 0.102957 0.00236581
0 0.148279 0.967004 0.296557 0.0659912 0.00232596
0 0.0164687 0.663996 0.0329374 0.291746 0.00232399
0 0.133889 0.981306 0.267778 0.0373805 0.00223319
0 0.116751 0.885003 0.233503 0.229993 0.00193144
0 0.022421 0.190278 0.0448213 0.380556 0.00178371
0 0.154884 0.983281 0.309768 0.03333 0.00174441
0 0.120518 0.972963 0.241036 0.0539589 0.00170978
0 0.223759 0.370825 0.278675 0.263911 0.00170817
0 0.0323547 0.204588 0.0646251 0.409177 0.00166454
0 0.143514 0.974933 0.287029 0.0499531 0.0016555
0 0.179732 0.0471687 0.35922 0.0943374 0.00161287
0 0.0420515 0.176477 0.0840895 0.350207 0.00158665
0 0.0353336 0.647631 0.0706672 0.412603 0.00155075
0 0.168218 0.0940117 0.33485 0.187936 0.00140295
0 0.173464 0.0282151 0.346928 0.0564302 0.00139625
0 0.0127618 0.693384 0.0255236 0.202608 0.00134256
0 0.211218 0.362697 0.35137 0.302401 0.00130347
0 0.208783 0.871768 0.417567 0.256465 0.00126955
0 0.206466 0.0233708 0.412931 0.0467416 0.00126586
0 0.639374 0.0469274 0.721251 0.0938548 0.00125441
0 0.17543 0.83836 0.35086 0.32328 0.0012506
0 0.672539 0.0231289 0.497555 0.0462578 0.00124559
0 0.354309 0.84078 0.203047 0.191513 0.00119031
0 0.0778683 0.257546 0.155737 0.511443 0.00118134
0 0.0882687 0.0287666 0.176537 0.0574635 0.00117707
0 0.567065 0.0235185 0.54126 0.047037 0.00114557
0 0.0539372 0.212134 0.107532 0.424269 0.00109919
0 0.945495 0.492657 0.10901 0.173305 0.00105906
0 0.70163 0.0155136 0.350336 0.0310272 0.00103554
0 0.67967 0.0326288 0.433939 0.06506 0.00101262
