0 0.586757 0.165851 0.375728 0.331702 0.951386
0 0.0554472 0.926021 0.110661 0.147653 0.246704
0 0.0543847 0.953986 0.108769 0.0920289 0.0323271
0 0.960253 0.683527 0.079493 0.469305 0.00435136
0 0.836629 0.546323 0.134912 0.127224 0.00415566
0 0.0161779 0.821683 0.0323559 0.296657 0.00248713
0 0.980525 0.461124 0.0389495 0.368385 0.00201193
0 0.956636 0.688213 0.0864533 0.32223 0.00188845
0 0.948646 0.170361 0.102708 0.251816 0.00159579
0 0.716174 0.0642904 0.318497 0.128581 0.00155045
0 0.0279421 0.815413 0.0558841 0.356601 0.00149306
0 0.968356 0.396024 0.0632886 0.195433 0.00134315
0 0.039038 0.795975 0.0780759 0.346407 0.00121538
0 0.956119 0.671727 0.087763 0.208101 0.00121346
0 0.0232143 0.843289 0.0464286 0.313423 0.00119725
0 0.971745 0.462711 0.0565108 0.370792 0.00118113
0 0.0353088 0.801228 0.0706177 0.397545 0.00116893
0 0.971473 0.717769 0.0570545 0.411658 0.00110415
0 0.0174237 0.861375 0.0348474 0.277249 0.00105106
