0 0.405176 0.240984 0.219591 0.23994 0.896747
0 0.987386 0.287386 0.0252279 0.100051 0.463319
0 0.991028 0.29537 0.017763 0.118662 0.268171
0 0.983924 0.284956 0.0320427 0.122097 0.0390657
0 0.977569 0.286453 0.0443437 0.11677 0.0305229
0 0.982163 0.21967 0.0355629 0.250622 0.0141357
0 0.988498 0.152976 0.0230044 0.157032 0.00757834
0 0.971958 0.210159 0.056084 0.265335 0.00459157
0 0.957388 0.697992 0.0852248 0.323528 0.00373961
0 0.99218 0.162372 0.0155379 0.13439 0.00371222
0 0.957415 0.932763 0.0851703 0.13399 0.00354218
0 0.969097 0.287475 0.0618066 0.122424 0.00335601
0 0.977646 0.24964 0.0447083 0.217763 0.00244215
0 0.405537 0.203328 0.215089 0.1632 0.00179192
0 0.99165 0.289982 0.0167001 0.164266 0.00176888
0 0.98456 0.133499 0.0308626 0.212712 0.00158263
0 0.985946 0.169428 0.0279623 0.145044 0.0015489
0 0.932015 0.691669 0.13597 0.321165 0.00134709
0 0.974918 0.290073 0.0501631 0.195539 0.00124377
