0 0.6643 0.172429 0.512594 0.3443 0.867175
0 0.684532 0.981928 0.338139 0.035948 0.0182982
0 0.681148 0.977401 0.39339 0.0451987 0.00931959
0 0.679103 0.967492 0.383581 0.0647078 0.00495014
0 0.606021 0.222095 0.366328 0.260123 0.00492788
0 0.734225 0.822916 0.146411 0.161288 0.00458555
0 0.82338 0.791606 0.145464 0.162339 0.00407933
0 0.9873 0.742811 0.0254003 0.0807886 0.00369834
0 0.986394 0.743228 0.02711 0.210827 0.00244744
0 0.70856 0.987845 0.209191 0.0243095 0.00240714
0 0.347574 0.262281 0.279882 0.34408 0.00231452
0 0.819847 0.929723 0.357311 0.140555 0.00204948
0 0.364196 0.0838955 0.349672 0.167791 0.00189753
0 0.337375 0.104158 0.404413 0.208316 0.0018956
0 0.983592 0.735147 0.0328166 0.1509 0.00189045
0 0.717245 0.971996 0.328986 0.0555158 0.00188436
0 0.7263 0.978888 0.283265 0.0421479 0.00179006
0 0.983416 0.70671 0.0331208 0.25983 0.00174124
0 0.981765 0.768619 0.0363231 0.29772 0.0014409
0 0.919286 0.982613 0.16101 0.0345821 0.00143439
0 0.172789 0.017002 0.272261 0.0339302 0.00137722
0 0.592334 0.500318 0.0863495 0.0774418 0.00128311
0 0.977277 0.72254 0.0454464 0.283261 0.00127463
0 0.98184 0.765832 0.0361084 0.204304 0.00121937
0 0.94233 0.978013 0.115289 0.0438372 0.00120053
0 0.0106994 0.141884 0.0213782 0.186775 0.00113648
0 0.907494 0.976122 0.185012 0.0476906 0.00111567
0 0.988891 0.749531 0.0222175 0.115069 0.00110702
0 0.0108187 0.780192 0.021563 0.19934 0.00106584
0 0.779124 0.807293 0.235088 0.20132 0.00102204
