0 0.588276 0.146887 0.368448 0.293775 0.931967
0 0.051868 0.37433 0.103511 0.210225 0.0457035
0 0.0636422 0.793928 0.125842 0.135192 0.0161823
0 0.057829 0.394423 0.115658 0.277395 0.0124888
0 0.066212 0.987396 0.132424 0.0251613 0.0069672
0 0.976429 0.692064 0.0471416 0.143743 0.00562304
0 0.153458 0.978859 0.294047 0.0422822 0.00487601
0 0.0511906 0.405924 0.101863 0.140464 0.00463279
0 0.0683933 0.378629 0.136584 0.340992 0.00416873
0 0.0660713 0.980767 0.131796 0.0384655 0.00411137
0 0.0599639 0.992839 0.119928 0.0143211 0.00401184
0 0.0688969 0.810906 0.137794 0.202253 0.00380054
0 0.976392 0.666195 0.0472159 0.227731 0.00373043
0 0.154407 0.963958 0.308814 0.0712969 0.00366801
0 0.0822 0.976209 0.163062 0.0475821 0.00331011
0 0.575936 0.843734 0.0901272 0.11341 0.00315611
0 0.106049 0.982124 0.212098 0.03543 0.0030928
0 0.0454615 0.990142 0.090923 0.0196737 0.00291991
0 0.0350712 0.370228 0.0701425 0.205618 0.00291234
0 0.0484309 0.982425 0.0968617 0.0351496 0.00273215
0 0.114449 0.970989 0.228899 0.0578964 0.00262539
0 0.977055 0.671363 0.0458897 0.0805244 0.00252438
0 0.983536 0.906794 0.0329285 0.186411 0.0023558
0 0.0600922 0.974019 0.120184 0.0519618 0.00233816
0 0.194104 0.981414 0.298845 0.0371716 0.00233205
0 0.980005 0.699332 0.0399899 0.182749 0.00224977
0 0.154426 0.974449 0.308853 0.0509942 0.00224939
0 0.202849 0.966001 0.32657 0.0670362 0.00224673
0 0.0639313 0.386351 0.127821 0.521448 0.0020396
0 0.967997 0.687795 0.0637023 0.159257 0.00202721
0 0.0108287 0.114477 0.0216573 0.203733 0.00196016
0 0.900522 0.285378 0.19771 0.19034 0.00193217
0 0.125432 0.986647 0.195662 0.026679 0.00180847
0 0.977223 0.894378 0.0455549 0.210069 0.00175047
0 0.974392 0.705465 0.0512151 0.215288 0.00168764
0 0.981414 0.934406 0.0371729 0.130787 0.00166129
0 0.744582 0.718205 0.104652 0.0946234 0.0016433
0 0.0343771 0.364561 0.068734 0.291679 0.00161912
0 0.404871 0.239101 0.156811 0.158615 0.00161796
0 0.0300068 0.80646 0.0598697 0.177735 0.00154733
0 0.988199 0.929076 0.023603 0.141848 0.00153802
0 0.183873 0.988037 0.201317 0.0239255 0.00138169
0 0.97462 0.944653 0.0507599 0.110694 0.00127647
0 0.968041 0.651397 0.063918 0.277499 0.0012739
0 0.981975 0.730429 0.0360504 0.244467 0.00115356
0 0.0308446 0.34194 0.0616891 0.139415 0.00111062
0 0.0393757 0.822344 0.0786401 0.23281 0.00104985
0 0.984216 0.342205 0.0315441 0.244123 0.00101512
0 0.149352 0.992723 0.167154 0.0145445 0.00100535
