0 0.529311 0.374352 0.206576 0.239797 0.878254
0 0.946412 0.491454 0.107175 0.241195 0.0229917
0 0.971304 0.134587 0.0573927 0.213783 0.0202458
0 0.96484 0.486475 0.0703205 0.248423 0.0108677
0 0.974529 0.148063 0.0509421 0.294132 0.0103454
0 0.943599 0.523081 0.111182 0.164996 0.00709663
0 0.0109842 0.294355 0.0218159 0.190328 0.00325358
0 0.520543 0.378906 0.336587 0.334976 0.00313847
0 0.00800121 0.302392 0.0159711 0.158968 0.00218249
0 0.0132126 0.284927 0.0264253 0.252801 0.00213035
0 0.979557 0.175184 0.0408864 0.350368 0.00186627
0 0.00666014 0.281227 0.0133047 0.157542 0.00160064
0 0.930693 0.302323 0.138331 0.193879 0.00152098
0 0.966494 0.162378 0.0659527 0.324756 0.00144636
