0 0.477233 0.214116 0.352632 0.33106 0.941029
0 0.483734 0.221847 0.439094 0.424683 0.112296
0 0.411262 0.923704 0.1297 0.139513 0.0134267
0 0.610064 0.902073 0.230931 0.195855 0.0124574
0 0.988718 0.714436 0.0225641 0.159547 0.00524409
0 0.992875 0.713061 0.0142494 0.121805 0.00373701
0 0.669072 0.90062 0.344493 0.198761 0.00364525
0 0.714801 0.992565 0.148978 0.0148697 0.00318153
0 0.708295 0.988492 0.188138 0.0230155 0.00291218
0 0.982884 0.281957 0.0342313 0.311458 0.00235768
0 0.982841 0.612035 0.0342798 0.209438 0.00190005
0 0.975398 0.285149 0.0492048 0.35358 0.00176412
0 0.977733 0.623679 0.0444082 0.130181 0.00173536
0 0.982889 0.471641 0.0339983 0.18266 0.00172135
0 0.0108069 0.741061 0.0216139 0.176264 0.00166809
0 0.0639078 0.715387 0.127816 0.234565 0.00153817
0 0.989032 0.36296 0.0219359 0.204394 0.00149045
0 0.696368 0.984353 0.314484 0.0312479 0.00147588
0 0.984024 0.722269 0.0319165 0.212176 0.00147132
0 0.927237 0.963915 0.145526 0.0721302 0.00142085
0 0.0103005 0.671015 0.0203522 0.157031 0.0014176
0 0.541193 0.473081 0.917614 0.946161 0.00139892
0 0.971018 0.310883 0.057924 0.221608 0.00139716
0 0.963152 0.330083 0.073632 0.19895 0.00133445
0 0.737767 0.989699 0.213977 0.0206014 0.00132996
0 0.692465 0.965524 0.387149 0.0689523 0.00132169
0 0.00629334 0.749336 0.0125867 0.121843 0.00127712
0 0.98014 0.321847 0.0396515 0.2721 0.00125154
0 0.785712 0.97869 0.135347 0.0425858 0.00120537
0 0.992914 0.746561 0.0141716 0.1565 0.00119293
0 0.00630202 0.666763 0.0125517 0.157874 0.00118977
0 0.691835 0.978603 0.363085 0.0427945 0.00117914
0 0.00633677 0.725994 0.0126735 0.13758 0.00105108
0 0.956959 0.966376 0.0860829 0.0669813 0.00104639
0 0.00608734 0.660155 0.0121153 0.111926 0.00104484
0 0.920508 0.952485 0.158984 0.0950294 0.0010404
0 0.992726 0.35742 0.0145488 0.16604 0.00102968
0 0.982659 0.586606 0.0346173 0.31172 0.00102819
