0 0.497373 0.262785 0.187885 0.186664 0.926141
0 0.416972 0.98115 0.281558 0.0377004 0.00602856
0 0.415249 0.975771 0.319695 0.0483668 0.00380778
0 0.563353 0.985956 0.181246 0.028087 0.00342669
0 0.00643334 0.0503631 0.0128543 0.100726 0.00199781
0 0.00667901 0.0314177 0.0132929 0.0628353 0.00143511
0 0.0358638 0.010151 0.0717277 0.0203021 0.00139331
0 0.0101045 0.486779 0.0201111 0.197656 0.00138174
0 0.0137736 0.0162387 0.0269169 0.0324774 0.00137894
0 0.552408 0.993199 0.179711 0.0136026 0.00134129
0 0.0301925 0.0379797 0.0603851 0.0758755 0.00126633
0 0.00645963 0.490892 0.0128724 0.142997 0.00105758
0 0.17786 0.98896 0.20916 0.0220499 0.00105226
0 0.543257 0.98864 0.203773 0.0227199 0.00103921
0 0.486514 0.986388 0.130106 0.0272241 0.00103648
