0 0.5767 0.193778 0.298358 0.317115 0.937399
0 0.597788 0.438415 0.804423 0.87683 0.0829849
0 0.010304 0.267697 0.0206081 0.110359 0.0132522
0 0.0124228 0.224725 0.0248258 0.207347 0.00477826
0 0.0753614 0.0505325 0.150723 0.101065 0.0038492
0 0.0437876 0.0617386 0.0875753 0.123477 0.00364278
0 0.0138126 0.207956 0.0276245 0.29368 0.0020392
0 0.0177302 0.209074 0.0354605 0.241285 0.00159521
0 0.91401 0.880619 0.17198 0.238762 0.00125768
0 0.0107017 0.157376 0.0213713 0.165993 0.00113302
0 0.0527137 0.0469368 0.105427 0.0938736 0.00108295
0 0.0989918 0.226516 0.195202 0.219489 0.00107136
