0 0.444213 0.228754 0.141947 0.152652 0.811879
0 0.443966 0.229612 0.172247 0.182782 0.0422014
0 0.964555 0.197116 0.0708894 0.282684 0.0170614
0 0.982445 0.12808 0.0351092 0.253716 0.0169891
0 0.986572 0.0845215 0.0268557 0.169043 0.014565
0 0.915046 0.650438 0.167947 0.180299 0.00734574
0 0.965108 0.227498 0.069749 0.190871 0.00719174
0 0.984826 0.0989945 0.030336 0.197794 0.00421695
0 0.990754 0.0822596 0.0184715 0.164519 0.0032231
0 0.988804 0.0571274 0.0223662 0.114255 0.00322255
0 0.306524 0.356359 0.613048 0.712717 0.00288778
0 0.967068 0.246918 0.0658646 0.140591 0.00288087
0 0.959697 0.161781 0.0804913 0.25932 0.00286289
0 0.967088 0.204826 0.0658234 0.409652 0.00267993
0 0.974273 0.243038 0.0514303 0.256431 0.00228137
0 0.442813 0.309786 0.176795 0.317077 0.00219807
0 0.883296 0.692433 0.106886 0.10654 0.00217163
0 0.989004 0.0691126 0.0219921 0.138225 0.00213823
0 0.461372 0.271614 0.198821 0.244164 0.0020612
0 0.974676 0.116395 0.0504856 0.232791 0.00181455
0 0.985091 0.0693626 0.0296756 0.138725 0.00160121
0 0.875647 0.693355 0.0769794 0.0874012 0.00146353
0 0.910213 0.688428 0.179574 0.147142 0.00129582
0 0.966031 0.258186 0.0679383 0.292694 0.00128967
0 0.978812 0.162205 0.0423754 0.302758 0.00122334
0 0.967441 0.237029 0.0634634 0.0945829 0.00121148
0 0.015537 0.239455 0.0310476 0.311468 0.00118382
0 0.972914 0.151957 0.0541728 0.216393 0.00116083
0 0.980083 0.289118 0.0398339 0.335496 0.00108422
0 0.969109 0.287464 0.0617818 0.469866 0.00104876
