0 0.505878 0.1862 0.131756 0.235405 0.924985
0 0.979522 0.897948 0.0409558 0.202558 0.0814937
0 0.96618 0.890011 0.0665327 0.218144 0.0104399
0 0.971896 0.925346 0.0562074 0.149308 0.00647138
0 0.0103716 0.119002 0.0207433 0.203236 0.00366575
0 0.922333 0.897571 0.155335 0.204857 0.00265644
0 0.0397799 0.951784 0.079468 0.096432 0.00235819
0 0.988294 0.927872 0.0231822 0.144256 0.0019671
0 0.0643617 0.942628 0.128723 0.114745 0.00176516
0 0.9928 0.45997 0.0143992 0.137094 0.00174795
0 0.98878 0.463296 0.0222639 0.193061 0.0016451
0 0.990405 0.951743 0.019189 0.0965141 0.0014134
0 0.987333 0.939347 0.0252886 0.121307 0.00140148
0 0.00779735 0.139768 0.0155358 0.17033 0.00125323
0 0.0828782 0.911543 0.165714 0.176915 0.00119791
0 0.99255 0.940836 0.0148991 0.118327 0.0011821
0 0.98057 0.946932 0.038859 0.106135 0.00112482
0 0.983994 0.0692244 0.0320113 0.137431 0.0010747
0 0.0528755 0.912444 0.105751 0.175111 0.00103332
