0 0.492986 0.508718 0.283992 0.15447 0.832601
0 0.969308 0.843124 0.0613713 0.313751 0.273519
0 0.978234 0.821728 0.0435316 0.356544 0.131639
0 0.185435 0.866402 0.370869 0.267195 0.121292
0 0.0328003 0.381103 0.0655543 0.225272 0.0484248
0 0.495069 0.508151 0.321284 0.221968 0.0274409
0 0.0339674 0.396184 0.0679347 0.349705 0.0219943
0 0.967219 0.794184 0.0650873 0.411633 0.0136288
0 0.974702 0.847476 0.0505631 0.274237 0.00991626
0 0.180452 0.109697 0.356033 0.219393 0.00602767
0 0.986939 0.773994 0.0260656 0.241354 0.00495052
0 0.0291685 0.412232 0.0583371 0.455802 0.00436952
0 0.0266737 0.378528 0.0533219 0.302737 0.00435942
0 0.452213 0.506212 0.226578 0.199835 0.00415541
0 0.0189929 0.141212 0.0379656 0.254602 0.00395115
0 0.984093 0.803146 0.0318137 0.230274 0.00382364
0 0.170056 0.0244112 0.340112 0.0488224 0.00377242
0 0.982362 0.786466 0.0352695 0.322258 0.003413
0 0.22123 0.840573 0.442368 0.318855 0.00334464
0 0.0368751 0.406268 0.0733887 0.522727 0.00298748
0 0.964421 0.85656 0.0711571 0.286881 0.0029207
0 0.0250858 0.139401 0.0501716 0.278801 0.00287574
0 0.584359 0.975748 0.366816 0.048503 0.00275655
0 0.979045 0.82227 0.04191 0.211243 0.00272251
0 0.485261 0.489707 0.372062 0.302424 0.00257557
0 0.194302 0.0359889 0.388605 0.0719779 0.00254277
0 0.949432 0.785208 0.101136 0.421973 0.0025186
0 0.0326235 0.338828 0.0650354 0.53613 0.00240288
0 0.0186011 0.10702 0.0370774 0.180555 0.00240194
0 0.977347 0.763802 0.0452402 0.372908 0.00196263
0 0.522014 0.977181 0.387815 0.0456372 0.00180368
0 0.571106 0.982956 0.328048 0.0340871 0.00174073
0 0.0353317 0.168607 0.0706635 0.337214 0.00143345
0 0.0309096 0.118666 0.0616789 0.222687 0.00140849
0 0.584433 0.966906 0.404559 0.0661887 0.00139681
0 0.508785 0.983683 0.33441 0.0326332 0.00122871
0 0.0405445 0.0881207 0.0810514 0.17329 0.0011722
0 0.104021 0.0310041 0.208042 0.0618691 0.00117018
0 0.990183 0.776968 0.0195717 0.203791 0.00116183
0 0.862332 0.984169 0.275336 0.0316613 0.00107748
0 0.157478 0.0456707 0.308546 0.0913414 0.00105308
0 0.0285743 0.387828 0.0571486 0.144958 0.00101518
0 0.154381 0.0160433 0.308762 0.0320867 0.00101221
