0 0.500373 0.397072 0.344392 0.298818 0.91043
0 0.501496 0.398326 0.400508 0.372563 0.167696
0 0.137969 0.00892978 0.186921 0.0178154 0.0797909
0 0.131197 0.0158881 0.239315 0.0317762 0.0448735
0 0.122851 0.0117801 0.206099 0.0235602 0.0400955
0 0.224988 0.952343 0.226969 0.0953138 0.0360731
0 0.135231 0.0229589 0.270461 0.0459178 0.0152557
0 0.221478 0.94773 0.300304 0.10441 0.0147204
0 0.10509 0.00902744 0.210179 0.0180549 0.00806047
0 0.150774 0.031614 0.301549 0.0628535 0.00553219
0 0.0174422 0.540498 0.034878 0.221289 0.00474641
0 0.111016 0.0138108 0.222032 0.0276216 0.00375995
0 0.0219926 0.541134 0.0439609 0.26458 0.00371748
0 0.221359 0.966563 0.150707 0.0668731 0.00244585
0 0.159848 0.0113735 0.218502 0.0227471 0.00189603
0 0.343275 0.306186 0.68655 0.612372 0.00131895
0 0.0141342 0.860557 0.0282481 0.253582 0.00102393
