0 0.531305 0.576594 0.14173 0.117312 0.811508
0 0.530515 0.577436 0.166437 0.153579 0.148114
0 0.100108 0.0384011 0.200215 0.076489 0.00558738
0 0.0894851 0.0264005 0.17897 0.0527235 0.00549005
0 0.126016 0.0463203 0.252032 0.0926405 0.00340123
0 0.122858 0.0716803 0.245716 0.14293 0.00241853
0 0.165075 0.0298243 0.330149 0.0596486 0.00194736
0 0.938643 0.849155 0.122691 0.30169 0.00181535
0 0.206988 0.0282333 0.413976 0.0564666 0.00158139
0 0.434758 0.0158137 0.219025 0.0316273 0.00152558
0 0.847397 0.0249025 0.305206 0.0497961 0.0013024
0 0.170693 0.0212171 0.341387 0.0424342 0.0011868
0 0.408203 0.0187791 0.3388 0.0375582 0.00117862
0 0.183845 0.0656643 0.367301 0.131329 0.00104377
