0 0.128445 0.248238 0.256872 0.482954 0.239849
0 0.530031 0.782764 0.290067 0.232504 0.177614
0 0.951326 0.32044 0.0973191 0.141302 0.0959536
0 0.509004 0.52653 0.15078 0.118832 0.0652218
0 0.96036 0.90434 0.0792807 0.161231 0.0481544
0 0.376401 0.0284956 0.269381 0.0569113 0.0420929
0 0.390816 0.038449 0.258353 0.076898 0.0313446
0 0.108866 0.199248 0.217733 0.370535 0.0275276
0 0.15153 0.374968 0.166163 0.176992 0.0251162
0 0.531918 0.823873 0.238396 0.148378 0.0244513
0 0.205472 0.2753 0.408991 0.544034 0.0225445
0 0.955255 0.754679 0.0894905 0.166964 0.0217495
0 0.393456 0.0760758 0.256472 0.152152 0.0207483
0 0.543903 0.626114 0.152039 0.12989 0.0204627
0 0.450025 0.0626572 0.364749 0.125314 0.0187877
0 0.484465 0.788006 0.23269 0.234797 0.0180805
0 0.0904163 0.100346 0.17984 0.181373 0.017117
0 0.360116 0.528152 0.121686 0.153342 0.0165352
0 0.525635 0.77684 0.330046 0.30378 0.0154768
0 0.479102 0.738256 0.215266 0.128246 0.0152764
0 0.942855 0.326099 0.11429 0.177286 0.0136435
0 0.12137 0.354149 0.242641 0.242804 0.0126688
0 0.38576 0.0485437 0.318922 0.0970875 0.0108446
0 0.120799 0.29745 0.241597 0.343753 0.0106464
0 0.906807 0.348224 0.186386 0.277764 0.0105398
0 0.425549 0.0541675 0.505894 0.108335 0.0100401
0 0.956435 0.735602 0.0871307 0.114785 0.00812349
0 0.308255 0.37952 0.113452 0.133308 0.00792418
0 0.506254 0.798992 0.21482 0.193054 0.00767174
0 0.262228 0.307288 0.524312 0.610775 0.00644909
0 0.924435 0.302824 0.151119 0.316449 0.00640731
0 0.406126 0.0373732 0.370562 0.0747464 0.00558823
0 0.352837 0.0882449 0.357883 0.17649 0.00547313
0 0.858802 0.365649 0.282396 0.248117 0.00487021
0 0.965784 0.878138 0.0684311 0.243725 0.00481226
0 0.322926 0.0301573 0.1631 0.0603146 0.00458051
0 0.0675669 0.025214 0.135134 0.0503104 0.00433949
0 0.073081 0.0358089 0.146162 0.0716179 0.00406816
0 0.337127 0.0978619 0.114972 0.119733 0.00405988
0 0.954338 0.812144 0.091324 0.375712 0.00397784
0 0.95309 0.899736 0.0938191 0.200272 0.00394924
0 0.508973 0.5246 0.169917 0.163584 0.00372215
0 0.447665 0.0943672 0.139162 0.108912 0.00352148
0 0.513724 0.831833 0.198495 0.123833 0.00346974
0 0.950299 0.763465 0.0993292 0.221644 0.00339526
0 0.296569 0.0900468 0.201382 0.150287 0.00316142
0 0.886029 0.766843 0.227941 0.205281 0.00308826
0 0.852018 0.309462 0.291224 0.362128 0.00308172
0 0.364786 0.0265157 0.194358 0.0530314 0.00295001
0 0.741785 0.430652 0.504139 0.310897 0.00293896
0 0.919786 0.51866 0.159654 0.173871 0.00292452
0 0.33149 0.0363137 0.247915 0.0726275 0.00278964
0 0.130313 0.138409 0.0992967 0.0811324 0.00270518
0 0.0604547 0.0500774 0.120909 0.100155 0.00269563
0 0.90492 0.265614 0.19016 0.31558 0.00259035
0 0.129537 0.383698 0.216594 0.18791 0.00244218
0 0.922181 0.386041 0.154948 0.201138 0.00239142
0 0.368187 0.256901 0.69314 0.453691 0.00237904
0 0.125713 0.427434 0.251425 0.324162 0.0023687
0 0.231886 0.387411 0.463772 0.572164 0.00232559
0 0.482883 0.0794197 0.452885 0.158839 0.00222413
0 0.809681 0.39984 0.378972 0.277231 0.00211621
0 0.200953 0.443423 0.380213 0.430262 0.00206914
0 0.382283 0.0770798 0.664616 0.154128 0.0020679
0 0.265146 0.478567 0.357052 0.371249 0.00202993
0 0.946468 0.821669 0.107064 0.324573 0.00199876
0 0.111914 0.0773083 0.0972227 0.0881373 0.00192573
0 0.679143 0.364353 0.641714 0.521374 0.00191737
0 0.227589 0.477083 0.261668 0.348959 0.00190324
0 0.948445 0.330581 0.10311 0.278477 0.00186888
0 0.287615 0.450257 0.521948 0.453941 0.00186725
0 0.0874619 0.0516217 0.174924 0.102974 0.00186686
0 0.90584 0.266509 0.188321 0.224351 0.00186668
0 0.932728 0.827912 0.134545 0.344175 0.00181965
0 0.268352 0.0948056 0.533345 0.189611 0.00177163
0 0.239719 0.100079 0.123684 0.136702 0.00175243
0 0.283663 0.203549 0.567326 0.407097 0.00169905
0 0.414098 0.0949834 0.207667 0.11326 0.00163429
0 0.0188426 0.766815 0.0375357 0.187289 0.00163241
0 0.301746 0.0313433 0.425184 0.0626866 0.00160482
0 0.305051 0.379315 0.151228 0.168297 0.00160226
0 0.294547 0.041184 0.338488 0.0823679 0.00160091
0 0.910162 0.460443 0.179676 0.359129 0.00159205
0 0.499386 0.842637 0.195468 0.161084 0.0015542
0 0.399349 0.363337 0.13459 0.136148 0.00149861
0 0.863323 0.243518 0.123165 0.108146 0.0014566
0 0.901127 0.254889 0.18784 0.106639 0.00144548
0 0.940468 0.424209 0.117688 0.122271 0.00144199
0 0.276235 0.0266983 0.312948 0.0533967 0.00143608
0 0.141504 0.201361 0.0928202 0.0848606 0.00137905
0 0.826832 0.282797 0.343293 0.487653 0.00137625
0 0.896446 0.211138 0.207109 0.201253 0.00136957
0 0.0191721 0.741657 0.0382246 0.291552 0.00136463
0 0.422381 0.461255 0.844763 0.922511 0.00134525
0 0.541848 0.626083 0.191407 0.175617 0.00133346
0 0.926401 0.912423 0.146623 0.175154 0.00132829
0 0.912613 0.42656 0.170361 0.12276 0.00132095
0 0.476726 0.838749 0.147991 0.128722 0.00131369
0 0.959509 0.875356 0.0809829 0.22364 0.00131277
0 0.942694 0.38958 0.114613 0.179749 0.00131152
0 0.131714 0.41226 0.263429 0.459349 0.00130636
0 0.530019 0.851461 0.260778 0.196843 0.00130218
0 0.964514 0.836965 0.0709729 0.326071 0.00129559
0 0.682402 0.731605 0.635196 0.53679 0.0012781
0 0.124167 0.141534 0.119296 0.104783 0.0012349
0 0.478837 0.0296146 0.461569 0.0592293 0.00121188
0 0.958558 0.0383945 0.0828302 0.0766719 0.00117928
0 0.327238 0.0289759 0.307567 0.0577042 0.00112381
0 0.19733 0.540021 0.205315 0.207887 0.00111476
0 0.962248 0.886897 0.0755038 0.103046 0.00111036
0 0.889943 0.237699 0.185062 0.124351 0.00110935
0 0.0708868 0.0140714 0.141774 0.028089 0.00108915
0 0.622314 0.298855 0.755373 0.597709 0.00108657
0 0.733008 0.474918 0.533984 0.426777 0.00107688
0 0.332502 0.499052 0.474708 0.447829 0.00105894
0 0.289209 0.0391526 0.529938 0.077593 0.00104071
0 0.523615 0.0210502 0.397763 0.0421004 0.00101629
