0 0.45762 0.225278 0.163592 0.144176 0.879621
0 0.495852 0.2318 0.241383 0.162751 0.733589
0 0.204003 0.58732 0.119163 0.0834181 0.264035
0 0.493973 0.234736 0.278928 0.215295 0.0366029
0 0.203174 0.600696 0.135365 0.121294 0.0217809
0 0.555733 0.250057 0.117562 0.130975 0.00747701
0 0.535125 0.239652 0.162606 0.153412 0.00286819
0 0.568637 0.98737 0.19209 0.0252597 0.00155371
0 0.547041 0.992925 0.169954 0.0140822 0.00151695
0 0.99291 0.289297 0.0141792 0.142602 0.00138833
0 0.613673 0.0322255 0.262471 0.064451 0.00125764
0 0.312722 0.992844 0.124809 0.0142956 0.00118536
0 0.536528 0.989288 0.211554 0.0214175 0.00113036
0 0.310019 0.988491 0.155469 0.0230181 0.00111232
0 0.471651 0.985518 0.187472 0.0289589 0.00101196
