0 0.740244 0.237563 0.517793 0.467136 0.874918
0 0.149926 0.0276108 0.299853 0.0552216 0.0276253
0 0.137089 0.034194 0.245292 0.068388 0.0204156
0 0.144957 0.0236424 0.251581 0.0471879 0.0185014
0 0.0094562 0.32217 0.0188938 0.181889 0.0155614
0 0.925769 0.960284 0.147616 0.0792103 0.0117316
0 0.00651674 0.321893 0.01297 0.143886 0.0113791
0 0.16922 0.020068 0.216545 0.0401361 0.00977178
0 0.179093 0.0163333 0.17262 0.0324523 0.00546106
0 0.91059 0.945022 0.178391 0.109939 0.00534822
0 0.19712 0.0131413 0.190927 0.0260863 0.00532272
0 0.945115 0.956651 0.10977 0.0865258 0.00491959
0 0.0102391 0.223828 0.0203604 0.173763 0.00431751
0 0.0106152 0.852919 0.0211382 0.15172 0.00419638
0 0.0124294 0.338715 0.0248396 0.189847 0.00342977
0 0.546888 0.287575 0.317882 0.386684 0.00305657
0 0.898631 0.97033 0.202738 0.0593402 0.00290626
0 0.00629065 0.219263 0.0125421 0.124387 0.00278576
0 0.00845104 0.857365 0.0168637 0.121758 0.00260654
0 0.130364 0.0236777 0.132835 0.0473507 0.00259836
0 0.00640998 0.351323 0.012803 0.147576 0.00199539
0 0.0193345 0.325296 0.0386691 0.278115 0.00189558
0 0.208474 0.00897991 0.157133 0.0179553 0.00189434
0 0.601698 0.98347 0.352145 0.0328333 0.0018194
0 0.966429 0.95655 0.067065 0.0859164 0.00181261
0 0.817583 0.236152 0.353974 0.420027 0.00175007
0 0.51403 0.283863 0.234277 0.294858 0.0016506
0 0.0151746 0.280861 0.0303451 0.291252 0.00164783
0 0.0137767 0.846745 0.0275533 0.216302 0.0016255
0 0.00995028 0.355375 0.0199006 0.192638 0.0015674
0 0.0107039 0.88499 0.021331 0.175832 0.00152303
0 0.585181 0.976675 0.402393 0.0465811 0.00151923
0 0.259086 0.988831 0.204937 0.0223378 0.00151494
0 0.199868 0.0186378 0.171271 0.0372756 0.00147432
0 0.0149648 0.341431 0.0298475 0.251323 0.00132997
0 0.892791 0.954229 0.214417 0.0915428 0.00124187
0 0.454866 0.194773 0.11475 0.113156 0.00117883
0 0.769288 0.12558 0.277149 0.248826 0.00113178
0 0.165976 0.0378084 0.331953 0.0756168 0.00112541
0 0.244298 0.992564 0.146917 0.0148729 0.00111856
0 0.0108362 0.677314 0.0216724 0.198679 0.00110074
0 0.00627377 0.850352 0.0125475 0.130329 0.00100794
