0 0.503068 0.497973 0.293513 0.213846 0.568773
0 0.50939 0.490179 0.345155 0.290919 0.0111693
0 0.0243061 0.120005 0.0486121 0.237569 0.00616786
0 0.0746671 0.949049 0.149334 0.101539 0.00604632
0 0.0303023 0.0664499 0.0604738 0.1329 0.00552587
0 0.057008 0.937425 0.114016 0.12515 0.00544301
0 0.0185916 0.108051 0.0371165 0.212863 0.00492305
0 0.0823029 0.931786 0.16458 0.136428 0.00456276
0 0.909978 0.0387907 0.180044 0.0775814 0.00448217
0 0.0567236 0.0382566 0.113332 0.0765132 0.0039596
0 0.0524363 0.0221055 0.104873 0.0439924 0.00387612
0 0.95657 0.0458952 0.0868595 0.0917904 0.00377763
0 0.0787684 0.0313786 0.157537 0.0626091 0.00339294
0 0.0492264 0.1163 0.0984528 0.230634 0.00332485
0 0.0394325 0.0324575 0.078865 0.064915 0.00304885
0 0.0459598 0.0495352 0.0919038 0.0990705 0.00257299
0 0.0449507 0.088719 0.0899015 0.177144 0.0020823
0 0.0245339 0.16477 0.0490679 0.329539 0.00199456
0 0.0694425 0.988802 0.138885 0.0223858 0.00198488
0 0.945223 0.0324141 0.109554 0.0648283 0.00193597
0 0.871022 0.0376643 0.257676 0.0753286 0.00188798
0 0.0816779 0.0541257 0.163356 0.107596 0.00170032
0 0.0159674 0.151606 0.0319349 0.303212 0.00169265
0 0.117026 0.96333 0.233437 0.0733405 0.00164543
0 0.890568 0.0305207 0.218864 0.0610414 0.00163803
0 0.916231 0.0195965 0.166398 0.0388731 0.00159547
0 0.93314 0.00896893 0.13372 0.0179136 0.00159138
0 0.111228 0.0438069 0.221697 0.0875354 0.00141657
0 0.132573 0.923527 0.265145 0.152946 0.00141503
0 0.0973156 0.112868 0.194495 0.225737 0.00140168
0 0.918997 0.0136986 0.162006 0.0273423 0.00136342
0 0.634961 0.0465643 0.730078 0.0931285 0.00134402
0 0.0119647 0.0766058 0.0237379 0.153212 0.00132272
0 0.195374 0.933319 0.39063 0.133362 0.00129625
0 0.929345 0.0115927 0.141309 0.0231853 0.00124668
0 0.0719617 0.0760934 0.143923 0.150466 0.00122932
0 0.20138 0.0232747 0.40276 0.0465171 0.00122617
0 0.0342233 0.138868 0.0682528 0.277736 0.00119552
0 0.120412 0.891073 0.240825 0.217855 0.00113642
0 0.92551 0.0293409 0.148891 0.0586017 0.00112678
0 0.0541726 0.986855 0.108345 0.0262897 0.00107972
0 0.505563 0.0232617 0.523103 0.0465235 0.00107334
0 0.0463151 0.921407 0.0926302 0.156574 0.00106087
0 0.835211 0.023443 0.329578 0.046886 0.00104489
0 0.879267 0.0208407 0.241465 0.0415834 0.00102855
0 0.167596 0.0960161 0.334696 0.192032 0.00101483
0 0.126382 0.0284332 0.252764 0.0566383 0.00100933
