0 0.500615 0.167241 0.197394 0.186298 0.881595
0 0.498585 0.166923 0.242861 0.2411 0.0986687
0 0.920576 0.0198716 0.158845 0.0397433 0.0066804
0 0.942167 0.012557 0.115666 0.0251139 0.00660854
0 0.961398 0.0220462 0.0772032 0.0437499 0.00646784
0 0.929775 0.075012 0.14045 0.150024 0.006315
0 0.926561 0.0420472 0.146614 0.0840943 0.00544453
0 0.3753 0.375795 0.750601 0.751589 0.00536869
0 0.91175 0.0536257 0.176419 0.107251 0.00523635
0 0.967592 0.0713578 0.0647237 0.142716 0.00435496
0 0.952834 0.0503793 0.0941855 0.100759 0.00403493
0 0.957465 0.0128824 0.0850697 0.0257507 0.00313795
0 0.929366 0.0126406 0.141268 0.0252812 0.00311045
0 0.942302 0.0103524 0.115396 0.0206258 0.00247723
0 0.529764 0.442339 0.940473 0.884678 0.0017631
0 0.0153514 0.293346 0.0307029 0.176597 0.0013184
0 0.0238567 0.227812 0.0477133 0.259057 0.00131515
0 0.0209233 0.237998 0.0418416 0.205424 0.0012516
