0 0.437658 0.327731 0.16195 0.163736 0.922303
0 0.876475 0.0655723 0.2365 0.131145 0.100513
0 0.87963 0.0692039 0.160066 0.138408 0.0828589
0 0.325332 0.349447 0.650663 0.698893 0.072872
0 0.812402 0.0646224 0.366922 0.129245 0.0222632
0 0.518464 0.505927 0.963072 0.988147 0.0212926
0 0.909751 0.890866 0.180499 0.218268 0.00982535
0 0.981583 0.330169 0.036714 0.25227 0.00647331
0 0.982446 0.311492 0.0350873 0.181506 0.00588015
0 0.984581 0.501151 0.0308385 0.124417 0.00489756
0 0.976094 0.337835 0.0478129 0.331197 0.00430477
0 0.984174 0.475119 0.0316523 0.192559 0.00293909
0 0.977083 0.293785 0.0458348 0.187707 0.00235086
0 0.704496 0.0343323 0.279068 0.0682255 0.00228369
0 0.696671 0.0389235 0.353228 0.07774 0.00208835
0 0.98335 0.263899 0.0331593 0.259563 0.00165798
0 0.927842 0.0860441 0.143168 0.172088 0.00145015
0 0.984222 0.893029 0.0315433 0.213942 0.00143332
0 0.96869 0.304185 0.06262 0.184022 0.00134067
0 0.977229 0.46873 0.0455412 0.259957 0.00120181
0 0.716319 0.0326708 0.203177 0.0653415 0.0011181
0 0.982823 0.458024 0.0343542 0.295915 0.00100947
