0 0.463918 0.368304 0.136568 0.183313 0.838332
0 0.46717 0.399286 0.130708 0.122176 0.830909
0 0.464558 0.191666 0.20943 0.166454 0.804455
0 0.0154676 0.51599 0.0309305 0.254691 0.151358
0 0.973357 0.376605 0.0532863 0.24354 0.0370609
0 0.287785 0.0287228 0.233472 0.057269 0.0223566
0 0.0286402 0.516182 0.0569009 0.326885 0.0186739
0 0.0350849 0.122657 0.0698147 0.245263 0.0169155
0 0.0257101 0.115704 0.0514201 0.231409 0.0109202
0 0.458031 0.357452 0.168978 0.213754 0.00857112
0 0.97007 0.437748 0.0597661 0.389855 0.00819428
0 0.030545 0.13781 0.06109 0.275621 0.00812495
0 0.977074 0.432829 0.0457764 0.247986 0.00725195
0 0.401999 0.988607 0.177885 0.0227866 0.00617123
0 0.0124656 0.52715 0.0249312 0.177973 0.00612095
0 0.297693 0.022387 0.208691 0.044774 0.00553298
0 0.385797 0.98452 0.267059 0.0309472 0.00484913
0 0.0212423 0.538884 0.0424117 0.240424 0.00459382
0 0.927027 0.00721064 0.145945 0.0143564 0.00439515
0 0.921226 0.0113386 0.157547 0.0226306 0.00437135
0 0.963086 0.366655 0.0737817 0.289059 0.00431921
0 0.375677 0.992342 0.126582 0.0152254 0.00429067
0 0.0226432 0.0862921 0.0452864 0.172584 0.0042879
0 0.974741 0.39721 0.0505179 0.350879 0.00372545
0 0.977043 0.408642 0.0458845 0.165302 0.003369
0 0.122011 0.0761996 0.23416 0.152399 0.00330211
0 0.013548 0.556548 0.027096 0.159491 0.00329167
0 0.301914 0.989456 0.211936 0.0210884 0.00320334
0 0.40721 0.99187 0.124038 0.0162609 0.00314454
0 0.0100023 0.541682 0.0200047 0.160941 0.00303451
0 0.356989 0.989265 0.210668 0.0214703 0.00295358
0 0.977594 0.46844 0.0448111 0.415615 0.00261063
0 0.960341 0.451896 0.0793171 0.438593 0.00254134
0 0.424723 0.982356 0.210267 0.0352874 0.00224062
0 0.284146 0.0331636 0.293846 0.0660767 0.00221163
0 0.905304 0.0177629 0.185144 0.0355259 0.00203474
0 0.399367 0.978689 0.234341 0.0426219 0.00197753
0 0.0399427 0.097022 0.0798855 0.194044 0.00197302
0 0.0165154 0.552869 0.0330307 0.21236 0.00174544
0 0.464917 0.281482 0.20231 0.358562 0.00167937
0 0.355798 0.979005 0.379331 0.0419899 0.00163756
0 0.888184 0.0238676 0.218771 0.0476722 0.00160655
0 0.30653 0.993204 0.166534 0.013556 0.00157485
0 0.414307 0.99348 0.161418 0.0130404 0.00156528
0 0.90414 0.0118287 0.191721 0.0236478 0.00149818
0 0.0223755 0.0597423 0.0445981 0.119485 0.00147965
0 0.422991 0.972207 0.260225 0.0555868 0.001468
0 0.658126 0.979002 0.22506 0.0419967 0.00139496
0 0.0104575 0.567336 0.020915 0.153328 0.00137545
0 0.888314 0.0102786 0.180087 0.0204902 0.00132615
0 0.0113059 0.497158 0.0226119 0.174455 0.00131968
0 0.386515 0.970174 0.345335 0.0596514 0.0012339
0 0.00926076 0.512357 0.0185215 0.153363 0.00116541
0 0.981736 0.464833 0.0364451 0.344199 0.00114268
0 0.909363 0.00842874 0.174446 0.0168575 0.00112404
0 0.673019 0.983229 0.312847 0.033543 0.00106269
0 0.34003 0.0178893 0.129797 0.0357786 0.00105643
0 0.0105168 0.0503241 0.0208966 0.100648 0.00104796
