0 0.500918 0.284833 0.167394 0.20056 0.827889
0 0.544527 0.0417629 0.232956 0.0835259 0.0173373
0 0.529821 0.0395933 0.167636 0.0791844 0.00774633
0 0.503182 0.279865 0.232414 0.266906 0.00426664
0 0.466014 0.0267254 0.367034 0.0534508 0.00352565
0 0.461215 0.0447395 0.386068 0.0894789 0.00322547
0 0.569529 0.0320027 0.315686 0.0640055 0.00320694
0 0.576526 0.0420602 0.34923 0.0841204 0.00280203
0 0.563484 0.0195123 0.279548 0.0390247 0.00261147
0 0.0396598 0.96723 0.0793197 0.0655403 0.00242973
0 0.0624657 0.960738 0.124931 0.0784838 0.00182312
0 0.518714 0.0182115 0.14908 0.036423 0.00176949
0 0.0149247 0.867007 0.0298495 0.265985 0.00170542
0 0.0513861 0.870715 0.102772 0.257313 0.00138888
0 0.0201316 0.835752 0.0402633 0.328497 0.00122213
0 0.983936 0.543605 0.0320265 0.222668 0.00122057
0 0.0269515 0.855028 0.053903 0.289944 0.00117183
0 0.0417814 0.850716 0.0834856 0.298568 0.00114675
0 0.0324076 0.826886 0.0648153 0.346228 0.00114302
0 0.968947 0.582053 0.062106 0.260962 0.00109379
0 0.977904 0.583486 0.0441926 0.227726 0.00105464
0 0.428911 0.295028 0.302795 0.285675 0.00100097
