0 0.474072 0.360209 0.147086 0.181165 0.882726
0 0.315427 0.0495014 0.208488 0.0988723 0.158482
0 0.47109 0.359488 0.203859 0.220975 0.0465217
0 0.983211 0.885412 0.0335133 0.229176 0.0214863
0 0.30181 0.0478364 0.313922 0.0956728 0.0121823
0 0.977393 0.876051 0.0451386 0.247897 0.00965014
0 0.984557 0.903151 0.0308856 0.190611 0.00907984
0 0.988867 0.49787 0.0222316 0.187369 0.0062809
0 0.992752 0.495223 0.0144957 0.14331 0.00555004
0 0.984042 0.669339 0.0319157 0.221248 0.00511915
0 0.272502 0.0474949 0.446877 0.0949898 0.00453172
0 0.977413 0.898293 0.0451747 0.203414 0.00421966
0 0.977204 0.660187 0.0455915 0.240244 0.00233046
0 0.984873 0.688285 0.0302352 0.14617 0.0023301
0 0.984782 0.919573 0.0304353 0.135198 0.00212309
0 0.986648 0.683813 0.0267031 0.107977 0.00190128
0 0.079506 0.32228 0.156231 0.170525 0.00170738
0 0.966915 0.904109 0.0660105 0.191781 0.00164288
0 0.982749 0.693125 0.0345013 0.302258 0.00159642
0 0.0625299 0.00726276 0.12506 0.0144489 0.00137086
0 0.98864 0.672713 0.0226872 0.139377 0.00119641
0 0.966414 0.871739 0.0667588 0.256523 0.00119062
0 0.788314 0.986961 0.121109 0.0260779 0.0011116
0 0.47524 0.408191 0.10346 0.0958911 0.00103433
0 0.0402677 0.383892 0.0805355 0.30464 0.00100222
