0 0.524948 0.423591 0.167453 0.159947 0.821068
0 0.205404 0.199213 0.410808 0.345564 0.122858
0 0.228996 0.336913 0.457992 0.660041 0.0307005
0 0.925284 0.777944 0.149433 0.243819 0.00457069
0 0.309081 0.347107 0.618163 0.694215 0.00416074
0 0.52143 0.420835 0.217048 0.207936 0.00362006
0 0.661375 0.26395 0.521686 0.527901 0.00333763
0 0.410933 0.444082 0.821866 0.888165 0.00283036
0 0.296347 0.190488 0.592693 0.380977 0.00200952
0 0.0868357 0.805242 0.165759 0.180032 0.00175486
0 0.335778 0.256813 0.590088 0.513625 0.00132059
0 0.936658 0.947677 0.126508 0.104646 0.00113156
