0 0.360623 0.196811 0.202863 0.190806 0.93248
0 0.744879 0.650969 0.192127 0.188613 0.0491965
0 0.969616 0.574052 0.0607686 0.296027 0.0211979
0 0.964143 0.575223 0.0715382 0.397125 0.0141052
0 0.988575 0.831719 0.0228494 0.162268 0.00983273
0 0.984318 0.256669 0.031363 0.27839 0.0097331
0 0.992452 0.833821 0.0150965 0.125353 0.00832588
0 0.983483 0.816501 0.033006 0.187603 0.00574042
0 0.0353518 0.716373 0.0707008 0.246554 0.00536936
0 0.048157 0.725161 0.0962556 0.234314 0.00515044
0 0.371873 0.868148 0.185621 0.174737 0.00465077
0 0.977457 0.252654 0.0450652 0.344394 0.00455651
0 0.988681 0.281772 0.0226378 0.161394 0.00409802
0 0.970318 0.389224 0.0593635 0.358656 0.00392178
0 0.987235 0.266062 0.0255304 0.238487 0.00316481
0 0.991454 0.276074 0.017074 0.146848 0.00307791
0 0.977222 0.820029 0.0455552 0.254595 0.00252116
0 0.770999 0.0125066 0.202512 0.0250131 0.00236913
0 0.979909 0.540145 0.0401771 0.294581 0.00210758
0 0.025641 0.859707 0.05121 0.213263 0.00195009
0 0.987317 0.305927 0.0253661 0.204492 0.00187193
0 0.0276119 0.785796 0.0552237 0.420334 0.00175752
0 0.982819 0.337491 0.0343611 0.358657 0.00152482
0 0.815231 0.0172132 0.342088 0.0344265 0.00151344
0 0.974925 0.521256 0.0499924 0.400776 0.00145485
0 0.772353 0.00861178 0.174657 0.0171989 0.00139466
0 0.984312 0.305624 0.0312877 0.261451 0.00132924
0 0.981658 0.469261 0.0366834 0.427021 0.0013188
0 0.831412 0.01141 0.207796 0.0228043 0.00131257
0 0.985894 0.833768 0.0282114 0.135353 0.0012451
0 0.0215021 0.856315 0.0429636 0.17377 0.00124381
0 0.0547041 0.780781 0.109408 0.438438 0.00124273
0 0.990975 0.307635 0.0180509 0.159097 0.00109028
0 0.854351 0.8591 0.286641 0.2818 0.00108535
0 0.965761 0.262492 0.0683513 0.36893 0.00105863
0 0.228707 0.0473111 0.368572 0.0946222 0.00104985
0 0.992356 0.253476 0.0152881 0.175183 0.00103878
0 0.0402309 0.779484 0.0803588 0.441032 0.00103
0 0.350502 0.981826 0.10788 0.0363476 0.0010035
