0 0.51063 0.310287 0.134722 0.107125 0.889361
0 0.972204 0.874669 0.0554041 0.232457 0.0936728
0 0.485047 0.981634 0.226742 0.0367316 0.0152896
0 0.460344 0.986523 0.172676 0.0269536 0.00632085
0 0.510262 0.311619 0.17879 0.167528 0.00455053
0 0.0293323 0.041725 0.0584838 0.08345 0.00427246
0 0.0219554 0.0638259 0.0438534 0.127652 0.00389448
0 0.483548 0.976522 0.28889 0.0469557 0.00370427
0 0.0432055 0.0451268 0.086411 0.0902537 0.00251883
0 0.0205536 0.0394959 0.0411072 0.0789472 0.00235088
0 0.020029 0.045617 0.0400574 0.091234 0.0018224
0 0.482918 0.969656 0.234987 0.0606885 0.00169334
0 0.886449 0.983622 0.227102 0.0327555 0.00160472
0 0.2717 0.972523 0.243712 0.0549541 0.00145069
0 0.0402824 0.0662062 0.0805648 0.132412 0.00133977
0 0.888289 0.773953 0.223419 0.429711 0.00129113
