0 0.392163 0.254029 0.242814 0.270184 0.910479
0 0.978217 0.524225 0.0435545 0.125716 0.0766199
0 0.976371 0.562213 0.0472581 0.23018 0.046875
0 0.569373 0.98584 0.140388 0.0282521 0.0293559
0 0.57965 0.984256 0.197137 0.0314875 0.0222823
0 0.554053 0.987912 0.117363 0.0241767 0.0143099
0 0.575569 0.988836 0.191647 0.0223272 0.0140142
0 0.262803 0.0473312 0.213558 0.0946623 0.00834255
0 0.549384 0.981436 0.318211 0.0371065 0.00821631
0 0.57755 0.979386 0.233911 0.0412118 0.00761348
0 0.927019 0.0531411 0.144291 0.106107 0.00707448
0 0.594769 0.98411 0.308432 0.0317522 0.00686482
0 0.397144 0.256975 0.354295 0.354196 0.00680252
0 0.96427 0.560621 0.0710646 0.239377 0.00520429
0 0.524866 0.972359 0.302544 0.0552297 0.00509752
0 0.105979 0.922116 0.211958 0.155769 0.00486076
0 0.0791017 0.961335 0.158203 0.077329 0.00435682
0 0.593549 0.978405 0.367234 0.0431893 0.00373094
0 0.0377349 0.854699 0.0754698 0.290602 0.00322822
0 0.0529169 0.873865 0.105834 0.252269 0.00251062
0 0.152066 0.98947 0.210205 0.0210609 0.00245908
0 0.981838 0.585529 0.0363249 0.292237 0.00228674
0 0.0864814 0.415599 0.172119 0.183678 0.00214888
0 0.969575 0.540339 0.0608505 0.171916 0.00201104
0 0.974306 0.588307 0.0512576 0.316171 0.00200673
0 0.975677 0.0676065 0.048645 0.134955 0.00190644
0 0.554679 0.968743 0.389025 0.0625131 0.00188642
0 0.920216 0.0779097 0.159244 0.155819 0.00183857
0 0.105193 0.957601 0.210386 0.0846891 0.00183539
0 0.405638 0.940485 0.144081 0.118977 0.00165005
0 0.129857 0.962318 0.259714 0.0753636 0.00144277
0 0.0735441 0.896479 0.147088 0.207042 0.00139159
0 0.11876 0.97224 0.23752 0.0554891 0.00133908
0 0.265459 0.0522017 0.308686 0.104403 0.00127182
0 0.981563 0.0997263 0.036805 0.199453 0.00123074
0 0.935559 0.101997 0.128882 0.203993 0.00120499
0 0.926532 0.0112646 0.146937 0.0225291 0.00119252
0 0.943524 0.00759212 0.112951 0.0151634 0.00116937
0 0.387912 0.971598 0.191074 0.0568039 0.00116676
0 0.116048 0.985847 0.19771 0.0283055 0.00114111
0 0.95784 0.0512624 0.0842874 0.102525 0.00112997
0 0.930843 0.0386746 0.138307 0.0773492 0.00108984
0 0.933129 0.00774908 0.133743 0.0154949 0.00106862
0 0.0478531 0.380627 0.0957062 0.346778 0.00105434
0 0.245971 0.0708574 0.491941 0.141509 0.00102574
