0 0.537154 0.23164 0.249229 0.263947 0.904184
0 0.925371 0.0681273 0.142457 0.117887 0.158804
0 0.946244 0.292244 0.107432 0.191923 0.124563
0 0.0103409 0.752723 0.0206818 0.16504 0.0169065
0 0.00628502 0.753707 0.0124982 0.118836 0.0139404
0 0.86313 0.987326 0.079247 0.0253444 0.0117076
0 0.938406 0.295913 0.123188 0.250754 0.00612737
0 0.0131428 0.720469 0.0262855 0.279238 0.00555064
0 0.0218967 0.709844 0.0437933 0.332155 0.00459694
0 0.936479 0.928972 0.12553 0.141111 0.00451541
0 0.0331346 0.699711 0.0662691 0.401238 0.00360692
0 0.0268303 0.663945 0.0536572 0.406576 0.00337941
0 0.739979 0.0156185 0.312564 0.031237 0.00281451
0 0.0189072 0.742527 0.0378144 0.280127 0.0022595
0 0.905541 0.923016 0.188918 0.153968 0.00224824
0 0.916111 0.949314 0.166944 0.101371 0.00206624
0 0.297486 0.983083 0.233256 0.0337015 0.0020219
0 0.862413 0.987468 0.134281 0.0248972 0.00195988
0 0.0104649 0.112162 0.0209298 0.203579 0.00191521
0 0.0146269 0.76714 0.0292346 0.270817 0.00186972
0 0.010948 0.254949 0.0218475 0.209796 0.00165601
0 0.94776 0.270963 0.104481 0.119345 0.00148506
0 0.933438 0.340792 0.132948 0.459734 0.00143911
0 0.0545469 0.708567 0.109094 0.467386 0.00137355
0 0.768508 0.57945 0.145373 0.167924 0.00134798
0 0.741407 0.0233852 0.351486 0.0467705 0.00132524
0 0.0291962 0.746759 0.0583924 0.343041 0.00128574
0 0.0346465 0.75473 0.0692929 0.49054 0.00126187
0 0.873962 0.982783 0.0970068 0.034433 0.00125069
0 0.334928 0.984175 0.264866 0.0315864 0.00123146
0 0.0164343 0.690298 0.0328687 0.312326 0.00119652
0 0.89639 0.974916 0.197719 0.0501678 0.00119566
0 0.638943 0.0158004 0.242475 0.0316009 0.00111034
0 0.25869 0.993452 0.175564 0.0129304 0.0010894
0 0.858049 0.983037 0.186897 0.0339252 0.00101246
