0 0.477399 0.281742 0.170674 0.178591 0.907243
0 0.0554267 0.1711 0.11064 0.3422 0.0364041
0 0.96128 0.129167 0.076551 0.258334 0.0327704
0 0.922389 0.981308 0.154106 0.0373837 0.0302182
0 0.0429588 0.1635 0.085766 0.326083 0.0298517
0 0.920222 0.967136 0.159554 0.0656508 0.0152084
0 0.0734132 0.140346 0.146249 0.280691 0.0110376
0 0.963112 0.106039 0.0737125 0.212079 0.0103528
0 0.925694 0.991486 0.148612 0.0170271 0.00957624
0 0.922732 0.988238 0.154536 0.0235244 0.00901712
0 0.0276666 0.174741 0.0553332 0.273902 0.00712712
0 0.966537 0.0966457 0.0669252 0.193291 0.00497105
0 0.91111 0.976014 0.17778 0.047972 0.00462139
0 0.920604 0.950844 0.157221 0.0981712 0.00393947
0 0.962986 0.162416 0.0740283 0.0987248 0.00359337
0 0.0701286 0.155517 0.139777 0.311035 0.00330327
0 0.962947 0.128991 0.0740099 0.149528 0.00290271
0 0.0833836 0.19112 0.166754 0.382241 0.00264968
0 0.0373136 0.225527 0.0746272 0.395862 0.00250795
0 0.0846307 0.080609 0.169261 0.161218 0.00204405
0 0.947658 0.164741 0.104648 0.326998 0.00201465
0 0.0937532 0.0499591 0.187506 0.0997343 0.00195934
0 0.0427355 0.233468 0.085471 0.466936 0.00148537
0 0.938792 0.98855 0.122417 0.0229001 0.00136255
0 0.0872048 0.0343641 0.17441 0.0686859 0.00129799
0 0.732971 0.977351 0.278446 0.0452932 0.00123592
0 0.738092 0.984252 0.238909 0.0314955 0.00118596
0 0.94576 0.992321 0.108481 0.0153575 0.00115112
0 0.116371 0.172834 0.232336 0.345667 0.00110622
0 0.0278704 0.2516 0.0554755 0.3855 0.00102899
