0 0.58626 0.358784 0.220955 0.235461 0.929156
0 0.580533 0.35569 0.303976 0.302842 0.00649703
0 0.954025 0.553663 0.090601 0.12196 0.00503471
0 0.088471 0.928872 0.176942 0.142256 0.00367083
0 0.048949 0.988245 0.097898 0.0235095 0.00250728
0 0.0651317 0.939246 0.129947 0.121507 0.00199286
0 0.833981 0.983569 0.332037 0.0326309 0.00161888
0 0.720821 0.984139 0.337732 0.0316222 0.00154908
0 0.0813814 0.960311 0.162031 0.0793787 0.00142161
0 0.815826 0.974877 0.368349 0.0501091 0.00140249
0 0.290736 0.974257 0.142269 0.0513816 0.00132542
0 0.0455402 0.935982 0.0909184 0.128035 0.0011924
