0 0.224639 0.0982315 0.323984 0.196463 0.85792
0 0.222452 0.120206 0.40086 0.239938 0.147433
0 0.199609 0.235492 0.399217 0.470983 0.136019
0 0.512273 0.57565 0.190222 0.20902 0.0864006
0 0.959473 0.647767 0.080876 0.504219 0.0113113
0 0.958957 0.661304 0.0820857 0.346425 0.00807214
0 0.0131602 0.608917 0.0263204 0.198499 0.00779305
0 0.0182655 0.601925 0.0365133 0.263762 0.00769141
0 0.115511 0.401614 0.16314 0.11471 0.00431129
0 0.0199719 0.573493 0.0399312 0.428079 0.00385668
0 0.281538 0.98771 0.177695 0.0245702 0.00326764
0 0.93777 0.682073 0.12446 0.421656 0.00306356
0 0.950854 0.648364 0.0982367 0.608529 0.00293721
0 0.0268307 0.615753 0.0529715 0.321702 0.0029353
0 0.282978 0.993231 0.152464 0.0135374 0.00223984
0 0.0470661 0.595541 0.0941323 0.514583 0.00198028
0 0.955397 0.873963 0.0892065 0.252073 0.00191196
0 0.0317946 0.559462 0.0635892 0.539055 0.00179162
0 0.967938 0.612684 0.064047 0.514744 0.00178837
0 0.976198 0.67323 0.0475906 0.367519 0.00142429
0 0.0143747 0.570652 0.0287494 0.335533 0.00141319
0 0.947181 0.729522 0.105638 0.231902 0.00124628
0 0.0305153 0.303168 0.0610305 0.398182 0.00122261
0 0.038299 0.86567 0.076598 0.268661 0.00118851
0 0.148974 0.0392011 0.197628 0.0783797 0.00112943
0 0.0181687 0.30666 0.0363374 0.351425 0.00110715
0 0.942759 0.924013 0.114482 0.151974 0.0011057
0 0.949798 0.691724 0.100405 0.324579 0.0010956
0 0.0421921 0.931311 0.0843842 0.137379 0.0010933
0 0.00970751 0.608432 0.0193714 0.14086 0.00109201
0 0.948393 0.829801 0.103214 0.340398 0.00103507
