0 0.573799 0.257874 0.170206 0.267515 0.879981
0 0.575756 0.258444 0.281548 0.31977 0.0215991
0 0.624208 0.25038 0.273 0.284453 0.011858
0 0.0150438 0.150928 0.0300728 0.235861 0.00483388
0 0.245531 0.900173 0.247629 0.199654 0.00379571
0 0.983306 0.652172 0.0333667 0.265707 0.00340124
0 0.985677 0.673302 0.0286095 0.177446 0.00331604
0 0.0213394 0.148847 0.0426788 0.29581 0.00330602
0 0.68454 0.0173971 0.135471 0.0347941 0.00314377
0 0.572863 0.28308 0.216753 0.229244 0.00312902
0 0.594169 0.0203979 0.352959 0.0407958 0.00294107
0 0.0101716 0.145314 0.0203224 0.190035 0.0025107
0 0.977121 0.646516 0.0457578 0.34284 0.00243812
0 0.0351716 0.149602 0.0703432 0.299204 0.00226633
0 0.988181 0.670951 0.0236371 0.140773 0.00210155
0 0.557187 0.0115572 0.203157 0.0231144 0.00191508
0 0.653512 0.0234063 0.232232 0.0468126 0.00182878
0 0.668827 0.0221615 0.156025 0.0442758 0.00176068
0 0.991935 0.678893 0.0161262 0.182962 0.00172878
0 0.54806 0.0181736 0.22115 0.0362341 0.00164739
0 0.0264569 0.190124 0.0529139 0.351011 0.00158473
0 0.638576 0.0249311 0.382659 0.0498621 0.00155534
0 0.649724 0.209566 0.35948 0.380444 0.00151591
0 0.0183683 0.189801 0.0367366 0.306067 0.00145537
0 0.583613 0.0286535 0.411766 0.0573071 0.00144041
0 0.00714563 0.151822 0.0142827 0.151837 0.00143547
0 0.0106713 0.174872 0.0211944 0.148088 0.00139498
0 0.581651 0.0407654 0.469256 0.0815136 0.00137119
0 0.543448 0.00791713 0.158312 0.0158343 0.00123068
0 0.516133 0.0226692 0.221452 0.0452773 0.00110861
0 0.673889 0.0322678 0.317603 0.0645356 0.00107619
