0 0.573237 0.164734 0.281122 0.326599 0.936372
0 0.56294 0.194322 0.432363 0.38818 0.849183
0 0.937441 0.916208 0.124654 0.166997 0.0499975
0 0.0644141 0.907803 0.128747 0.183685 0.00560586
0 0.792519 0.943345 0.197157 0.11331 0.00434073
0 0.527231 0.927338 0.117134 0.110438 0.00421617
0 0.503407 0.907637 0.166389 0.158396 0.00298889
0 0.317272 0.993363 0.175094 0.0132489 0.00232406
0 0.0352072 0.307916 0.0703726 0.277924 0.00231213
0 0.104454 0.0403891 0.208238 0.0807783 0.00213956
0 0.0545158 0.859831 0.10888 0.280338 0.00185492
0 0.815032 0.947203 0.318697 0.105295 0.0018017
0 0.83745 0.959739 0.3251 0.0801942 0.00172146
0 0.0180118 0.314247 0.0360236 0.250725 0.00159274
0 0.026164 0.26938 0.0522006 0.35942 0.0014681
0 0.301582 0.989136 0.207867 0.0216887 0.00146731
0 0.984358 0.647741 0.0312396 0.266668 0.00145431
0 0.0256952 0.31302 0.0513904 0.242694 0.00141585
0 0.168766 0.0170159 0.337532 0.0340205 0.0013938
0 0.0783793 0.0499362 0.156554 0.0995096 0.00138209
0 0.0349228 0.893546 0.0698457 0.212908 0.00133703
0 0.77821 0.960487 0.191648 0.0790262 0.00130511
0 0.777898 0.941597 0.134548 0.113848 0.00122114
0 0.349502 0.983125 0.28345 0.0335616 0.00121867
0 0.962682 0.907844 0.0746253 0.184312 0.00121773
0 0.891585 0.977952 0.215769 0.0440348 0.0011246
0 0.983382 0.594915 0.0332148 0.294222 0.00110594
0 0.0155519 0.614738 0.0310648 0.287355 0.00105982
0 0.0695065 0.0370289 0.138988 0.0740578 0.00104579
0 0.176965 0.0268622 0.353931 0.053612 0.00103991
0 0.467404 0.984284 0.312558 0.0311966 0.00102835
0 0.0638792 0.0242776 0.127553 0.0483084 0.00100198
0 0.929847 0.921332 0.140307 0.157337 0.00100128
