0 0.495524 0.495467 0.162447 0.134663 0.293584
0 0.49677 0.495108 0.192516 0.169423 0.0529232
0 0.61883 0.0730936 0.285326 0.14481 0.0171388
0 0.606309 0.0539632 0.334327 0.107805 0.0132878
0 0.622144 0.982984 0.301449 0.0339673 0.00664855
0 0.611799 0.0306822 0.30885 0.0613643 0.00572209
0 0.659672 0.0651212 0.176769 0.122423 0.00447173
0 0.625524 0.970384 0.368526 0.0592321 0.00360419
0 0.602586 0.0397778 0.422716 0.0795555 0.00330249
0 0.663325 0.0735649 0.621513 0.14713 0.00308441
0 0.618537 0.0680443 0.46635 0.136089 0.00300632
0 0.601693 0.978424 0.413881 0.0431522 0.00290277
0 0.626654 0.987692 0.199674 0.024615 0.00279591
0 0.678362 0.978021 0.427799 0.0438306 0.00194087
0 0.562569 0.029702 0.185658 0.0594039 0.00188494
0 0.487722 0.458357 0.21692 0.255002 0.00177085
0 0.682249 0.0510125 0.117967 0.098672 0.00175236
0 0.509232 0.0244115 0.436915 0.0485141 0.00166656
0 0.589154 0.0246457 0.272338 0.0492836 0.00159061
0 0.679814 0.983797 0.393013 0.0322479 0.00156538
0 0.0422956 0.17934 0.0841937 0.35868 0.00126014
