0 0.535036 0.501938 0.211456 0.19319 0.456982
0 0.529538 0.500825 0.249834 0.242973 0.218556
0 0.654906 0.591576 0.221965 0.217786 0.145872
0 0.211885 0.852992 0.422502 0.294016 0.0556159
0 0.0820755 0.897751 0.163897 0.204498 0.0304184
0 0.193131 0.909217 0.386262 0.181565 0.0216979
0 0.0617492 0.910076 0.123463 0.179848 0.0190592
0 0.0861312 0.932381 0.171798 0.135237 0.016223
0 0.138615 0.859945 0.277229 0.28011 0.0122495
0 0.530292 0.508568 0.302114 0.302125 0.00710536
0 0.0990198 0.913101 0.19804 0.173799 0.00357294
0 0.307247 0.830404 0.614494 0.339192 0.00318182
0 0.248725 0.899061 0.49745 0.201878 0.00293084
0 0.0650727 0.950556 0.130037 0.0988871 0.00281112
0 0.402262 0.914434 0.274639 0.171132 0.00238221
0 0.0530966 0.885957 0.106193 0.22755 0.00230021
0 0.62927 0.954857 0.218193 0.0902859 0.0022094
0 0.986918 0.287922 0.0260539 0.247314 0.00213476
0 0.107541 0.883754 0.214327 0.232492 0.00211929
0 0.943735 0.923419 0.112529 0.153162 0.00186956
0 0.104644 0.955726 0.209289 0.0885471 0.00183212
0 0.628642 0.950277 0.288785 0.0994459 0.00154988
0 0.601049 0.570337 0.343967 0.313025 0.00150464
0 0.0313839 0.351684 0.0627679 0.375396 0.00141233
0 0.633281 0.602081 0.277115 0.296699 0.00130391
0 0.0202968 0.376093 0.0405936 0.323824 0.00125302
