0 0.428096 0.193242 0.188585 0.189493 0.915966
0 0.0132138 0.914079 0.0264276 0.171842 0.0831741
0 0.801709 0.867266 0.385145 0.253278 0.0710009
0 0.977001 0.546526 0.0459979 0.15763 0.0564984
0 0.978021 0.569538 0.0439582 0.229232 0.0510408
0 0.981587 0.548692 0.0368003 0.115642 0.0491474
0 0.975189 0.594563 0.0496218 0.302721 0.0444562
0 0.985215 0.217555 0.0295692 0.311388 0.0416932
0 0.981418 0.598825 0.0371646 0.268718 0.0291742
0 0.984529 0.878546 0.0308881 0.242908 0.0253438
0 0.01834 0.914548 0.0366799 0.168055 0.0252693
0 0.986961 0.236083 0.0259691 0.192279 0.0250638
0 0.977155 0.239292 0.0456898 0.355286 0.0194918
0 0.818957 0.98213 0.193731 0.0354095 0.019092
0 0.992333 0.229628 0.0152965 0.138285 0.0190401
0 0.728797 0.83517 0.20276 0.18009 0.0136767
0 0.980028 0.572108 0.0397671 0.175067 0.0117369
0 0.971752 0.271782 0.0564969 0.430205 0.011609
0 0.980784 0.275894 0.0384328 0.348502 0.0109688
0 0.964624 0.596736 0.0707523 0.369861 0.00955849
0 0.972299 0.207659 0.0554016 0.415319 0.00827946
0 0.026878 0.909474 0.0528811 0.181052 0.00796192
0 0.835271 0.975608 0.207229 0.0487833 0.00788376
0 0.787687 0.981686 0.301305 0.0365691 0.00676629
0 0.984653 0.211937 0.0306939 0.218642 0.0051949
0 0.960484 0.226423 0.0790327 0.452847 0.00502047
0 0.982961 0.180686 0.0340774 0.361372 0.0049817
0 0.924334 0.268796 0.151167 0.462328 0.00498157
0 0.969273 0.553848 0.0614543 0.218946 0.00495102
0 0.988006 0.0964844 0.0239875 0.163649 0.00486775
0 0.97747 0.869867 0.0449431 0.260266 0.00468893
0 0.972426 0.629104 0.0551477 0.390837 0.00437375
0 0.851965 0.981156 0.259143 0.0376881 0.00416737
0 0.358396 0.987755 0.156182 0.024491 0.00390479
0 0.984562 0.913413 0.0308763 0.172071 0.0036033
0 0.39311 0.96195 0.266128 0.0760993 0.0033982
0 0.985745 0.139183 0.0285108 0.274592 0.00316428
0 0.992725 0.13131 0.0145499 0.0873481 0.00299296
0 0.848647 0.974088 0.301953 0.0518234 0.00255155
0 0.375181 0.949665 0.216234 0.10067 0.0025445
0 0.0111204 0.895519 0.0222408 0.139307 0.00252541
0 0.988236 0.919082 0.0235287 0.145761 0.0024455
0 0.982794 0.0918842 0.0343146 0.183768 0.00241767
0 0.974743 0.158322 0.0505149 0.314811 0.00220944
0 0.988521 0.129705 0.0229578 0.0786552 0.00218524
0 0.359142 0.97853 0.183031 0.0429398 0.00215435
0 0.992236 0.109263 0.0153863 0.130769 0.00210302
0 0.976352 0.523577 0.047296 0.2695 0.00203382
0 0.988693 0.130008 0.0226142 0.114429 0.00196592
0 0.962963 0.146584 0.0740749 0.293168 0.00184702
0 0.398476 0.954025 0.318003 0.0919497 0.00168198
0 0.967081 0.0965589 0.0656279 0.193118 0.00161121
0 0.992037 0.24094 0.0157918 0.194635 0.00155186
0 0.976914 0.901734 0.0461231 0.193306 0.00154201
0 0.519245 0.846163 0.138788 0.136671 0.00149026
0 0.987214 0.110106 0.0255722 0.220212 0.00130921
0 0.977517 0.114984 0.0449655 0.229969 0.0012127
0 0.0116124 0.90387 0.0232248 0.19226 0.00110014
0 0.940907 0.0938747 0.118187 0.187749 0.00103161
