0 0.706573 0.137228 0.479358 0.274456 0.879385
0 0.710975 0.174425 0.569417 0.34885 0.80664
0 0.0493536 0.035208 0.0987072 0.0703579 0.155372
0 0.0516618 0.0162713 0.10267 0.0322595 0.0854065
0 0.0520632 0.0244667 0.103056 0.0489334 0.066977
0 0.0322085 0.0403244 0.064417 0.0793506 0.065417
0 0.0745754 0.0372743 0.14912 0.0745247 0.0110935
0 0.0511563 0.0116597 0.0998762 0.0233195 0.00735815
0 0.0687057 0.0541391 0.137411 0.108278 0.00394996
0 0.861062 0.123629 0.158055 0.246706 0.0028143
0 0.569468 0.0346308 0.240665 0.0691039 0.00247525
0 0.0778261 0.0130076 0.155652 0.0259425 0.00236667
0 0.052359 0.00822523 0.0981203 0.0164505 0.00228521
0 0.0165964 0.0316831 0.0331928 0.0633661 0.0021543
0 0.0979253 0.0324167 0.195646 0.0647915 0.00180469
0 0.142075 0.0510014 0.28415 0.102003 0.00164437
0 0.729988 0.0192695 0.109888 0.0385391 0.00151084
0 0.0665637 0.0141276 0.107968 0.0282319 0.00136191
0 0.0727891 0.00961879 0.145578 0.0191025 0.00113318
0 0.941357 0.191889 0.115595 0.378562 0.00105999
