0 0.115965 0.0454237 0.184599 0.0908473 0.527076
0 0.518504 0.46151 0.0977589 0.0921245 0.392153
0 0.110418 0.0554931 0.220837 0.110797 0.149233
0 0.518181 0.464922 0.118965 0.112856 0.0322291
0 0.517634 0.465377 0.141297 0.140823 0.021422
0 0.121405 0.0722005 0.242811 0.144401 0.009203
0 0.207665 0.0595558 0.415331 0.119112 0.00672417
0 0.0620477 0.635984 0.124095 0.278395 0.00554582
0 0.279171 0.0847994 0.558343 0.169599 0.00440795
0 0.108487 0.0975053 0.216974 0.195011 0.00256857
0 0.283595 0.122064 0.562352 0.244097 0.00245311
0 0.279552 0.050497 0.552157 0.100994 0.00196234
0 0.0701595 0.077197 0.140319 0.154394 0.001766
0 0.982544 0.216456 0.0349126 0.336756 0.00165792
0 0.0712899 0.610505 0.14258 0.34973 0.00150924
0 0.96843 0.222496 0.0630217 0.330315 0.00140852
0 0.118504 0.141814 0.237009 0.281597 0.00122417
0 0.064448 0.135724 0.128896 0.271449 0.00110947
0 0.444399 0.969435 0.385453 0.0611309 0.00104985
