0 0.846855 0.257648 0.140695 0.149071 0.699483
0 0.953576 0.806004 0.0927594 0.170081 0.372369
0 0.844152 0.26085 0.173528 0.180433 0.058876
0 0.976059 0.770423 0.0478811 0.246486 0.0230563
0 0.942959 0.803956 0.114081 0.198622 0.0223932
0 0.934438 0.851552 0.131124 0.296897 0.0152888
0 0.962344 0.781253 0.0752313 0.204825 0.0131381
0 0.467304 0.0535897 0.157378 0.107179 0.00644266
0 0.936921 0.790664 0.126159 0.244458 0.00396007
0 0.581389 0.0165536 0.281295 0.0331072 0.00288658
0 0.42665 0.0559598 0.24016 0.11192 0.00261045
0 0.582544 0.0234656 0.32393 0.0469313 0.00225531
0 0.898165 0.843969 0.203629 0.312062 0.00210123
0 0.80801 0.8477 0.381506 0.3046 0.00199151
0 0.598516 0.0180975 0.208479 0.036195 0.00189223
0 0.421037 0.0388631 0.253653 0.0777262 0.00185751
0 0.0496262 0.345855 0.0992524 0.220331 0.00158895
0 0.921897 0.824386 0.156206 0.209179 0.00155364
0 0.927907 0.810561 0.142353 0.156902 0.00134266
0 0.414152 0.0555583 0.34355 0.111117 0.00134252
0 0.400337 0.0203036 0.345102 0.0406073 0.0013214
0 0.0779289 0.165089 0.155858 0.227843 0.00130657
0 0.277454 0.0269309 0.23447 0.0537685 0.00124199
0 0.91805 0.824033 0.1639 0.351934 0.00122803
0 0.577227 0.0370215 0.335058 0.0740431 0.00120593
0 0.189483 0.0306501 0.378965 0.0613002 0.00106124
0 0.022365 0.506948 0.0447223 0.202374 0.00104447
0 0.831584 0.179484 0.336832 0.357253 0.00101218
0 0.0390871 0.507786 0.078165 0.199952 0.0010018
