0 0.321407 0.359372 0.137758 0.15236 0.893005
0 0.321666 0.357642 0.194257 0.199012 0.113237
0 0.752984 0.984221 0.16225 0.0314932 0.0416232
0 0.0697428 0.402644 0.139408 0.282288 0.0265907
0 0.750515 0.92772 0.299949 0.14456 0.0225935
0 0.75303 0.97852 0.178801 0.0429602 0.0153136
0 0.0695875 0.444927 0.13914 0.187477 0.0146943
0 0.517977 0.768319 0.158056 0.153453 0.0132757
0 0.926586 0.925322 0.146827 0.14885 0.013084
0 0.810725 0.928299 0.378549 0.143402 0.0129008
0 0.233424 0.914038 0.207243 0.171923 0.00763726
0 0.952605 0.927551 0.0943764 0.144899 0.00717603
0 0.982867 0.11856 0.0342669 0.231638 0.00625014
0 0.774663 0.984791 0.109666 0.0304153 0.00617139
0 0.972391 0.123498 0.0552189 0.246996 0.00584967
0 0.924168 0.947846 0.151664 0.104308 0.00563992
0 0.947038 0.949682 0.105208 0.100636 0.00539293
0 0.155266 0.904072 0.310532 0.191855 0.00420192
0 0.777868 0.986662 0.191865 0.0266761 0.00359382
0 0.975406 0.187184 0.0490491 0.0873401 0.00357655
0 0.912404 0.721588 0.174099 0.21972 0.00345762
0 0.983782 0.0857736 0.0323555 0.164554 0.00332897
0 0.974117 0.159988 0.051767 0.14859 0.00307561
0 0.0785844 0.397652 0.156773 0.391283 0.00295873
0 0.102651 0.334618 0.205245 0.530845 0.00295129
0 0.957021 0.979442 0.0857438 0.041117 0.00249233
0 0.0685836 0.416782 0.135174 0.146463 0.00238812
0 0.72703 0.985488 0.125221 0.0290205 0.00192805
0 0.965492 0.922964 0.0689833 0.135732 0.00189865
0 0.143601 0.31913 0.287203 0.603532 0.0016744
0 0.0642534 0.359956 0.128215 0.310081 0.00164657
0 0.781645 0.928445 0.222404 0.14311 0.00144568
0 0.157245 0.910341 0.181891 0.178298 0.00143909
0 0.227374 0.91562 0.441311 0.168761 0.00140358
0 0.977502 0.0983261 0.0447612 0.193901 0.0013713
0 0.0488051 0.342626 0.0972667 0.27726 0.00131916
0 0.962953 0.116474 0.0740938 0.227788 0.00128636
0 0.229416 0.342913 0.458396 0.552009 0.00127793
0 0.953063 0.971842 0.0936798 0.0562317 0.0012533
0 0.98868 0.104416 0.0226395 0.17965 0.0012207
0 0.375968 0.978854 0.207325 0.0422918 0.00118147
0 0.981866 0.0577493 0.0362672 0.114585 0.00116531
0 0.937508 0.97981 0.123423 0.0403799 0.00114889
0 0.743992 0.970337 0.204419 0.0593258 0.00107845
0 0.72722 0.916911 0.470072 0.166177 0.00105402
0 0.0310324 0.956719 0.0620597 0.0865625 0.00101779
0 0.0507165 0.949292 0.101433 0.101417 0.00101241
