0 0.488719 0.505149 0.160177 0.146985 0.0229032
0 0.509801 0.514929 0.215172 0.193475 0.00447142
0 0.659671 0.0724875 0.570252 0.144975 0.00402475
0 0.656767 0.0466285 0.467345 0.0932571 0.00325013
0 0.628818 0.028457 0.475796 0.0569139 0.00245782
0 0.988794 0.629155 0.0224119 0.212595 0.00200857
0 0.983947 0.602629 0.0321019 0.335975 0.00194667
0 0.656315 0.0511196 0.68737 0.102239 0.00166543
0 0.624902 0.662682 0.750196 0.674636 0.00141015
0 0.843692 0.662806 0.312615 0.306145 0.00132958
0 0.925545 0.872403 0.14891 0.255193 0.00125178
0 0.976791 0.601043 0.0464184 0.389764 0.00111887
0 0.344981 0.018787 0.398442 0.0375741 0.00109226
0 0.65106 0.0156307 0.373345 0.0312615 0.00109118
0 0.641267 0.0924745 0.699739 0.184949 0.00108618
0 0.345722 0.0278993 0.486646 0.0557987 0.00102393
0 0.626662 0.0232885 0.399364 0.046577 0.00101692
0 0.991399 0.636801 0.017203 0.186711 0.00100402
