0 0.567845 0.361889 0.174277 0.164516 0.576918
0 0.570314 0.369267 0.206489 0.203964 0.218144
0 0.573394 0.378023 0.270252 0.264429 0.0112019
0 0.0438098 0.0636799 0.0876195 0.12736 0.00937455
0 0.0704188 0.17928 0.140838 0.358559 0.00471504
0 0.970641 0.05805 0.0587171 0.1161 0.00424237
0 0.992548 0.557038 0.0149037 0.127474 0.00401562
0 0.0476164 0.0897526 0.0952328 0.179505 0.00371133
0 0.987673 0.692273 0.0245208 0.19133 0.00351849
0 0.0607683 0.132748 0.121344 0.264863 0.0032604
0 0.983447 0.701818 0.0330555 0.185227 0.00325122
0 0.973842 0.116778 0.0521927 0.233556 0.00295978
0 0.976699 0.0681187 0.0465821 0.134559 0.00284126
0 0.988857 0.561942 0.0222851 0.167757 0.00248038
0 0.981903 0.108967 0.0361816 0.217935 0.00240636
0 0.527565 0.014421 0.244346 0.028842 0.00219985
0 0.0102976 0.534306 0.0205952 0.211614 0.00200623
0 0.970696 0.947695 0.0586082 0.104611 0.00194414
0 0.0209711 0.150371 0.0419423 0.220179 0.00172563
0 0.0296019 0.164916 0.0592038 0.290461 0.00169878
0 0.016772 0.321121 0.0335441 0.242584 0.00166265
0 0.0631415 0.902851 0.126283 0.193797 0.00165719
0 0.0133813 0.303085 0.0267286 0.192527 0.00163701
0 0.0221866 0.312449 0.0441389 0.274502 0.00161795
0 0.99225 0.702658 0.0155005 0.148909 0.00161728
0 0.940718 0.0422326 0.118565 0.0844653 0.00161662
0 0.984289 0.543573 0.0314224 0.208684 0.0015747
0 0.534427 0.0103765 0.214273 0.0206276 0.00155844
0 0.983534 0.502077 0.0329316 0.338535 0.00151633
0 0.930012 0.0577532 0.139975 0.115506 0.00151158
0 0.518876 0.0155277 0.346393 0.0310553 0.00141942
0 0.0360565 0.953258 0.0721129 0.0934503 0.00139219
0 0.933152 0.517561 0.133458 0.17685 0.00135218
0 0.0180301 0.156638 0.0360425 0.156694 0.00132898
0 0.946301 0.0768743 0.107399 0.153617 0.00128799
0 0.988555 0.191138 0.0228895 0.161704 0.00128019
0 0.0142646 0.576994 0.0285293 0.270785 0.0012535
0 0.981585 0.923775 0.0368301 0.152437 0.00123788
0 0.767688 0.0223365 0.274473 0.0446731 0.00123708
0 0.964055 0.045979 0.071889 0.0917999 0.00121188
0 0.992241 0.198458 0.0155171 0.138654 0.00120698
0 0.0124428 0.0581673 0.0248856 0.116335 0.00117931
0 0.983767 0.957744 0.0324657 0.0845125 0.0011603
0 0.0141959 0.264697 0.0283919 0.269779 0.00116023
0 0.98329 0.576682 0.033419 0.307886 0.00115779
0 0.0236751 0.600109 0.0473502 0.412317 0.00115757
0 0.990319 0.0442227 0.0193621 0.0884454 0.00115576
0 0.959832 0.945197 0.080287 0.109606 0.00115338
0 0.0163558 0.12961 0.0327117 0.259221 0.00112343
0 0.977243 0.535734 0.0455143 0.261437 0.00111877
0 0.776967 0.0339982 0.266659 0.0678775 0.00109563
0 0.0522616 0.941571 0.104251 0.116853 0.0010859
0 0.0868393 0.098831 0.172955 0.197616 0.0010843
0 0.982804 0.685306 0.0343928 0.260507 0.00105858
0 0.976196 0.503895 0.047609 0.367532 0.00105559
0 0.503428 0.00905097 0.222156 0.0180023 0.00105032
0 0.0210449 0.11156 0.0420898 0.22312 0.00103978
