0 0.37607 0.341003 0.170379 0.168581 0.838618
0 0.97151 0.399701 0.0569797 0.188198 0.103138
0 0.975865 0.418865 0.0481899 0.1468 0.0347133
0 0.531132 0.935019 0.295493 0.129961 0.0110176
0 0.984944 0.75064 0.0299162 0.133536 0.0109793
0 0.982711 0.775286 0.034577 0.240497 0.00387631
0 0.871151 0.0919457 0.257698 0.183891 0.00322864
0 0.976592 0.77899 0.0468161 0.26163 0.00195833
0 0.519396 0.945998 0.310677 0.107814 0.00164697
0 0.983295 0.73954 0.0334105 0.0979521 0.00158259
0 0.535122 0.95465 0.384762 0.0906998 0.00148187
0 0.588165 0.988018 0.201386 0.0239639 0.00144713
0 0.977328 0.755175 0.0452917 0.177962 0.00139223
0 0.943255 0.279089 0.113462 0.420241 0.00114926
0 0.977625 0.434713 0.0445179 0.105828 0.00104858
