0 0.45731 0.216398 0.17312 0.170659 0.942649
0 0.957542 0.257328 0.0845559 0.288957 0.0822616
0 0.954036 0.275168 0.0917995 0.38764 0.0312986
0 0.975889 0.259639 0.0482228 0.317918 0.00828271
0 0.0973082 0.95845 0.193298 0.0826467 0.00639319
0 0.826993 0.171935 0.346015 0.343539 0.00602595
0 0.949066 0.273051 0.101868 0.529152 0.0057288
0 0.963009 0.32058 0.0739552 0.402926 0.002462
0 0.0362562 0.107348 0.0723433 0.214695 0.0019163
0 0.0317613 0.0824585 0.0635057 0.163598 0.00175243
0 0.0202079 0.0725936 0.0404072 0.143586 0.00167127
0 0.0222895 0.0951629 0.044579 0.190326 0.00152394
