0 0.540814 0.207785 0.196258 0.221582 0.924086
0 0.294345 0.951483 0.303052 0.0969498 0.159224
0 0.285568 0.956719 0.218442 0.086562 0.0796789
0 0.909569 0.985952 0.139723 0.0280956 0.00265174
0 0.918287 0.969163 0.162984 0.0616732 0.00208664
0 0.919186 0.979221 0.160411 0.0415165 0.00176595
0 0.915519 0.951781 0.168784 0.0963573 0.00164498
0 0.905347 0.935143 0.189306 0.129714 0.00160167
0 0.973718 0.348994 0.0525637 0.368301 0.001459
0 0.0872673 0.949068 0.174163 0.101865 0.00137328
0 0.972433 0.412173 0.0551349 0.381488 0.00130812
0 0.979699 0.394955 0.0406028 0.358039 0.00127117
0 0.365006 0.942688 0.41474 0.114625 0.00124718
0 0.50774 0.894383 0.291283 0.211233 0.00123159
0 0.561165 0.978719 0.2263 0.0425622 0.00122519
0 0.907226 0.992466 0.13688 0.0150684 0.00112447
0 0.0388139 0.960933 0.0776278 0.0779816 0.00110267
0 0.904631 0.988436 0.190737 0.0230963 0.00110141
0 0.0563841 0.945101 0.112745 0.109798 0.0010809
0 0.228513 0.940108 0.419908 0.119783 0.00105431
0 0.692954 0.988631 0.18507 0.0227382 0.00102381
0 0.907786 0.993479 0.175638 0.0129718 0.0010221
0 0.560449 0.95993 0.226886 0.0801407 0.00101835
