0 0.482476 0.20006 0.177025 0.172572 0.929054
0 0.35181 0.13174 0.477185 0.26348 0.0383829
0 0.476129 0.199747 0.220519 0.216093 0.00901983
0 0.345474 0.191252 0.495291 0.382504 0.00352856
0 0.418199 0.0738689 0.341534 0.147738 0.00324464
0 0.98372 0.120373 0.0325097 0.240747 0.00259083
0 0.988657 0.0931911 0.0226855 0.183511 0.00176354
0 0.432074 0.978531 0.0868372 0.0429386 0.00176292
0 0.428862 0.140329 0.318057 0.280658 0.00173108
0 0.497478 0.0587308 0.182233 0.116779 0.00110697
0 0.992833 0.092576 0.0142817 0.140013 0.00107085
0 0.449532 0.0559915 0.273515 0.111715 0.00102493
