0 0.47762 0.517972 0.23265 0.222817 0.837479
0 0.0366055 0.462844 0.0730948 0.212951 0.0845053
0 0.038879 0.46629 0.0777579 0.291051 0.0422187
0 0.112395 0.0353778 0.223426 0.0707303 0.0413389
0 0.0314577 0.457693 0.0629154 0.170834 0.032938
0 0.0753102 0.0363337 0.150295 0.0722746 0.0321532
0 0.0225583 0.490827 0.0451166 0.297772 0.01518
0 0.119011 0.0617635 0.236229 0.123527 0.0125764
0 0.0920334 0.049031 0.183645 0.0980619 0.00582921
0 0.0404184 0.499833 0.08083 0.444673 0.00502719
0 0.0293675 0.519304 0.0587351 0.37905 0.00493094
0 0.0261895 0.417439 0.052379 0.381447 0.00314582
0 0.0161001 0.519303 0.0322002 0.334372 0.00300711
0 0.0390773 0.399233 0.0781546 0.503428 0.00287727
0 0.190874 0.0583831 0.381749 0.116753 0.00254012
0 0.0618889 0.52391 0.123674 0.608816 0.00232625
0 0.0200703 0.405585 0.0401068 0.277061 0.00184832
0 0.141226 0.0259853 0.282452 0.0519707 0.00172982
0 0.116009 0.0460607 0.232019 0.092108 0.00150006
0 0.0246835 0.440484 0.049367 0.239884 0.00148645
0 0.155903 0.0865054 0.310753 0.173011 0.00147876
0 0.571548 0.943624 0.246298 0.112751 0.00145787
0 0.0581349 0.381597 0.11627 0.535457 0.00137758
0 0.0297687 0.371628 0.0595374 0.360248 0.00119299
0 0.0435563 0.382194 0.0870319 0.360076 0.00116846
0 0.207681 0.0244439 0.415363 0.0488877 0.00113985
0 0.0673437 0.425954 0.134494 0.779823 0.0011063
0 0.273498 0.059439 0.546997 0.11867 0.00109697
0 0.0476401 0.0530438 0.0952803 0.105605 0.00107077
