0 0.398568 0.232506 0.19428 0.178694 0.904151
0 0.937256 0.11643 0.125416 0.23286 0.0693216
0 0.393577 0.234869 0.232324 0.228775 0.0474072
0 0.937691 0.0807496 0.124619 0.161499 0.0397294
0 0.105076 0.983553 0.175847 0.0327797 0.00814521
0 0.106203 0.978008 0.212407 0.0439587 0.00497266
0 0.0105747 0.933786 0.0210647 0.132428 0.0047768
0 0.360856 0.466782 0.721713 0.866912 0.00433906
0 0.11517 0.972766 0.23034 0.0541744 0.00378897
0 0.942293 0.189185 0.115413 0.376516 0.00347226
0 0.0180373 0.931375 0.0360455 0.130806 0.00320694
0 0.0257443 0.931082 0.0514887 0.132865 0.00315255
0 0.106285 0.986458 0.144908 0.0270833 0.00312114
0 0.00676492 0.930139 0.0135298 0.121155 0.00280106
0 0.930251 0.139295 0.139498 0.27859 0.0022352
0 0.0392227 0.919029 0.0777691 0.161942 0.00204428
0 0.113218 0.991785 0.118522 0.0164301 0.00178895
0 0.982561 0.467228 0.0348248 0.282958 0.00178692
0 0.0797139 0.918 0.158551 0.163999 0.00158426
0 0.295384 0.831072 0.226627 0.210155 0.00157164
0 0.100585 0.936699 0.20117 0.126602 0.00156959
0 0.569141 0.288186 0.12499 0.127968 0.00156693
0 0.560552 0.983756 0.281259 0.0324745 0.00145395
0 0.0922658 0.950053 0.183621 0.099829 0.00140156
0 0.554794 0.978309 0.33135 0.0433619 0.00137047
0 0.568758 0.983531 0.195527 0.0329376 0.00121518
0 0.975384 0.466253 0.0492319 0.306648 0.00117171
0 0.0140806 0.903408 0.0281612 0.193184 0.00112902
0 0.0553455 0.923949 0.110041 0.152102 0.00112595
0 0.511007 0.984363 0.326369 0.0312607 0.00111525
0 0.983602 0.694292 0.0327713 0.231805 0.00105627
0 0.569384 0.972299 0.249278 0.0554026 0.00104653
0 0.577478 0.268981 0.153735 0.167074 0.00104429
0 0.927694 0.0496543 0.144612 0.0993052 0.00100368
