0 0.599689 0.172362 0.21506 0.255287 0.927372
0 0.594781 0.168651 0.269713 0.293702 0.812994
0 0.0135015 0.0655825 0.0270029 0.131165 0.00891984
0 0.0104707 0.0752499 0.0209061 0.1505 0.00694656
0 0.0193803 0.0661595 0.0387606 0.131944 0.00569268
0 0.00636917 0.0580706 0.012702 0.116141 0.0036157
0 0.980782 0.847629 0.0382749 0.252203 0.00272927
0 0.592637 0.17945 0.337525 0.340897 0.00199044
0 0.038676 0.0675242 0.0773521 0.134948 0.00176863
0 0.974688 0.847074 0.050429 0.279438 0.00164465
0 0.012211 0.0506855 0.024422 0.101371 0.00162288
0 0.0281067 0.0740191 0.0562135 0.148038 0.00129214
0 0.00665577 0.0404238 0.0132852 0.0808477 0.00117481
