0 0.495796 0.231812 0.432963 0.416819 0.934544
0 0.919798 0.986906 0.122061 0.0261483 0.0109925
0 0.924577 0.988427 0.150845 0.0231456 0.00783282
0 0.925659 0.989494 0.0957133 0.0210128 0.00430379
0 0.867785 0.987292 0.136064 0.0254167 0.00301894
0 0.0107546 0.173092 0.0215092 0.169593 0.0024478
0 0.0152216 0.184714 0.0304031 0.190037 0.00210523
0 0.0215612 0.1885 0.0429612 0.210461 0.00184516
0 0.920545 0.991006 0.146803 0.0179876 0.00173936
0 0.904179 0.984625 0.191117 0.0307503 0.00170003
0 0.861439 0.991876 0.125216 0.0162038 0.00154628
0 0.893646 0.979029 0.212707 0.0419413 0.00153406
0 0.934259 0.992683 0.131481 0.0146332 0.00134435
0 0.0236678 0.199499 0.0472439 0.29346 0.00134286
0 0.0141491 0.165437 0.0282481 0.133551 0.00129735
0 0.983661 0.756275 0.0326693 0.326907 0.00124392
0 0.244248 0.988011 0.192154 0.0239776 0.0011838
