0 0.606397 0.208434 0.406391 0.353762 0.916894
0 0.0177201 0.241181 0.0352949 0.196989 0.0561274
0 0.0244142 0.244519 0.0476833 0.209369 0.0115904
0 0.380831 0.914901 0.231622 0.170198 0.00642642
0 0.974679 0.856898 0.050642 0.286204 0.00392032
0 0.966101 0.893861 0.067775 0.209446 0.00354189
0 0.0200463 0.219217 0.040078 0.130339 0.0021176
0 0.0260048 0.254472 0.0519167 0.324513 0.00210843
0 0.0174338 0.261956 0.0348676 0.310072 0.00210195
0 0.982159 0.359308 0.0356066 0.305046 0.00189021
0 0.141462 0.864706 0.282923 0.270589 0.00174516
0 0.218785 0.0190843 0.21549 0.0381589 0.00136098
0 0.255742 0.875176 0.511483 0.249648 0.0013522
0 0.865537 0.277191 0.244191 0.305591 0.00116162
0 0.0763076 0.820766 0.152615 0.240347 0.00113648
