0 0.497466 0.504634 0.178994 0.175289 0.693475
0 0.498592 0.505513 0.142554 0.132131 0.34103
0 0.501323 0.499746 0.126335 0.0993227 0.302289
0 0.0564731 0.0204665 0.112946 0.0408151 0.00910072
0 0.310939 0.0124915 0.193491 0.0249829 0.00870654
0 0.0850754 0.0287264 0.170151 0.0574529 0.00663645
0 0.0655138 0.0254247 0.130843 0.0506953 0.0064122
0 0.049833 0.0142587 0.0996661 0.0285174 0.00543938
0 0.314981 0.00998762 0.148185 0.0199752 0.00488437
0 0.0604182 0.0121116 0.120836 0.0242232 0.00478567
0 0.294729 0.0159723 0.317833 0.0319446 0.00477758
0 0.304953 0.0178973 0.214884 0.0357228 0.00355683
0 0.293876 0.0233038 0.373225 0.0464724 0.00346445
0 0.344427 0.0229922 0.218982 0.0459823 0.00343233
0 0.853413 0.0203191 0.293175 0.0406383 0.00300244
0 0.109962 0.0240103 0.219683 0.047906 0.00300108
0 0.979834 0.0675495 0.0403317 0.134433 0.00283683
0 0.446362 0.565798 0.255099 0.262506 0.00258757
0 0.298709 0.033376 0.395579 0.066752 0.00255059
0 0.117276 0.0332043 0.233787 0.0663362 0.00250577
0 0.940139 0.0255909 0.119721 0.0511817 0.00246298
0 0.570868 0.0211665 0.283409 0.0423331 0.00241309
0 0.365912 0.0201824 0.291866 0.0403649 0.00239161
0 0.859485 0.0271815 0.28103 0.054363 0.00236726
0 0.91593 0.027016 0.168005 0.054032 0.00231977
0 0.328928 0.00731108 0.184275 0.0146222 0.00223141
0 0.0521488 0.00758806 0.104298 0.0151761 0.00215997
0 0.0431953 0.0102728 0.0863905 0.0205457 0.00214802
0 0.906006 0.0379469 0.187988 0.0755971 0.00207907
0 0.590047 0.0248682 0.377886 0.0496552 0.00204074
0 0.340206 0.0115124 0.21284 0.0230249 0.00197587
0 0.341986 0.0291334 0.261288 0.0580819 0.0019495
0 0.888241 0.0225169 0.221325 0.0450197 0.00178539
0 0.0711848 0.0355118 0.141941 0.0710236 0.0017246
0 0.940819 0.0686935 0.118363 0.137387 0.0017243
0 0.921658 0.0486112 0.156685 0.0972224 0.00171269
0 0.975755 0.0549304 0.0484903 0.109776 0.00170648
0 0.245503 0.0191043 0.359656 0.0382086 0.00170073
0 0.941347 0.0392534 0.117305 0.0783262 0.00166971
0 0.17938 0.0163366 0.34114 0.0326733 0.00166267
0 0.908948 0.0614757 0.182105 0.122699 0.00166047
0 0.818697 0.0247742 0.362606 0.0495485 0.00162674
0 0.589747 0.0322659 0.433776 0.0644023 0.00157247
0 0.10087 0.0475889 0.200895 0.0948545 0.00153312
0 0.851265 0.0158664 0.29747 0.0317328 0.00149547
0 0.911741 0.0194336 0.173512 0.0387641 0.00149035
0 0.968711 0.037477 0.062577 0.074954 0.00147659
0 0.892455 0.0139981 0.215091 0.0279962 0.00146797
0 0.66987 0.0495517 0.66026 0.0991035 0.00146312
0 0.146114 0.015934 0.292229 0.031868 0.00144807
0 0.393879 0.0238143 0.376767 0.0476286 0.00131481
0 0.795552 0.0190484 0.355458 0.0380968 0.00130921
0 0.582191 0.0361081 0.300945 0.0722161 0.00123484
0 0.125384 0.0166971 0.250769 0.0333582 0.00122959
0 0.324166 0.0370148 0.264694 0.0740295 0.00119367
0 0.922098 0.0117565 0.155803 0.0235131 0.00119172
0 0.839381 0.0381065 0.321238 0.0758341 0.00119058
0 0.170268 0.0211513 0.340536 0.0423026 0.00114814
0 0.56858 0.977209 0.425718 0.0455827 0.00114233
0 0.620452 0.0134046 0.193786 0.0268023 0.00110523
0 0.247667 0.0282558 0.365601 0.0565116 0.00106127
0 0.609652 0.0177129 0.228038 0.0354258 0.00104928
