0 0.555493 0.357782 0.135865 0.152688 0.743635
0 0.445819 0.564958 0.157476 0.149922 0.521629
0 0.328495 0.023989 0.310631 0.047978 0.00913281
0 0.988956 0.0860961 0.0220873 0.172192 0.00557972
0 0.340288 0.0351189 0.426434 0.0702377 0.00430849
0 0.334912 0.0187854 0.393073 0.0375245 0.00324793
0 0.990581 0.076098 0.0188388 0.152196 0.00261415
0 0.334061 0.0468949 0.513143 0.0937898 0.00216311
0 0.98188 0.245072 0.0362399 0.354446 0.00172873
0 0.992209 0.0813263 0.0155814 0.162653 0.00168929
0 0.949925 0.964012 0.10015 0.0719383 0.00150385
0 0.97502 0.233973 0.0499349 0.357591 0.0013705
0 0.512919 0.382625 0.239012 0.217703 0.00136306
0 0.981833 0.218937 0.036294 0.246359 0.00126125
0 0.983475 0.0976539 0.0330508 0.195308 0.00119932
0 0.933791 0.970351 0.132418 0.0592974 0.00117855
0 0.372649 0.026139 0.421456 0.0522781 0.00107355
