0 0.595809 0.28982 0.386689 0.381463 0.936994
0 0.0485652 0.91496 0.0967842 0.17008 0.0628055
0 0.343301 0.490527 0.686601 0.96544 0.0259925
0 0.0451179 0.909931 0.0902358 0.121132 0.0127921
0 0.0571193 0.0775818 0.112756 0.153155 0.0106581
0 0.490879 0.914501 0.193018 0.170998 0.00887548
0 0.293949 0.957737 0.259782 0.0845262 0.0078401
0 0.0127784 0.627838 0.0255569 0.259165 0.00643577
0 0.011156 0.644933 0.022303 0.178674 0.0059355
0 0.88824 0.107176 0.218486 0.213176 0.00566588
0 0.0152836 0.591228 0.0305671 0.346384 0.00430752
0 0.515705 0.90779 0.135519 0.153626 0.00384035
0 0.265072 0.964707 0.233527 0.0705855 0.00320823
0 0.0154191 0.666151 0.0308382 0.34326 0.00295592
0 0.038971 0.0758269 0.0779421 0.151352 0.00284563
0 0.0486005 0.726771 0.0970387 0.278978 0.00234027
0 0.0241093 0.585211 0.0482185 0.393995 0.00229612
0 0.010574 0.069519 0.0211479 0.139038 0.00215968
0 0.0203788 0.644364 0.0407576 0.346581 0.00213641
0 0.0184311 0.0674571 0.0368621 0.133389 0.00207818
0 0.0475501 0.709559 0.0950958 0.190416 0.0020421
0 0.630747 0.0158555 0.292943 0.031711 0.00192777
0 0.0269552 0.0792721 0.0539103 0.158143 0.00192549
0 0.0579191 0.543176 0.115838 0.326372 0.00170014
0 0.072551 0.548124 0.145102 0.227999 0.00162745
0 0.0356506 0.749674 0.0713012 0.338322 0.00144896
0 0.211498 0.967026 0.399195 0.0659488 0.00144373
0 0.537958 0.913139 0.234457 0.172513 0.00139905
0 0.212027 0.982971 0.36984 0.0339018 0.0013745
0 0.20986 0.977232 0.417587 0.0455258 0.00137267
0 0.0176871 0.0437321 0.0352994 0.0874338 0.00135926
0 0.0328812 0.0436825 0.0657624 0.0873649 0.00135333
0 0.816641 0.862754 0.17222 0.186004 0.0012624
0 0.00637343 0.0574524 0.0127337 0.114905 0.00117328
0 0.525531 0.888517 0.0988069 0.105268 0.00114341
0 0.635069 0.02328 0.365586 0.04656 0.00110541
0 0.057192 0.959836 0.114014 0.0803277 0.00105604
0 0.984075 0.256797 0.0318122 0.233897 0.0010506
0 0.0252413 0.680454 0.0504826 0.405026 0.00104225
