0 0.589855 0.573308 0.215479 0.191938 0.669978
0 0.113501 0.972957 0.225417 0.054086 0.00270196
0 0.0819014 0.961553 0.163717 0.0768936 0.00224994
0 0.0737554 0.942881 0.147511 0.114238 0.00218281
0 0.116101 0.982046 0.226711 0.0359073 0.00176409
0 0.599465 0.530295 0.2472 0.26595 0.00160136
0 0.137393 0.96522 0.267341 0.0695605 0.00144016
0 0.111549 0.956576 0.221872 0.086848 0.001375
0 0.454608 0.904403 0.909216 0.191195 0.00136967
0 0.1371 0.977483 0.274201 0.0450337 0.00127637
0 0.161739 0.97805 0.323478 0.0438998 0.00126198
0 0.618923 0.494176 0.297244 0.344635 0.00122614
0 0.553633 0.016764 0.384233 0.0335279 0.0012022
0 0.592178 0.56675 0.272308 0.261326 0.00118624
0 0.316237 0.0454054 0.632475 0.0908108 0.00118189
0 0.536625 0.0462382 0.696194 0.0924765 0.00114704
0 0.123674 0.883039 0.247349 0.233921 0.00110058
0 0.485886 0.813295 0.971772 0.37341 0.0010934
0 0.555618 0.0241832 0.425154 0.0483664 0.00106698
0 0.137178 0.147395 0.270564 0.29474 0.00105016
0 0.769145 0.972359 0.409454 0.0551277 0.00100991
0 0.767889 0.980107 0.36978 0.0395695 0.00100071
