0 0.445526 0.145438 0.157637 0.255215 0.933278
0 0.803994 0.530853 0.0854466 0.0953314 0.0122939
0 0.454924 0.984427 0.226227 0.0311469 0.00876785
0 0.457324 0.98901 0.205163 0.0218368 0.00435756
0 0.445423 0.978835 0.298096 0.0423293 0.00405331
0 0.0103323 0.240264 0.0206646 0.190358 0.00294524
0 0.404019 0.984123 0.354775 0.0316589 0.0021956
0 0.449226 0.993101 0.164465 0.0137978 0.00174819
0 0.00669069 0.233528 0.0133576 0.173688 0.00145664
0 0.430477 0.969379 0.380806 0.0612415 0.00121673
0 0.0101862 0.0614724 0.0203724 0.122945 0.00111483
0 0.0176939 0.0460289 0.0353878 0.0920578 0.00109371
