0 0.474606 0.286381 0.192479 0.160708 0.88871
0 0.172481 0.297642 0.180363 0.196609 0.549655
0 0.921708 0.912611 0.156584 0.174779 0.0495287
0 0.470901 0.278591 0.233891 0.216382 0.0258209
0 0.9814 0.764181 0.0372 0.150818 0.0241558
0 0.976874 0.761586 0.0462514 0.185512 0.00728951
0 0.0126622 0.939616 0.0252561 0.120574 0.00686558
0 0.0111965 0.92675 0.0223588 0.1465 0.00636929
0 0.975213 0.705005 0.0495367 0.352652 0.00578648
0 0.007224 0.938039 0.0144187 0.123922 0.00526283
0 0.0185838 0.927946 0.0371675 0.144108 0.00464691
0 0.969074 0.766646 0.0613935 0.20107 0.00396489
0 0.0136455 0.920976 0.0272909 0.158049 0.00377864
0 0.978763 0.945288 0.0424747 0.109424 0.00367562
0 0.0102479 0.113781 0.0204958 0.211545 0.00346595
0 0.945054 0.949209 0.109891 0.101479 0.00342893
0 0.968806 0.956403 0.0623889 0.0869935 0.00280294
0 0.00633549 0.949157 0.0125836 0.101686 0.00269263
0 0.51296 0.308474 0.124834 0.11968 0.00223784
0 0.00674295 0.123482 0.0134516 0.182701 0.00218664
0 0.0397711 0.913949 0.0795422 0.172103 0.00216082
0 0.98062 0.920961 0.0387597 0.157737 0.00206152
0 0.172634 0.977478 0.260425 0.0450437 0.00204303
0 0.972073 0.790582 0.0557541 0.297929 0.00195067
0 0.937956 0.932886 0.124088 0.134229 0.00184079
0 0.0196106 0.886268 0.0392212 0.227463 0.00166648
0 0.68089 0.988592 0.192662 0.0228167 0.00158439
0 0.170872 0.972996 0.335756 0.0539973 0.00148512
0 0.978182 0.815111 0.0436367 0.322838 0.00139998
0 0.133209 0.980414 0.263776 0.0390625 0.0013007
0 0.988351 0.936001 0.0232975 0.127999 0.00124706
0 0.969964 0.680874 0.0600724 0.450736 0.00119289
0 0.0153011 0.883522 0.0306022 0.232956 0.00116912
0 0.922718 0.954745 0.154415 0.09051 0.00112681
0 0.656705 0.975719 0.165174 0.0485085 0.00111608
0 0.520397 0.989122 0.20397 0.0217406 0.00109786
0 0.975282 0.966439 0.0494366 0.0671227 0.00109751
0 0.037302 0.944499 0.0744639 0.111002 0.00109644
0 0.0450188 0.874991 0.0899198 0.250017 0.00105544
0 0.0136981 0.593135 0.0273352 0.262099 0.00102437
0 0.00877953 0.937211 0.0175591 0.125577 0.00101857
0 0.134231 0.967036 0.268462 0.0659288 0.0010018
