0 0.495259 0.38313 0.249255 0.186973 0.729094
0 0.50536 0.40884 0.234513 0.154975 0.528299
0 0.500655 0.410923 0.27161 0.211991 0.474446
0 0.500759 0.404948 0.316292 0.294247 0.0410258
0 0.561929 0.020867 0.145195 0.0416743 0.0303118
0 0.549348 0.02458 0.181564 0.04916 0.0162334
0 0.293498 0.0109002 0.102111 0.0218004 0.0125286
0 0.294994 0.0140889 0.117985 0.0281779 0.0116646
0 0.500663 0.346869 0.254871 0.258434 0.00630332
0 0.765091 0.028133 0.161247 0.0559623 0.0059663
0 0.54261 0.0272561 0.308025 0.0545122 0.0057579
0 0.970516 0.730877 0.0589685 0.174722 0.00530218
0 0.554417 0.0219958 0.238894 0.0439916 0.00427743
0 0.548835 0.0312651 0.209689 0.0625302 0.00419724
0 0.755197 0.0276305 0.243963 0.0552611 0.00345738
0 0.579245 0.0177457 0.11753 0.0353253 0.00322164
0 0.969577 0.73518 0.060845 0.250219 0.00286035
0 0.295028 0.0138155 0.188599 0.0276311 0.00275481
0 0.969961 0.684883 0.0600779 0.315898 0.00262458
0 0.462543 0.452535 0.325104 0.304639 0.00247963
0 0.297082 0.0101778 0.138546 0.0203137 0.00246074
0 0.291366 0.0156769 0.256138 0.0313538 0.00244039
0 0.983176 0.10713 0.0336487 0.0798949 0.00200071
0 0.52635 0.0329021 0.390446 0.0658041 0.00197949
0 0.318243 0.0155076 0.172848 0.0308439 0.0016282
0 0.977087 0.670728 0.0458264 0.35808 0.00157476
0 0.744772 0.0326603 0.311444 0.0653206 0.00148068
0 0.51438 0.29592 0.28987 0.366826 0.00141377
0 0.980076 0.779665 0.039848 0.339518 0.0014084
0 0.797167 0.0298506 0.269285 0.0595316 0.00140729
0 0.0981176 0.914867 0.196235 0.170267 0.00132893
0 0.240239 0.0191496 0.358698 0.0382991 0.00121565
0 0.972746 0.785632 0.0543909 0.367268 0.0012075
0 0.983118 0.0833104 0.0337645 0.126739 0.0011876
0 0.312985 0.0227929 0.258667 0.0455858 0.00118204
0 0.917822 0.980758 0.161559 0.0384786 0.00114545
0 0.166858 0.023959 0.242053 0.0479076 0.00102469
0 0.914193 0.965187 0.171092 0.0694671 0.00101069
