0 0.97168 0.60981 0.0566399 0.313771 0.0051131
0 0.972884 0.646645 0.054231 0.225386 0.00490183
0 0.819793 0.0645832 0.360414 0.128408 0.00344617
0 0.505253 0.485326 0.275 0.399884 0.0029672
0 0.981294 0.607132 0.0372775 0.356263 0.00292021
0 0.965263 0.658582 0.0694408 0.263484 0.00253842
0 0.849008 0.0422015 0.301983 0.0841516 0.00235572
0 0.864924 0.0589363 0.270152 0.117873 0.00205778
0 0.0647957 0.0203005 0.129591 0.0404771 0.00196547
0 0.0353925 0.165256 0.0707062 0.32379 0.00168909
0 0.079238 0.0338763 0.158476 0.0677527 0.00165172
0 0.786642 0.042969 0.426715 0.0857218 0.00154861
0 0.981865 0.740657 0.0362597 0.385734 0.00151395
0 0.747391 0.0621805 0.505218 0.124361 0.00143017
0 0.0546882 0.0280882 0.109376 0.0561765 0.00141887
0 0.0750537 0.0520748 0.150107 0.10415 0.00131875
0 0.970606 0.720818 0.0586728 0.384647 0.00121899
0 0.0520802 0.0471873 0.10416 0.0939447 0.00109525
0 0.0254398 0.166821 0.0508796 0.333643 0.00107671
