0 0.478483 0.208257 0.358309 0.415855 0.936156
0 0.917844 0.316693 0.0512084 0.0564102 0.334508
0 0.977759 0.722577 0.0444366 0.323025 0.0407521
0 0.983537 0.656593 0.032912 0.276307 0.0199498
0 0.984242 0.660953 0.0314616 0.179496 0.0162042
0 0.978023 0.653548 0.0439532 0.402626 0.0116639
0 0.976298 0.763692 0.0473266 0.215432 0.0109531
0 0.967453 0.749005 0.0647327 0.38859 0.00696852
0 0.976623 0.627408 0.0467179 0.295439 0.00639497
0 0.974437 0.596064 0.051125 0.392988 0.00450858
0 0.962574 0.613459 0.0748092 0.454454 0.0033786
0 0.967836 0.755672 0.0641382 0.214588 0.00309989
0 0.0138904 0.729291 0.0277808 0.283504 0.00276516
0 0.0133321 0.740331 0.0266582 0.201261 0.00273583
0 0.9789 0.583419 0.0422007 0.321425 0.00245821
0 0.977122 0.494347 0.0457559 0.400119 0.00211933
0 0.979858 0.691978 0.0401974 0.164898 0.00202572
0 0.978748 0.796678 0.0424585 0.250074 0.00201946
0 0.141051 0.949969 0.228237 0.0999827 0.00193246
0 0.964953 0.685802 0.0700846 0.441669 0.00175073
0 0.974478 0.810913 0.0510443 0.306293 0.00170953
0 0.0120847 0.752152 0.0241694 0.130375 0.00167738
0 0.983858 0.467409 0.0322409 0.369104 0.00161708
0 0.982512 0.708189 0.0349759 0.221073 0.00152534
0 0.990442 0.66596 0.0191129 0.189209 0.00151732
0 0.0167102 0.760811 0.0334203 0.25463 0.00144441
0 0.981231 0.532368 0.0374967 0.301254 0.00139265
0 0.0110402 0.75966 0.0219853 0.173257 0.00125057
0 0.2844 0.373572 0.5688 0.747144 0.00121578
0 0.0192122 0.717353 0.0384244 0.387253 0.00110733
0 0.0252202 0.759198 0.0503668 0.293845 0.00107964
