0 0.497664 0.379754 0.170515 0.188298 0.931706
0 0.0566261 0.697251 0.113165 0.265659 0.0407863
0 0.0623825 0.693883 0.124765 0.364366 0.0137242
0 0.984845 0.0507421 0.030176 0.101484 0.00667676
0 0.986683 0.61927 0.0266055 0.210492 0.00646347
0 0.980376 0.061948 0.0389922 0.123896 0.00457021
0 0.976478 0.080361 0.0469608 0.160722 0.00447203
0 0.981897 0.751744 0.0361884 0.349439 0.00434958
0 0.0505781 0.878091 0.10114 0.243817 0.00431164
0 0.98476 0.631345 0.0304806 0.294664 0.00385397
0 0.991234 0.621377 0.0175059 0.17002 0.00374529
0 0.99077 0.0428988 0.0183716 0.0857976 0.00364612
0 0.975707 0.754939 0.0485868 0.311029 0.00330268
0 0.982196 0.0904446 0.0355473 0.180889 0.00310209
0 0.978873 0.739193 0.0422302 0.238441 0.00296749
0 0.988029 0.769107 0.0238676 0.217749 0.00287278
0 0.474534 0.0115987 0.207469 0.0231755 0.0027571
0 0.972862 0.646089 0.0541798 0.360753 0.00275208
0 0.976773 0.0446929 0.0463021 0.0893858 0.00247343
0 0.988978 0.0642919 0.0219557 0.128584 0.00234468
0 0.489431 0.00903556 0.141937 0.0180437 0.00225309
0 0.979814 0.648898 0.0403662 0.311425 0.00213724
0 0.984469 0.739583 0.0310619 0.18212 0.00200405
0 0.989201 0.237048 0.0215554 0.139802 0.00186149
0 0.970945 0.783973 0.0581095 0.427567 0.00164762
0 0.0464154 0.645268 0.0928309 0.144079 0.00163047
0 0.0731858 0.714841 0.146188 0.447239 0.00153591
0 0.98528 0.228573 0.0294396 0.185895 0.00145077
0 0.99154 0.0531176 0.0169209 0.106235 0.00140744
0 0.0222829 0.208101 0.0445658 0.161604 0.00132234
0 0.011173 0.193869 0.0222527 0.160913 0.0012361
0 0.0144176 0.209024 0.0288062 0.148244 0.00114433
0 0.930327 0.0690607 0.139346 0.138121 0.00106193
