0 0.498807 0.495031 0.226798 0.20198 0.812918
0 0.48688 0.993063 0.161551 0.0138747 0.0186076
0 0.500263 0.490059 0.27291 0.268716 0.0167103
0 0.493142 0.987278 0.16629 0.0253851 0.0148015
0 0.854062 0.97175 0.291877 0.0565006 0.0139187
0 0.863599 0.978446 0.272803 0.0431079 0.010453
0 0.467514 0.986756 0.148056 0.0264884 0.00708142
0 0.489244 0.983232 0.20516 0.0335368 0.00676261
0 0.449127 0.0192074 0.304204 0.0384146 0.00459107
0 0.488442 0.977689 0.241372 0.0446098 0.00446212
0 0.45054 0.0232721 0.363195 0.0464138 0.00425375
0 0.479792 0.971122 0.367777 0.0577569 0.00379054
0 0.44443 0.0320335 0.414331 0.0636756 0.00325673
0 0.0101964 0.43023 0.0203928 0.202288 0.00318393
0 0.439387 0.984374 0.337956 0.0312513 0.00303024
0 0.875188 0.968004 0.249625 0.0637555 0.00286355
0 0.432921 0.978304 0.384089 0.0433917 0.0026423
0 0.420785 0.0154898 0.24823 0.030955 0.00236283
0 0.521283 0.978014 0.378925 0.043972 0.00205555
0 0.518699 0.0114287 0.21548 0.0227803 0.00190866
0 0.521417 0.984473 0.326645 0.0310544 0.00185772
0 0.497319 0.0180478 0.294124 0.0360957 0.00180129
0 0.496872 0.491503 0.186133 0.170016 0.00156679
0 0.182065 0.976967 0.361193 0.0460651 0.00153181
0 0.186742 0.983592 0.323111 0.0328165 0.00145001
0 0.680395 0.968594 0.39485 0.0627532 0.00141097
0 0.409542 0.0116897 0.209421 0.0233793 0.00134597
0 0.681093 0.9762 0.31903 0.0475531 0.00120097
0 0.0140469 0.418264 0.0280939 0.330959 0.00115136
0 0.208272 0.975522 0.261383 0.0489368 0.00113842
0 0.894346 0.98849 0.195677 0.0230204 0.00111026
0 0.0145405 0.589294 0.029081 0.276272 0.00109397
0 0.828592 0.975352 0.283079 0.0492969 0.00108022
0 0.666305 0.983274 0.335101 0.0333533 0.00107886
