0 0.585257 0.358018 0.212486 0.216341 0.930921
0 0.110231 0.0524655 0.220445 0.104931 0.0839167
0 0.956174 0.861914 0.0875397 0.276172 0.00465964
0 0.135906 0.0591949 0.271811 0.118162 0.00259967
0 0.0691528 0.564007 0.138306 0.263034 0.0019813
0 0.932348 0.0838479 0.135304 0.167265 0.00181114
0 0.935367 0.0555904 0.127145 0.110945 0.00145902
0 0.968084 0.0933448 0.0638314 0.18669 0.00137691
0 0.956403 0.0808034 0.087193 0.161607 0.00113202
0 0.141782 0.0459286 0.20058 0.0918571 0.00108985
0 0.981477 0.0989614 0.0369654 0.197923 0.0010688
0 0.101911 0.0749807 0.203822 0.149961 0.001051
0 0.934195 0.970389 0.131609 0.0592226 0.00101064
