0 0.409407 0.478856 0.17735 0.161746 0.899871
0 0.674773 0.0434814 0.093438 0.0647618 0.270767
0 0.673824 0.0436956 0.130641 0.0807249 0.0511006
0 0.468447 0.899227 0.170583 0.172283 0.0247979
0 0.628478 0.0211503 0.342808 0.0421623 0.0163336
0 0.645061 0.025868 0.401648 0.0513564 0.0155171
0 0.819211 0.655906 0.112167 0.096131 0.015186
0 0.469303 0.899786 0.138351 0.145335 0.0139283
0 0.810754 0.636534 0.129222 0.136096 0.0104382
0 0.633327 0.0380621 0.448201 0.0748164 0.0103061
0 0.974595 0.643068 0.05081 0.303881 0.00769797
0 0.647757 0.0405486 0.304775 0.0800113 0.00619819
0 0.97954 0.642618 0.0408995 0.261095 0.00547216
0 0.973884 0.148087 0.0522313 0.141435 0.00526881
0 0.622563 0.88492 0.141947 0.158326 0.0050009
0 0.580263 0.0397058 0.319 0.0794116 0.00493899
0 0.637576 0.0445533 0.205593 0.0878243 0.00447314
0 0.813631 0.658039 0.148573 0.128414 0.0032567
0 0.468721 0.898473 0.0991081 0.111254 0.0031422
0 0.900852 0.159749 0.198295 0.319498 0.00266815
0 0.958256 0.733157 0.0834889 0.377407 0.002665
0 0.728317 0.11631 0.211021 0.229596 0.00244043
0 0.956691 0.868597 0.0866171 0.262807 0.00241245
0 0.968883 0.141575 0.0618656 0.185406 0.00236332
0 0.965639 0.645623 0.0685666 0.354053 0.00213588
0 0.946561 0.176222 0.106878 0.351765 0.00205213
0 0.269626 0.420826 0.5327 0.535028 0.00170797
0 0.0106644 0.566075 0.0213006 0.204282 0.00164819
0 0.960482 0.789234 0.0790363 0.395739 0.00160286
0 0.951793 0.649416 0.0964135 0.432444 0.00155968
0 0.0130797 0.566541 0.0261594 0.268803 0.00146278
0 0.944958 0.1205 0.109606 0.239634 0.00141277
0 0.964712 0.745718 0.0705761 0.309503 0.00136966
0 0.955034 0.923779 0.0899324 0.152443 0.00123015
0 0.116585 0.982313 0.229703 0.0353391 0.00119417
0 0.857282 0.0252482 0.285437 0.0504543 0.00116503
0 0.62187 0.880065 0.103809 0.13587 0.00109419
0 0.970155 0.167751 0.0594914 0.27647 0.00105088
0 0.798782 0.0686599 0.402435 0.13732 0.00100364
