0 0.526085 0.497081 0.249085 0.28942 0.269574
0 0.575713 0.493861 0.348115 0.295397 0.122717
0 0.574024 0.490444 0.427601 0.371353 0.10852
0 0.517536 0.534535 0.222418 0.211963 0.0847844
0 0.0524207 0.599837 0.104679 0.370694 0.0628267
0 0.0430743 0.594646 0.0861304 0.311096 0.0402334
0 0.0625918 0.610398 0.125184 0.450011 0.0347822
0 0.672025 0.483789 0.233455 0.232805 0.0256907
0 0.0362792 0.581286 0.072481 0.254859 0.0189708
0 0.575232 0.478832 0.489254 0.468372 0.0102353
0 0.68914 0.437728 0.589883 0.436681 0.00895139
0 0.0696695 0.623714 0.139164 0.591873 0.00750228
0 0.0343798 0.619702 0.0687596 0.389137 0.00728984
0 0.171304 0.983999 0.337671 0.0317719 0.00482572
0 0.681669 0.355744 0.636663 0.675742 0.00385893
0 0.180675 0.97829 0.361349 0.0433471 0.0036873
0 0.947296 0.0971242 0.105408 0.193142 0.00317867
0 0.984726 0.0477487 0.030548 0.0954974 0.00299048
0 0.193026 0.982603 0.250025 0.0347244 0.00296046
0 0.0405796 0.529041 0.0810241 0.377317 0.00285678
0 0.986456 0.0641841 0.027046 0.128368 0.00282457
0 0.0319963 0.553189 0.0639925 0.344007 0.00265668
0 0.183027 0.968584 0.366053 0.062469 0.00235378
0 0.160947 0.98868 0.202313 0.0226401 0.00230621
0 0.168245 0.992181 0.153734 0.0156375 0.002299
0 0.0277827 0.563816 0.0555584 0.230637 0.00208134
0 0.0259598 0.601171 0.0519196 0.325774 0.00182753
0 0.0498692 0.530685 0.0997384 0.480026 0.00177316
0 0.989846 0.0559235 0.0202986 0.111847 0.00172774
0 0.196793 0.970936 0.271305 0.0579139 0.00171324
0 0.963496 0.0957947 0.0730079 0.191589 0.00168646
0 0.924084 0.0958453 0.150842 0.189027 0.00165274
0 0.922702 0.694887 0.154596 0.277397 0.00162825
0 0.983303 0.0721464 0.0333679 0.144293 0.00159349
0 0.979082 0.0189317 0.0418363 0.0378633 0.00156436
0 0.087248 0.637539 0.174467 0.724921 0.00146668
0 0.157347 0.971837 0.314694 0.0562124 0.0014212
0 0.97779 0.0913488 0.0443782 0.182698 0.00141722
0 0.0185115 0.172922 0.037023 0.325441 0.0013266
0 0.932436 0.960752 0.13281 0.078496 0.00129963
0 0.941336 0.0327719 0.115853 0.0655438 0.00126904
0 0.0878818 0.97201 0.17258 0.0559795 0.00119531
0 0.988824 0.0452129 0.022272 0.0904257 0.00117495
0 0.910252 0.949412 0.179203 0.101175 0.00116936
0 0.0144228 0.132864 0.0288423 0.251715 0.00116751
0 0.975518 0.037989 0.0489642 0.0759779 0.00115614
0 0.0398042 0.546477 0.0796084 0.283034 0.00109606
0 0.98352 0.716828 0.0329598 0.298661 0.00109466
0 0.0292806 0.174858 0.0585611 0.349716 0.00109365
0 0.0214606 0.151267 0.0429212 0.302533 0.00103669
0 0.0427482 0.648475 0.0853166 0.483657 0.00102433
0 0.0216627 0.541104 0.0433253 0.31482 0.0010168
0 0.0305151 0.572566 0.0610302 0.264245 0.00100529
0 0.20794 0.979733 0.175536 0.040534 0.00100203
