0 0.970121 0.432716 0.0595305 0.0938297 0.696165
0 0.504841 0.500621 0.10765 0.0961097 0.553326
0 0.337055 0.376327 0.67411 0.752654 0.0947092
0 0.507031 0.504165 0.140848 0.128173 0.0634383
0 0.962831 0.432692 0.0741591 0.128303 0.0301886
0 0.966945 0.402822 0.0661095 0.252918 0.017375
0 0.96745 0.492299 0.0651003 0.435829 0.0143347
0 0.96326 0.449476 0.0734796 0.224851 0.0107943
0 0.964543 0.428803 0.0707896 0.185979 0.0101387
0 0.959113 0.463439 0.0817733 0.261535 0.00672003
0 0.307499 0.454459 0.614999 0.618132 0.00576185
0 0.279608 0.345079 0.559217 0.690157 0.00559889
0 0.365722 0.637282 0.731444 0.725435 0.00558181
0 0.961372 0.482554 0.077255 0.335693 0.00460734
0 0.980015 0.526002 0.0399694 0.41719 0.00418321
0 0.0357432 0.39596 0.0714864 0.294452 0.00361051
0 0.246343 0.30003 0.492686 0.599555 0.00337556
0 0.9202 0.271149 0.159561 0.435993 0.00324267
0 0.040535 0.378332 0.08107 0.382335 0.00269227
0 0.0143877 0.842746 0.0287754 0.284726 0.00268008
0 0.0738071 0.331107 0.147614 0.612347 0.00264391
0 0.0234393 0.801668 0.0468559 0.396664 0.00262067
0 0.0234082 0.404174 0.0468164 0.265256 0.0025571
0 0.12794 0.565143 0.25588 0.267222 0.00216486
0 0.0275633 0.379436 0.0551266 0.368254 0.00216037
0 0.958088 0.515403 0.0837498 0.495998 0.00206506
0 0.0242716 0.84295 0.0484847 0.3141 0.00206466
0 0.112385 0.358535 0.22477 0.248565 0.00195489
0 0.510949 0.508665 0.164269 0.158189 0.00195261
0 0.114517 0.315278 0.228865 0.626556 0.00182522
0 0.0170361 0.857962 0.0340721 0.284077 0.00163774
0 0.186926 0.270127 0.373852 0.537069 0.00163207
0 0.943471 0.606735 0.112903 0.614914 0.00162673
0 0.0341634 0.811043 0.0683268 0.377915 0.00158806
0 0.398454 0.497252 0.376446 0.323786 0.00152975
0 0.0109309 0.842422 0.0217667 0.213044 0.00143959
0 0.965599 0.329649 0.0687767 0.311998 0.0014161
0 0.0639385 0.351528 0.127877 0.47434 0.00135538
0 0.725984 0.976988 0.420112 0.0460237 0.00134026
0 0.892537 0.270279 0.2149 0.487608 0.00127918
0 0.0493174 0.429842 0.0986348 0.34227 0.00126501
0 0.977857 0.362126 0.0440471 0.385878 0.00121589
0 0.0331223 0.446067 0.0662446 0.359806 0.00120059
0 0.962715 0.389193 0.0745699 0.372086 0.00119876
0 0.350236 0.978042 0.404585 0.0439166 0.00119481
0 0.26822 0.540541 0.277063 0.249041 0.00114979
0 0.148223 0.3475 0.296447 0.695 0.00110394
0 0.0246033 0.168761 0.0492066 0.337522 0.00105553
0 0.961932 0.0671396 0.0761362 0.133605 0.00104979
0 0.015932 0.153056 0.0318641 0.306112 0.00100906
