0 0.659205 0.253301 0.68159 0.506409 0.822369
0 0.683221 0.188539 0.633558 0.37698 0.186601
0 0.759544 0.0566038 0.326046 0.113208 0.00639171
0 0.138434 0.519408 0.226857 0.214399 0.00557846
0 0.762407 0.0264024 0.324453 0.0528048 0.00486077
0 0.770755 0.0356864 0.3605 0.0712515 0.00416451
0 0.0392142 0.524306 0.0782779 0.301684 0.00190643
0 0.022805 0.550086 0.04561 0.238036 0.00163375
0 0.0300606 0.528332 0.0600161 0.265844 0.00153511
0 0.927037 0.266661 0.145655 0.533322 0.00153186
0 0.0165868 0.54563 0.0331375 0.218711 0.00153077
0 0.44551 0.054667 0.173299 0.109156 0.00145308
0 0.866373 0.0672165 0.266998 0.134433 0.00140422
0 0.894614 0.125211 0.210772 0.250421 0.00135753
0 0.900686 0.0785023 0.198587 0.157005 0.00131943
0 0.0358591 0.0264272 0.0716326 0.0527678 0.00129404
0 0.910746 0.197675 0.178508 0.39378 0.00123
0 0.91174 0.0543333 0.17652 0.108134 0.00117926
0 0.751363 0.0355143 0.232619 0.0710267 0.00109886
0 0.0494208 0.510467 0.0988415 0.35922 0.00101606
