0 0.473317 0.286495 0.223938 0.222955 0.906481
0 0.877094 0.791428 0.245722 0.413364 0.631637
0 0.981476 0.132075 0.0370488 0.26415 0.0442206
0 0.983343 0.0785574 0.0332717 0.157115 0.0294148
0 0.97533 0.148362 0.04934 0.295824 0.0276878
0 0.977875 0.107005 0.0442497 0.214009 0.0248671
0 0.275029 0.655413 0.222182 0.174781 0.0208092
0 0.972794 0.174418 0.0544125 0.348835 0.0121113
0 0.982662 0.0896327 0.0346153 0.179265 0.00561987
0 0.957074 0.147879 0.0858511 0.295759 0.0052631
0 0.976173 0.0615845 0.0475677 0.123169 0.00524822
0 0.988706 0.0657079 0.0225781 0.131416 0.00498569
0 0.154363 0.865835 0.121904 0.125111 0.00419698
0 0.964731 0.114004 0.0705381 0.228007 0.00410571
0 0.0344765 0.261626 0.0688235 0.243522 0.00374029
0 0.990171 0.0717851 0.0195987 0.14357 0.00360918
0 0.985797 0.0524261 0.0284058 0.104852 0.00343167
0 0.983275 0.172573 0.033427 0.307327 0.00315925
0 0.987006 0.132582 0.0259873 0.237362 0.00281297
0 0.991035 0.0524195 0.0179309 0.104839 0.00275897
0 0.990811 0.0456 0.0181915 0.0912 0.00270847
0 0.98424 0.419498 0.0314777 0.307195 0.00258811
0 0.988474 0.142985 0.0230432 0.179553 0.00211819
0 0.947202 0.198674 0.105472 0.393323 0.00209715
0 0.976951 0.219522 0.0460718 0.344554 0.00209689
0 0.985604 0.109957 0.0287911 0.219913 0.00207762
0 0.958388 0.1891 0.0831732 0.378201 0.001963
0 0.991665 0.141394 0.01667 0.144536 0.0016364
0 0.965754 0.0803456 0.0682807 0.160691 0.00161964
0 0.986977 0.182975 0.0260463 0.252772 0.00161509
0 0.977545 0.0439309 0.0449109 0.0878618 0.00158529
0 0.0263889 0.244233 0.0527778 0.255765 0.00149221
0 0.976744 0.416664 0.0465114 0.358025 0.00141072
0 0.982808 0.485076 0.0343834 0.244326 0.00137703
0 0.941994 0.124254 0.115344 0.248508 0.00132894
0 0.992896 0.0693429 0.0142074 0.138686 0.00130954
0 0.0139682 0.693714 0.0279365 0.272441 0.00127681
0 0.981429 0.253767 0.0370452 0.322033 0.00121259
0 0.988748 0.491144 0.0224743 0.194653 0.00118879
0 0.990086 0.122063 0.0198275 0.163983 0.00109888
0 0.983574 0.813191 0.0328528 0.322033 0.00100785
