0 0.480872 0.379803 0.212552 0.226983 0.931467
0 0.959336 0.60875 0.0812707 0.252783 0.0109958
0 0.0353893 0.0691237 0.0706901 0.138247 0.00327026
0 0.900265 0.883352 0.199384 0.233297 0.00314347
0 0.0521578 0.056977 0.104316 0.113954 0.00311651
0 0.108391 0.206836 0.216782 0.234863 0.00292184
0 0.0711134 0.827199 0.142227 0.256895 0.00230037
0 0.865396 0.879847 0.267871 0.240306 0.00217664
0 0.0730433 0.0657883 0.14607 0.131366 0.00199893
0 0.0195303 0.0633941 0.0390606 0.126788 0.00188366
0 0.055813 0.808977 0.111626 0.318309 0.00161328
0 0.980523 0.902468 0.0389538 0.194549 0.00148742
0 0.478959 0.374806 0.290825 0.280354 0.00133625
0 0.0328547 0.110779 0.0656231 0.221557 0.00128349
0 0.915815 0.450283 0.168369 0.198272 0.00127898
0 0.108144 0.0198323 0.216288 0.0396395 0.00123136
0 0.00680086 0.0635451 0.0135307 0.12709 0.00123065
0 0.973072 0.942364 0.0537649 0.115273 0.00119504
0 0.92854 0.260602 0.140352 0.201486 0.00118456
0 0.980144 0.937915 0.0397111 0.124149 0.00118446
0 0.0848962 0.023772 0.168327 0.0474005 0.00115137
0 0.0461828 0.0991255 0.0922883 0.198251 0.00113399
0 0.0139487 0.271113 0.0278975 0.2265 0.0011045
0 0.661682 0.369808 0.192367 0.25038 0.00104027
