0 0.464012 0.411982 0.159646 0.157602 0.895159
0 0.907021 0.0326509 0.184778 0.0653019 0.619064
0 0.877982 0.0415506 0.244035 0.0826606 0.174802
0 0.457452 0.348981 0.203684 0.296795 0.0322642
0 0.450727 0.278589 0.230672 0.182732 0.0175035
0 0.710439 0.99246 0.154602 0.0150791 0.00843053
0 0.700352 0.988732 0.201231 0.0225354 0.00732613
0 0.462428 0.341643 0.287232 0.349725 0.00470116
0 0.821592 0.0372989 0.356816 0.0745514 0.00318862
0 0.486625 0.269339 0.146043 0.157167 0.00301175
0 0.0123799 0.920437 0.0247599 0.159126 0.00299362
0 0.0164804 0.920719 0.0329608 0.158562 0.00268173
0 0.674529 0.976108 0.387628 0.0477836 0.0019535
0 0.350927 0.295762 0.701854 0.591523 0.00181952
0 0.900549 0.981412 0.198902 0.0370994 0.00176931
0 0.988802 0.608649 0.0223966 0.111347 0.00176144
0 0.0241692 0.906945 0.0483384 0.186109 0.00175815
0 0.920997 0.0245577 0.158006 0.0491155 0.00173556
0 0.82572 0.0530083 0.348559 0.106017 0.00165078
0 0.737333 0.992417 0.14757 0.0151193 0.00158886
0 0.696605 0.983902 0.334393 0.0320885 0.00149463
0 0.0300693 0.890856 0.0601129 0.218289 0.00138036
0 0.984161 0.848932 0.0316589 0.205418 0.0013061
0 0.898501 0.970197 0.201895 0.0595992 0.00128439
0 0.992912 0.609467 0.0141755 0.103515 0.00121888
0 0.989032 0.621578 0.0219356 0.1569 0.00120846
0 0.693297 0.960954 0.314093 0.0777738 0.00108843
