0 0.439063 0.306121 0.261609 0.234524 0.927592
0 0.662018 0.952825 0.311909 0.0942886 0.0493078
0 0.663293 0.958724 0.232837 0.0825515 0.0263406
0 0.689534 0.960913 0.382321 0.0777988 0.0239912
0 0.659135 0.965751 0.175275 0.0684986 0.00934102
0 0.817006 0.0137043 0.173241 0.0274086 0.00420584
0 0.819947 0.0160557 0.229601 0.0321043 0.00417167
0 0.63713 0.962004 0.268407 0.0759927 0.00308961
0 0.722248 0.97481 0.406162 0.0501945 0.00275106
0 0.822712 0.0232625 0.309755 0.0465251 0.00250127
0 0.816493 0.00944834 0.140813 0.0188967 0.00236653
0 0.0213481 0.615232 0.0425088 0.193015 0.00195975
0 0.0104411 0.161041 0.0208823 0.205287 0.00185434
0 0.0146988 0.614162 0.0293975 0.168038 0.00178204
0 0.607903 0.945744 0.379868 0.108511 0.00166196
0 0.799392 0.0157195 0.345929 0.0314357 0.00159496
0 0.0232377 0.590978 0.0464625 0.377728 0.0015438
0 0.741678 0.966852 0.435295 0.0658286 0.00151858
0 0.0155767 0.597079 0.0311534 0.273762 0.00151715
0 0.817067 0.0322165 0.365866 0.064433 0.00150958
0 0.935198 0.036265 0.129538 0.072491 0.00136481
0 0.967746 0.0247687 0.0645087 0.049444 0.00130128
0 0.75635 0.983473 0.392578 0.0328405 0.00128263
0 0.968411 0.0372212 0.063136 0.0744298 0.0012584
0 0.0269065 0.955266 0.0538009 0.0894681 0.00119055
0 0.416238 0.989025 0.206172 0.0219029 0.001067
0 0.0213777 0.638696 0.0426222 0.129071 0.00106139
0 0.978505 0.0681505 0.0429336 0.136301 0.00102259
