0 0.938669 0.743454 0.122459 0.211013 0.086722
0 0.833526 0.206552 0.330018 0.412382 0.0453285
0 0.775992 0.763123 0.122405 0.149796 0.0107353
0 0.937405 0.195272 0.12519 0.389287 0.0106514
0 0.911095 0.742287 0.17781 0.21771 0.00807924
0 0.88235 0.751476 0.235299 0.225231 0.00674041
0 0.948609 0.48222 0.102781 0.226873 0.00360338
0 0.483417 0.0618571 0.12957 0.122968 0.00313129
0 0.852976 0.958359 0.115661 0.0832821 0.00236636
0 0.777843 0.762655 0.175747 0.19883 0.00225194
0 0.894856 0.955676 0.208777 0.0886477 0.0021804
0 0.454719 0.502076 0.289639 0.240493 0.00216674
0 0.855312 0.707517 0.288871 0.294603 0.00189299
0 0.896208 0.717054 0.207583 0.27314 0.00186061
0 0.97897 0.0990841 0.0419905 0.198168 0.00130373
0 0.844096 0.766003 0.311808 0.294797 0.00113059
