0 0.499587 0.391606 0.161098 0.151401 0.903795
0 0.499682 0.389889 0.192924 0.183369 0.586928
0 0.0582717 0.438324 0.116543 0.159916 0.00792949
0 0.0383077 0.787641 0.0766153 0.424719 0.00241534
0 0.069996 0.978902 0.137989 0.0421305 0.00219602
0 0.021352 0.726858 0.042704 0.322986 0.00201638
0 0.0540354 0.777991 0.108071 0.444018 0.00166704
0 0.0969448 0.974805 0.19389 0.0503765 0.00127719
0 0.0766314 0.787025 0.153263 0.42595 0.00120313
0 0.273651 0.00776616 0.129666 0.0154932 0.00107893
0 0.125878 0.970183 0.251755 0.0596346 0.00106411
0 0.029017 0.705576 0.058034 0.30423 0.00102036
