0 0.858532 0.0816159 0.13199 0.107595 0.500414
0 0.954117 0.703435 0.0917227 0.161194 0.373399
0 0.961152 0.71686 0.0776967 0.208404 0.256154
0 0.962576 0.737398 0.0748475 0.302573 0.174571
0 0.324118 0.225476 0.115877 0.137997 0.135059
0 0.59222 0.427701 0.0935568 0.127655 0.13305
0 0.138863 0.404148 0.27246 0.27929 0.121719
0 0.0276876 0.051807 0.0551853 0.103128 0.0946742
0 0.0378915 0.322608 0.075783 0.276111 0.0928934
0 0.856908 0.0828719 0.145172 0.146465 0.0860302
0 0.0274506 0.0731576 0.0548263 0.146315 0.058132
0 0.0469789 0.68146 0.0939578 0.199502 0.0507931
0 0.0405363 0.0543176 0.0810726 0.108635 0.0480973
0 0.0445732 0.327367 0.0891464 0.341638 0.0389085
0 0.395658 0.38579 0.132667 0.124529 0.0360267
0 0.0556013 0.676852 0.111187 0.353844 0.0239632
0 0.0364752 0.0808661 0.0729505 0.161732 0.0218063
0 0.162132 0.989031 0.204635 0.0219373 0.0187072
0 0.047565 0.626086 0.0951301 0.387856 0.0182973
0 0.159901 0.396572 0.318471 0.386925 0.0154833
0 0.959727 0.73982 0.0804063 0.429303 0.0154798
0 0.0756592 0.345046 0.151318 0.48747 0.0143106
0 0.166706 0.983753 0.231369 0.0324938 0.014141
0 0.947331 0.678973 0.102426 0.132965 0.0129018
0 0.0357105 0.035193 0.071421 0.070386 0.0120254
0 0.104163 0.366145 0.207747 0.403638 0.0118921
0 0.87332 0.0743951 0.211242 0.142962 0.0112646
0 0.164568 0.978275 0.267437 0.0434493 0.00836165
0 0.886927 0.0507767 0.226145 0.101553 0.00763739
0 0.0236374 0.0437245 0.0472154 0.087449 0.00744177
0 0.161963 0.991667 0.147024 0.0166566 0.0054514
0 0.444904 0.27409 0.155136 0.147071 0.00521342
0 0.0757975 0.693906 0.150093 0.315109 0.00489764
0 0.0292121 0.338549 0.0584071 0.267645 0.00470907
0 0.947912 0.748038 0.104162 0.348771 0.00457584
0 0.139361 0.334331 0.278722 0.555189 0.00446272
0 0.157582 0.9789 0.315163 0.0422007 0.0044357
0 0.16923 0.969593 0.33846 0.0608149 0.00442804
0 0.784328 0.0833005 0.302768 0.166601 0.00422221
0 0.826455 0.160503 0.332259 0.310017 0.00421818
0 0.0222128 0.0301647 0.0444256 0.0602698 0.00413922
0 0.445222 0.267398 0.13611 0.11721 0.00398239
0 0.0673898 0.663425 0.13478 0.419038 0.00346345
0 0.0486217 0.0957728 0.0972435 0.191546 0.00328974
0 0.149548 0.141159 0.155121 0.167951 0.00319882
0 0.700417 0.0497153 0.125332 0.0994307 0.00303073
0 0.0204403 0.0308776 0.0408807 0.0617552 0.00296146
0 0.842424 0.0901771 0.181989 0.174839 0.00273562
0 0.97372 0.618018 0.0525606 0.385615 0.00266905
0 0.812469 0.06467 0.262268 0.128742 0.00264469
0 0.145296 0.0321471 0.268394 0.0642942 0.00264291
0 0.156797 0.0370758 0.313593 0.0741515 0.00251384
0 0.044443 0.693225 0.0888861 0.275117 0.00250907
0 0.329513 0.225261 0.148396 0.165591 0.00232976
0 0.145877 0.479749 0.291754 0.723309 0.00223514
0 0.958556 0.611308 0.0828885 0.45314 0.00219931
0 0.0857113 0.102035 0.170793 0.20407 0.00215206
0 0.718208 0.0863849 0.17486 0.172408 0.00210486
0 0.766069 0.110068 0.150424 0.127396 0.00188955
0 0.0566242 0.364806 0.11303 0.403331 0.00188671
0 0.946263 0.688986 0.107474 0.183993 0.00186128
0 0.775623 0.0509845 0.277278 0.101969 0.00185317
0 0.0924157 0.57058 0.184753 0.604689 0.00179693
0 0.163205 0.367113 0.230941 0.177038 0.00169578
0 0.028822 0.696368 0.057644 0.302065 0.0016243
0 0.975108 0.69751 0.0496626 0.149695 0.00159671
0 0.594163 0.426046 0.139294 0.159402 0.00155894
0 0.0273084 0.108671 0.0546168 0.217341 0.00152498
0 0.791687 0.109411 0.406389 0.218822 0.00152136
0 0.0239835 0.0725117 0.0479671 0.145023 0.00140913
0 0.404798 0.0932819 0.316401 0.186564 0.00140154
0 0.945287 0.663967 0.109367 0.429379 0.00136617
0 0.0292671 0.577668 0.0585343 0.384626 0.00136553
0 0.617942 0.0206293 0.268806 0.0412586 0.00135927
0 0.0178674 0.716499 0.0357348 0.332868 0.00134777
0 0.62964 0.0115455 0.211328 0.0230911 0.00129339
0 0.035062 0.030579 0.070124 0.0608972 0.00126648
0 0.438536 0.276114 0.189209 0.178427 0.00125094
0 0.0375913 0.302063 0.075125 0.178206 0.00117527
0 0.102025 0.698145 0.204051 0.392169 0.00113712
0 0.122531 0.561039 0.245061 0.68858 0.00108406
0 0.169391 0.993377 0.179305 0.0132341 0.00106606
0 0.642541 0.00876019 0.165193 0.0175062 0.00104192
0 0.766976 0.120022 0.192925 0.1506 0.00100069
