0 0.50045 0.492554 0.214098 0.241938 0.844397
0 0.360485 0.0178495 0.252687 0.035699 0.0304942
0 0.360418 0.0232238 0.294771 0.0464477 0.0137718
0 0.501518 0.497979 0.278922 0.285525 0.0134859
0 0.317983 0.0332094 0.373003 0.0661457 0.0116331
0 0.321879 0.0799498 0.343477 0.1599 0.0111272
0 0.37418 0.0306085 0.220887 0.0612171 0.00966549
0 0.354022 0.0676097 0.249232 0.13504 0.00897063
0 0.227227 0.628848 0.118371 0.0939529 0.00669976
0 0.371185 0.0530385 0.229838 0.106077 0.00602674
0 0.313453 0.015743 0.360002 0.0314682 0.00575878
0 0.357428 0.0406401 0.270216 0.0812801 0.00558459
0 0.341273 0.0123159 0.211933 0.0246072 0.00384027
0 0.231181 0.0859796 0.21485 0.171959 0.0028066
0 0.29117 0.0234854 0.41956 0.0465798 0.00223397
0 0.31836 0.0619364 0.46511 0.123873 0.00198114
0 0.0849222 0.0363264 0.169844 0.0724846 0.00173282
0 0.231421 0.0113514 0.217389 0.022571 0.00158806
0 0.236031 0.635936 0.150244 0.124003 0.00156764
0 0.247318 0.0158336 0.246102 0.0316672 0.00155897
0 0.0892009 0.074376 0.17817 0.148697 0.00152675
0 0.764052 0.328588 0.160758 0.110669 0.0014129
0 0.760285 0.338582 0.171144 0.149161 0.00137675
0 0.102974 0.0507552 0.205948 0.101169 0.00131082
0 0.217931 0.62976 0.0921856 0.0832796 0.00130605
0 0.238168 0.0229736 0.256809 0.0459472 0.00124754
0 0.302961 0.119397 0.330999 0.238794 0.00123548
0 0.343805 0.00925424 0.178364 0.0185085 0.00119087
0 0.255237 0.0353746 0.361915 0.0707493 0.00117168
0 0.334527 0.0135576 0.158059 0.0271153 0.00113492
0 0.266314 0.0447161 0.26894 0.0894322 0.00112782
0 0.0732121 0.898671 0.146424 0.202658 0.00107113
