0 0.482087 0.541864 0.335111 0.305971 0.0463514
0 0.06771 0.799289 0.13542 0.401423 0.0162196
0 0.53148 0.705803 0.235679 0.214606 0.0137894
0 0.0471872 0.829631 0.0943041 0.340738 0.0130493
0 0.547152 0.720518 0.301486 0.265332 0.0118103
0 0.497963 0.550628 0.382315 0.414726 0.00904835
0 0.523907 0.829666 0.189914 0.177946 0.00876473
0 0.433596 0.666296 0.582219 0.667408 0.00841876
0 0.532395 0.863676 0.272291 0.272647 0.00580112
0 0.0879174 0.775601 0.175637 0.448798 0.00398724
0 0.0277039 0.842227 0.0554079 0.315547 0.00338965
0 0.522154 0.801512 0.172251 0.118995 0.00318764
0 0.488144 0.491282 0.306067 0.199819 0.0025431
0 0.473732 0.613531 0.462141 0.533666 0.00247656
0 0.0811174 0.165485 0.162235 0.33097 0.00235822
0 0.118152 0.173823 0.236291 0.347645 0.00206518
0 0.533014 0.785526 0.197514 0.116117 0.00204747
0 0.117606 0.726281 0.235213 0.547438 0.00198732
0 0.0169942 0.868775 0.0339885 0.26245 0.0018249
0 0.425868 0.859279 0.359795 0.281443 0.00171748
0 0.566211 0.692163 0.246679 0.19846 0.00148662
0 0.501603 0.753162 0.451997 0.493677 0.00145026
0 0.416749 0.543628 0.496789 0.476627 0.00131972
0 0.0357808 0.124403 0.0715263 0.248806 0.00131931
0 0.463981 0.808545 0.488132 0.382909 0.00118893
0 0.0324702 0.0884394 0.0646834 0.176879 0.00117753
0 0.12484 0.475774 0.249681 0.351532 0.00111812
0 0.0354003 0.815152 0.0706968 0.311691 0.00110062
0 0.0247363 0.719979 0.0494725 0.450567 0.00108078
0 0.383462 0.084996 0.107849 0.0933608 0.0010602
0 0.0776427 0.438443 0.154677 0.218604 0.00105255
0 0.0500987 0.156819 0.0999584 0.313638 0.00105142
0 0.0878363 0.490658 0.175673 0.239863 0.00102483
