0 0.487602 0.503451 0.219561 0.180967 0.19027
0 0.49689 0.565323 0.237804 0.302615 0.055866
0 0.485226 0.503755 0.244737 0.232909 0.0286654
0 0.570651 0.975971 0.359962 0.0480583 0.00750477
0 0.571767 0.98299 0.312852 0.0340191 0.00670757
0 0.670847 0.702255 0.658305 0.595491 0.00608648
0 0.596266 0.967535 0.36706 0.0649296 0.00464586
0 0.119726 0.967752 0.237526 0.0641792 0.00349815
0 0.51023 0.593711 0.294622 0.357395 0.00262155
0 0.0987225 0.975932 0.193314 0.0480638 0.00236035
0 0.154714 0.973229 0.309427 0.0533807 0.00209457
0 0.135384 0.978814 0.270768 0.0422151 0.00198291
0 0.974454 0.864694 0.0510023 0.270612 0.00186475
0 0.543766 0.989055 0.212308 0.0218614 0.00180545
0 0.492128 0.365683 0.147019 0.150494 0.00176207
0 0.627539 0.982507 0.351442 0.0348709 0.00162761
0 0.983645 0.385268 0.0327106 0.249114 0.00149846
0 0.555849 0.0346024 0.270079 0.0691685 0.00140271
0 0.900814 0.581658 0.198372 0.36664 0.00134279
0 0.588309 0.0276449 0.388473 0.0552898 0.0012876
0 0.978938 0.895756 0.0420973 0.208488 0.00128168
0 0.813799 0.976505 0.372402 0.0469896 0.00122598
0 0.515213 0.0445017 0.326801 0.0887662 0.00121058
0 0.976384 0.394508 0.0472325 0.312928 0.00117402
0 0.193515 0.0260743 0.332261 0.052089 0.00113335
0 0.891081 0.304029 0.217837 0.23997 0.00110481
0 0.486745 0.517719 0.297769 0.308042 0.00108484
0 0.534008 0.966955 0.345386 0.0660893 0.00107402
0 0.5669 0.0410476 0.347528 0.0814885 0.00104866
0 0.709991 0.973091 0.42189 0.0536697 0.00104498
