0 0.640477 0.265764 0.331871 0.383439 0.927941
0 0.427728 0.963599 0.177053 0.0726542 0.138502
0 0.672831 0.667992 0.654339 0.643471 0.0408606
0 0.700154 0.981144 0.297297 0.0377125 0.0151142
0 0.390605 0.906018 0.24595 0.187964 0.0145898
0 0.694214 0.975509 0.347508 0.0489826 0.00872224
0 0.713974 0.714222 0.572052 0.571555 0.00775683
0 0.847402 0.0512231 0.252879 0.102446 0.00678595
0 0.925178 0.970074 0.145295 0.0594878 0.00379164
0 0.846227 0.0309437 0.265809 0.0618874 0.0034659
0 0.109042 0.915183 0.218083 0.169633 0.00341526
0 0.389549 0.0701251 0.213231 0.140219 0.00302176
0 0.687647 0.976852 0.246552 0.0462962 0.00283448
0 0.91792 0.955441 0.164161 0.089119 0.00169194
0 0.913426 0.149893 0.173147 0.208625 0.00154551
0 0.284447 0.373028 0.128604 0.11125 0.00105174
