0 0.466579 0.507064 0.170781 0.153882 0.12474
0 0.0159706 0.880669 0.031938 0.238663 0.00614541
0 0.222056 0.163301 0.441497 0.325964 0.0060247
0 0.023744 0.850719 0.047488 0.298562 0.0054343
0 0.356339 0.106127 0.168946 0.201429 0.00514958
0 0.0748587 0.0319017 0.149673 0.0636733 0.00493107
0 0.0246839 0.314048 0.0492847 0.202044 0.004172
0 0.0536897 0.360207 0.107367 0.42708 0.00384683
0 0.0265251 0.315855 0.0530502 0.271606 0.00364053
0 0.028604 0.362449 0.0572058 0.397416 0.0035111
0 0.027442 0.871187 0.054884 0.257626 0.0035068
0 0.0630761 0.0396803 0.126145 0.0793484 0.00310309
0 0.73424 0.984217 0.323671 0.0315669 0.00301926
0 0.323118 0.108167 0.260261 0.212164 0.00289416
0 0.0177084 0.344327 0.0354168 0.326336 0.00267788
0 0.31178 0.0234041 0.318623 0.0464536 0.00263541
0 0.0822183 0.0444155 0.164437 0.088831 0.00257305
0 0.101899 0.43693 0.20357 0.721913 0.00248637
0 0.704021 0.978573 0.287311 0.0428547 0.00241793
0 0.101772 0.953342 0.202696 0.0932742 0.00236373
0 0.0873259 0.347976 0.174652 0.520122 0.00223024
0 0.0366705 0.850691 0.0733409 0.298617 0.00217889
0 0.0826619 0.0640259 0.165324 0.127612 0.00213314
0 0.135545 0.502467 0.27109 0.589151 0.0020261
0 0.710184 0.986614 0.156709 0.0267726 0.00194369
0 0.31278 0.0232166 0.485197 0.0462208 0.00172308
0 0.0372706 0.313434 0.0745412 0.346733 0.00164019
0 0.744685 0.989602 0.212919 0.0207753 0.00163728
0 0.982424 0.600907 0.0351517 0.308078 0.00161841
0 0.0304214 0.831111 0.0608427 0.337778 0.00158866
0 0.0583502 0.0277111 0.1167 0.0552695 0.00154019
0 0.130096 0.572433 0.260192 0.410365 0.00150247
0 0.0414635 0.866424 0.0829271 0.26591 0.00142364
0 0.320317 0.018571 0.198376 0.0368793 0.00141245
0 0.171085 0.430606 0.342171 0.779393 0.00141088
0 0.976489 0.591729 0.0470222 0.379057 0.00139605
0 0.756817 0.979177 0.417372 0.0415969 0.00139321
0 0.863031 0.200206 0.167923 0.195835 0.0013162
0 0.120635 0.335054 0.239243 0.297322 0.00127943
0 0.99301 0.622362 0.0139793 0.179557 0.00125937
0 0.106826 0.973361 0.213653 0.0530865 0.00125515
0 0.137866 0.981381 0.176117 0.0372207 0.00119493
0 0.135433 0.977216 0.134623 0.0455679 0.00118316
0 0.197259 0.519947 0.394518 0.613925 0.0011755
0 0.241378 0.121465 0.422033 0.242644 0.00116299
0 0.0396733 0.0251529 0.0793466 0.0503057 0.00116058
0 0.019502 0.301328 0.0390039 0.240956 0.00114487
0 0.9881 0.614735 0.0237993 0.19461 0.00112909
0 0.918223 0.0212166 0.163555 0.0423535 0.00111138
0 0.0222744 0.79305 0.0445489 0.4139 0.00108922
0 0.306774 0.0349675 0.380661 0.0699349 0.00108687
0 0.974709 0.64541 0.0504191 0.333066 0.00108535
0 0.11629 0.140815 0.232579 0.277435 0.00108521
0 0.881042 0.0201634 0.237915 0.0401482 0.0010083
