0 0.462985 0.216757 0.175547 0.153437 0.897123
0 0.416256 0.0783845 0.188726 0.156535 0.213248
0 0.467411 0.215752 0.212376 0.212957 0.0982136
0 0.0579557 0.0190866 0.114921 0.0381731 0.0672479
0 0.567241 0.050619 0.120211 0.101231 0.0470038
0 0.0603233 0.0273852 0.120647 0.0544668 0.0309267
0 0.916378 0.175237 0.167244 0.344375 0.0192932
0 0.504638 0.44466 0.128772 0.0806788 0.0142078
0 0.895361 0.0237792 0.167167 0.0475458 0.0116278
0 0.447262 0.355875 0.138699 0.136325 0.0115612
0 0.422543 0.106708 0.212804 0.213417 0.0112682
0 0.882232 0.0278472 0.20367 0.0556944 0.00862239
0 0.0814635 0.0381325 0.162927 0.0760621 0.00820835
0 0.933635 0.257663 0.132612 0.515326 0.00778223
0 0.433052 0.143598 0.224008 0.287195 0.00688202
0 0.711469 0.0434264 0.246941 0.0868529 0.00630106
0 0.0526372 0.991615 0.105274 0.0167429 0.0061178
0 0.950498 0.347187 0.0990031 0.162141 0.00611353
0 0.472022 0.304935 0.217062 0.329553 0.00527503
0 0.672969 0.050534 0.358397 0.101037 0.00509455
0 0.488769 0.0624253 0.296416 0.124645 0.0047748
0 0.0595003 0.988186 0.119001 0.0236284 0.00446898
0 0.931956 0.020921 0.0881312 0.041842 0.00446065
0 0.540439 0.0595045 0.273624 0.119009 0.00439873
0 0.284035 0.275615 0.568069 0.551229 0.0043704
0 0.0545013 0.984155 0.108578 0.03169 0.00368264
0 0.9826 0.876481 0.0347227 0.247039 0.00367376
0 0.242732 0.810766 0.217809 0.228783 0.00366593
0 0.237407 0.403805 0.229649 0.19319 0.0033781
0 0.407792 0.739677 0.156446 0.123321 0.00326762
0 0.245504 0.765209 0.185541 0.13962 0.00324865
0 0.955873 0.344791 0.0882286 0.236007 0.00321153
0 0.945223 0.369554 0.109554 0.230704 0.00309669
0 0.408611 0.765209 0.178578 0.186713 0.00304563
0 0.87718 0.0340736 0.24564 0.068031 0.00288479
0 0.0110614 0.487864 0.0219684 0.105924 0.00281644
0 0.975859 0.866533 0.0482829 0.266933 0.00281086
0 0.0804254 0.768953 0.158753 0.155521 0.00277302
0 0.623891 0.731972 0.218526 0.136656 0.00264696
0 0.292745 0.786818 0.0843718 0.0717874 0.00260947
0 0.948661 0.327593 0.102677 0.563932 0.00249279
0 0.557272 0.0567765 0.160843 0.113553 0.00229132
0 0.955844 0.325452 0.0883125 0.104849 0.00228918
0 0.391817 0.0795496 0.265955 0.159099 0.00227416
0 0.0773416 0.984539 0.153578 0.030831 0.00219336
0 0.012643 0.58527 0.0251463 0.12595 0.00208872
0 0.980022 0.902824 0.0398949 0.19328 0.00207802
0 0.567886 0.07528 0.451673 0.15056 0.00207063
0 0.0103279 0.478557 0.0206557 0.151197 0.00199628
0 0.0405624 0.77022 0.0811247 0.1472 0.0019257
0 0.487598 0.0749606 0.409763 0.149921 0.001849
0 0.920885 0.0207743 0.125283 0.0415096 0.00184702
0 0.0059541 0.485364 0.0119005 0.0961183 0.00181498
0 0.0617538 0.977236 0.12282 0.0455285 0.00181145
0 0.907938 0.521357 0.17153 0.173325 0.00175442
0 0.0655466 0.0190907 0.131093 0.0381565 0.00164979
0 0.953073 0.293749 0.0937001 0.343971 0.00164116
0 0.739035 0.0378089 0.183268 0.0756178 0.00152607
0 0.595876 0.877472 0.465044 0.245056 0.00151372
0 0.893134 0.238691 0.212426 0.475124 0.00149324
0 0.530031 0.524125 0.20892 0.226169 0.00148556
0 0.956007 0.952981 0.0879866 0.0940377 0.00147611
0 0.561473 0.0706501 0.134025 0.141239 0.00146209
0 0.973018 0.896032 0.0539649 0.205988 0.00143906
0 0.950576 0.194419 0.0988346 0.388839 0.0014317
0 0.978889 0.936014 0.0421848 0.12629 0.00142874
0 0.0788426 0.882282 0.153376 0.233711 0.00142586
0 0.919585 0.993607 0.16083 0.0127858 0.0014047
0 0.0786086 0.973396 0.157217 0.0530465 0.0014016
0 0.00860063 0.584364 0.0171661 0.122111 0.0013667
0 0.262866 0.849217 0.525731 0.301565 0.00135276
0 0.954672 0.870064 0.089956 0.259872 0.00127232
0 0.962374 0.401552 0.075062 0.319405 0.00126765
0 0.282326 0.181581 0.564653 0.363162 0.00126607
0 0.986682 0.942221 0.0264239 0.115429 0.00126068
0 0.935254 0.929291 0.124807 0.138793 0.00124997
0 0.502167 0.449215 0.141748 0.112638 0.00123507
0 0.943039 0.905441 0.112893 0.186195 0.00122798
0 0.863873 0.026226 0.132568 0.0524521 0.0012207
0 0.665135 0.0680283 0.395984 0.136001 0.00121111
0 0.935392 0.969856 0.128462 0.0602688 0.00119681
0 0.101321 0.979269 0.202642 0.0414176 0.00117976
0 0.942979 0.993119 0.105917 0.013741 0.0011794
0 0.0615591 0.961719 0.122334 0.0765628 0.00116455
0 0.0249241 0.777831 0.0498481 0.155301 0.00116372
0 0.0654179 0.483142 0.129862 0.113841 0.00116336
0 0.300299 0.380049 0.600599 0.634132 0.00115153
0 0.934804 0.954649 0.123396 0.0888897 0.00114325
0 0.413969 0.119562 0.28153 0.239125 0.00114058
0 0.635721 0.0844943 0.468755 0.168989 0.00105289
0 0.0112455 0.778454 0.0224909 0.187253 0.00101741
