0 0.401416 0.182694 0.276738 0.266957 0.717976
0 0.471367 0.415078 0.212869 0.208873 0.0309769
0 0.973409 0.0730915 0.0531824 0.144804 0.0176551
0 0.386992 0.176091 0.336879 0.329196 0.0114901
0 0.958879 0.0733812 0.0822412 0.146428 0.00791429
0 0.315301 0.789771 0.238561 0.273514 0.00766283
0 0.937999 0.0896918 0.124003 0.177003 0.00720886
0 0.954742 0.0948345 0.0905151 0.183145 0.00605475
0 0.909139 0.0771306 0.181336 0.154261 0.00440954
0 0.022215 0.55859 0.0443904 0.271018 0.00343865
0 0.952602 0.114833 0.0947951 0.229665 0.0028617
0 0.53157 0.0264218 0.393545 0.0528312 0.00265248
0 0.0256649 0.605813 0.0513297 0.391854 0.00260308
0 0.0165529 0.562391 0.0330884 0.232138 0.0025667
0 0.438815 0.914999 0.257772 0.169439 0.0023983
0 0.348214 0.499763 0.207 0.209885 0.00222084
0 0.462486 0.65628 0.241212 0.254763 0.00208037
0 0.0181974 0.602709 0.0363948 0.333489 0.0020293
0 0.0298406 0.554706 0.0594244 0.360267 0.00195084
0 0.968913 0.119652 0.0620106 0.239305 0.00183706
0 0.272438 0.0728939 0.377526 0.145788 0.0016354
0 0.0152307 0.542302 0.0304613 0.334695 0.00154024
0 0.452506 0.0339359 0.466783 0.0678718 0.0014099
0 0.934021 0.169566 0.131958 0.339131 0.00139736
0 0.969899 0.192718 0.0602027 0.385436 0.00134334
0 0.846607 0.0703922 0.305084 0.140784 0.00132018
0 0.023062 0.526877 0.0461239 0.416526 0.00113471
0 0.982682 0.207004 0.0346363 0.382919 0.00110732
0 0.290788 0.0503989 0.329428 0.10064 0.00104605
0 0.910678 0.0995657 0.178645 0.199131 0.00100842
