0 0.467636 0.194549 0.293121 0.279952 0.953211
0 0.463992 0.195606 0.37497 0.367533 0.872784
0 0.988855 0.476093 0.0222909 0.181913 0.00500796
0 0.99289 0.465262 0.0142192 0.146237 0.0031889
0 0.968849 0.938062 0.0623024 0.123876 0.00260491
0 0.343325 0.401749 0.68665 0.803497 0.00249817
0 0.0525924 0.963905 0.105126 0.0721903 0.00249001
0 0.949683 0.914313 0.100635 0.171261 0.00229021
0 0.981384 0.932675 0.0371976 0.133752 0.00177361
0 0.065997 0.954856 0.131905 0.0902877 0.00175689
0 0.983676 0.541413 0.032575 0.302672 0.00163336
0 0.0230917 0.961579 0.0461833 0.0767211 0.00161797
0 0.0899586 0.962101 0.179651 0.0757976 0.00158705
0 0.952905 0.938398 0.0941408 0.122889 0.00141567
0 0.0454611 0.975968 0.0905363 0.048064 0.00140309
0 0.0705892 0.968261 0.140618 0.063264 0.00133937
0 0.975609 0.925076 0.048781 0.149849 0.00121512
0 0.98167 0.644122 0.0366559 0.299176 0.00107697
0 0.983135 0.604856 0.033597 0.267986 0.00106152
0 0.984196 0.482868 0.0315198 0.193542 0.00105846
0 0.0338713 0.962213 0.0677425 0.0755744 0.00101626
0 0.979861 0.138263 0.0401726 0.186746 0.00100063
