0 0.559104 0.349428 0.117045 0.117439 0.902535
0 0.0317543 0.527049 0.0633541 0.225014 0.66168
0 0.0321395 0.467413 0.064279 0.347088 0.0374154
0 0.0398943 0.527122 0.0797885 0.265208 0.00701746
0 0.0109221 0.374973 0.0217354 0.128446 0.00578347
0 0.881254 0.962358 0.237492 0.0749342 0.00559423
0 0.00663771 0.369448 0.013243 0.118619 0.00530886
0 0.674569 0.552519 0.650862 0.894961 0.00346321
0 0.0718431 0.0739104 0.140772 0.147128 0.00252945
0 0.86763 0.967382 0.264338 0.0652354 0.00245519
0 0.0346005 0.460533 0.069201 0.384732 0.00233436
0 0.982574 0.419787 0.0348026 0.205615 0.0021536
0 0.909152 0.968989 0.177891 0.0611532 0.00200006
0 0.00640039 0.0827843 0.0128008 0.13699 0.00184598
0 0.0107376 0.08801 0.0214507 0.17602 0.00165219
0 0.976564 0.414275 0.0468714 0.223557 0.00162234
0 0.0128581 0.39415 0.0257162 0.171009 0.00160731
0 0.0105173 0.376654 0.0210346 0.2011 0.00154331
0 0.80885 0.261121 0.3823 0.519069 0.00140174
0 0.340703 0.538919 0.681407 0.611473 0.00137348
0 0.388552 0.542507 0.519194 0.553424 0.00135635
0 0.0206444 0.418507 0.0412711 0.228373 0.00127918
0 0.0275471 0.421676 0.0550943 0.252855 0.00114631
0 0.988766 0.232518 0.022404 0.198256 0.00114089
0 0.0171667 0.373081 0.0343334 0.160115 0.00108769
0 0.821119 0.948182 0.295418 0.103635 0.00104326
0 0.992867 0.236954 0.0142658 0.157893 0.001014
0 0.157323 0.874621 0.314645 0.250758 0.00100993
