0 0.571631 0.542215 0.104304 0.16205 0.694936
0 0.570032 0.543493 0.155308 0.21203 0.0419786
0 0.109713 0.115141 0.219426 0.229899 0.0236102
0 0.115023 0.150613 0.230045 0.301225 0.0141641
0 0.98444 0.149851 0.0311205 0.275211 0.0106322
0 0.947354 0.453825 0.105208 0.165739 0.009886
0 0.979517 0.153713 0.0409317 0.301191 0.005422
0 0.106681 0.14872 0.140119 0.152368 0.00475663
0 0.100025 0.16903 0.123502 0.111301 0.0040419
0 0.054864 0.156945 0.109245 0.313889 0.00386236
0 0.986447 0.140182 0.0269866 0.21589 0.00301875
0 0.0294718 0.115347 0.0589308 0.229876 0.00290084
0 0.0432185 0.122116 0.086437 0.242989 0.00275455
0 0.0347589 0.149468 0.0695178 0.298625 0.0026851
0 0.0555715 0.980913 0.108893 0.0381736 0.00260822
0 0.0643826 0.974739 0.126567 0.0503061 0.00232598
0 0.0454542 0.0739717 0.0907722 0.147943 0.00225079
0 0.0693511 0.962043 0.138257 0.0758606 0.00209172
0 0.0277016 0.0721767 0.0553151 0.144353 0.00208124
0 0.131125 0.245184 0.261335 0.490368 0.0020464
0 0.962195 0.143642 0.0756107 0.286742 0.00174759
0 0.179668 0.224558 0.358911 0.448685 0.00173319
0 0.420229 0.983385 0.248422 0.0332292 0.00163624
0 0.0773736 0.0747553 0.154747 0.149511 0.0014793
0 0.021098 0.0826787 0.0421803 0.165357 0.00140747
0 0.410327 0.977567 0.284654 0.0448651 0.00139764
0 0.0621553 0.92913 0.124224 0.14174 0.00133663
0 0.103714 0.184355 0.207428 0.367357 0.00130936
0 0.972778 0.167813 0.0544441 0.335626 0.001308
0 0.143245 0.0160542 0.150898 0.0320505 0.00119919
0 0.0183024 0.0541527 0.0365593 0.108305 0.00118156
0 0.0576856 0.953029 0.115329 0.0939424 0.00112989
0 0.107756 0.0376195 0.210615 0.0749031 0.00108973
0 0.051851 0.0460833 0.103557 0.0921665 0.00105358
