0 0.489422 0.504126 0.187139 0.232088 0.215737
0 0.0552032 0.0388022 0.110406 0.0770112 0.173677
0 0.0501063 0.0305012 0.0974526 0.0610024 0.12354
0 0.0650254 0.0493459 0.130051 0.0986917 0.0875993
0 0.0946084 0.0470078 0.189217 0.0940155 0.0472875
0 0.797123 0.0190639 0.405754 0.0381278 0.0358008
0 0.784314 0.0286584 0.431372 0.0573168 0.0173326
0 0.752982 0.0237942 0.448756 0.0475884 0.0146003
0 0.105037 0.0340543 0.210074 0.0680103 0.0135129
0 0.876612 0.050615 0.246776 0.100624 0.0111323
0 0.724702 0.0187891 0.339194 0.0370315 0.00952606
0 0.0892658 0.0887211 0.178339 0.177247 0.00923034
0 0.561743 0.0408228 0.550848 0.0816456 0.00899267
0 0.826827 0.0468518 0.346345 0.0937037 0.00769331
0 0.784709 0.0430145 0.430582 0.0854925 0.00738917
0 0.128484 0.0985167 0.256949 0.197033 0.00707559
0 0.100364 0.121873 0.200727 0.243745 0.0063722
0 0.64429 0.0573727 0.71142 0.114745 0.00590335
0 0.733338 0.0382301 0.460323 0.0757792 0.00498445
0 0.667525 0.0393644 0.664949 0.0787287 0.00468595
0 0.216719 0.164444 0.431617 0.328328 0.0037334
0 0.0561214 0.0710816 0.112243 0.142163 0.00355913
0 0.150682 0.0368281 0.301365 0.0732459 0.00355163
0 0.842014 0.0341533 0.315973 0.0683067 0.00345864
0 0.41882 0.0470413 0.197651 0.0939002 0.00331325
0 0.652342 0.0241653 0.466831 0.048324 0.00312582
0 0.43787 0.0512815 0.298902 0.102563 0.00300546
0 0.479351 0.0525318 0.577903 0.105064 0.00288493
0 0.726582 0.0475213 0.546836 0.0949732 0.00283007
0 0.864585 0.0114848 0.216158 0.0228436 0.00239386
0 0.124804 0.16157 0.249607 0.322723 0.00235151
0 0.83107 0.0242934 0.33786 0.0485867 0.00219922
0 0.962742 0.738005 0.0745157 0.0957778 0.00216567
0 0.908332 0.0594885 0.183336 0.118885 0.00206119
0 0.783727 0.0589932 0.430019 0.117572 0.00201045
0 0.584821 0.0763158 0.630843 0.152594 0.00198327
0 0.546411 0.0305699 0.385844 0.0610599 0.00191317
0 0.238837 0.2997 0.477675 0.598036 0.001862
0 0.849035 0.976714 0.301929 0.0465723 0.00170093
0 0.865398 0.983755 0.269205 0.03249 0.0016846
0 0.930915 0.0514042 0.138142 0.102785 0.00167341
0 0.632253 0.0192283 0.40324 0.0384205 0.00163762
0 0.653668 0.03461 0.532968 0.0692199 0.00162673
0 0.0554152 0.134413 0.11083 0.268827 0.00139378
0 0.234239 0.218262 0.46829 0.436524 0.00135772
0 0.853935 0.0533517 0.29213 0.106067 0.00133165
0 0.899115 0.0995346 0.20177 0.199069 0.00122572
0 0.82269 0.0785936 0.354621 0.157187 0.00122379
