0 0.519852 0.310085 0.207861 0.293575 0.86077
0 0.511423 0.268029 0.191367 0.203979 0.14592
0 0.982755 0.667239 0.0344616 0.16538 0.109581
0 0.980758 0.671953 0.0384846 0.243942 0.0992496
0 0.773763 0.581339 0.107473 0.126856 0.0561831
0 0.978792 0.664831 0.0424157 0.390585 0.0248634
0 0.979895 0.67927 0.0402098 0.114578 0.0153703
0 0.990511 0.313966 0.0189781 0.135497 0.00735824
0 0.984001 0.319254 0.0319979 0.180311 0.00722334
0 0.988691 0.324357 0.0224531 0.165477 0.00630207
0 0.973015 0.621123 0.05397 0.48066 0.00611378
0 0.325053 0.367767 0.650106 0.735534 0.00542483
0 0.982762 0.289417 0.0344769 0.277086 0.00526561
0 0.977329 0.305809 0.0452828 0.284078 0.00444851
0 0.975102 0.68984 0.0497965 0.2633 0.00444552
0 0.96769 0.695007 0.064561 0.339837 0.00355245
0 0.0774311 0.989089 0.154862 0.0218227 0.00332944
0 0.977129 0.328604 0.0457251 0.197323 0.0032286
0 0.53003 0.354489 0.179593 0.216804 0.00278196
0 0.922455 0.0457306 0.153503 0.0914612 0.00244531
0 0.857423 0.984457 0.275551 0.031086 0.00177044
0 0.848948 0.968843 0.302103 0.0623132 0.00134115
0 0.0626531 0.992019 0.125306 0.0159554 0.00120714
0 0.842943 0.978033 0.314114 0.043933 0.00113711
0 0.764993 0.585748 0.13305 0.161378 0.00106383
