0 0.515848 0.138401 0.360787 0.275057 0.918445
0 0.515099 0.17071 0.444255 0.34142 0.0536199
0 0.395815 0.834359 0.104179 0.0652204 0.0117442
0 0.100994 0.979101 0.201453 0.0416937 0.00421954
0 0.530154 0.0694863 0.385382 0.133495 0.00302991
0 0.0772463 0.979882 0.144282 0.0401542 0.00274556
0 0.988969 0.808618 0.0220339 0.21273 0.00220014
0 0.984044 0.797857 0.0318123 0.306126 0.00178367
0 0.396645 0.831302 0.115274 0.0973202 0.00127839
0 0.992733 0.838076 0.0145347 0.184726 0.00122966
0 0.0133715 0.292717 0.0267284 0.19117 0.00119721
0 0.0200819 0.293868 0.0401638 0.21893 0.00116969
