0 0.549076 0.182463 0.146656 0.217796 0.93039
0 0.972956 0.434278 0.0539804 0.306345 0.178639
0 0.978371 0.448519 0.0432234 0.233472 0.102143
0 0.95697 0.541192 0.085609 0.437071 0.0882401
0 0.947838 0.543101 0.104068 0.514955 0.0488626
0 0.967379 0.519636 0.0652212 0.340913 0.0410569
0 0.976745 0.473145 0.0464965 0.333339 0.033746
0 0.968369 0.205129 0.0632553 0.162491 0.0321683
0 0.960865 0.212997 0.078135 0.238118 0.0199465
0 0.975168 0.484567 0.0493963 0.170406 0.0153627
0 0.953999 0.606226 0.0920016 0.362652 0.0150644
0 0.988801 0.891596 0.0223053 0.20698 0.00725388
0 0.982377 0.475447 0.035115 0.134144 0.00650402
0 0.982164 0.427124 0.0356317 0.351771 0.00627333
0 0.966544 0.45382 0.0665622 0.446738 0.00452994
0 0.0102739 0.540236 0.020326 0.126206 0.00435097
0 0.00604029 0.533714 0.012062 0.0983125 0.00417318
0 0.93503 0.583357 0.129488 0.580637 0.00376062
0 0.200314 0.917881 0.400629 0.164237 0.00359457
0 0.199454 0.864838 0.392107 0.270323 0.00329991
0 0.280305 0.931871 0.282908 0.13571 0.0031804
0 0.946697 0.663755 0.10609 0.672491 0.00285495
0 0.986446 0.869008 0.0270929 0.20317 0.00276958
0 0.948198 0.436591 0.103267 0.696941 0.00265258
0 0.970557 0.237287 0.0588858 0.306092 0.0026439
0 0.979377 0.490793 0.041229 0.138954 0.00253127
0 0.958837 0.654988 0.0822083 0.305137 0.00167182
0 0.732116 0.17697 0.535767 0.35394 0.00165747
0 0.975989 0.514527 0.0480224 0.186512 0.00165312
0 0.722039 0.162766 0.555922 0.325532 0.0016443
0 0.991389 0.884413 0.0172213 0.164564 0.00150188
0 0.49071 0.986974 0.124447 0.026052 0.0013856
0 0.00627027 0.546356 0.0124817 0.14773 0.00130246
