0 0.526216 0.413174 0.123295 0.122572 0.906399
0 0.0379018 0.987867 0.0758036 0.024214 0.0283991
0 0.0182825 0.0447381 0.0364557 0.0894501 0.017173
0 0.0416215 0.970916 0.0832429 0.0581439 0.0130755
0 0.0621185 0.98894 0.124237 0.0221206 0.0115971
0 0.0438473 0.992356 0.0876947 0.0152531 0.00884973
0 0.278895 0.981265 0.163472 0.0374463 0.0069334
0 0.280128 0.991457 0.158469 0.0169969 0.00547384
0 0.908525 0.927726 0.181756 0.144549 0.005291
0 0.0295128 0.0427446 0.0585411 0.0854891 0.00511371
0 0.292818 0.820783 0.129715 0.122185 0.00437961
0 0.983317 0.826893 0.033313 0.276928 0.00431628
0 0.610348 0.38577 0.779304 0.77154 0.00388136
0 0.983157 0.11499 0.0336459 0.212649 0.00331442
0 0.976484 0.834569 0.0470319 0.330862 0.00306434
0 0.988893 0.870805 0.0222131 0.179923 0.00294751
0 0.0244511 0.0883913 0.0488766 0.176783 0.0027908
0 0.0596625 0.96712 0.119325 0.0655247 0.00277796
0 0.0211753 0.0556501 0.0423506 0.107982 0.00271226
0 0.907294 0.950166 0.162443 0.0992358 0.00243707
0 0.030718 0.944661 0.0614359 0.110677 0.00238918
0 0.991889 0.868649 0.0162214 0.149161 0.00220356
0 0.980931 0.142901 0.0381383 0.285803 0.001991
0 0.0504606 0.953019 0.100603 0.0939611 0.00197852
0 0.981801 0.89998 0.0363986 0.200041 0.00191216
0 0.0204798 0.0428842 0.0409597 0.0857683 0.00184997
0 0.00618335 0.952279 0.0123297 0.0954429 0.00167679
0 0.987772 0.128801 0.0244055 0.167643 0.00167036
0 0.989065 0.921549 0.0218697 0.156902 0.0015697
0 0.280699 0.978207 0.283641 0.0435869 0.00149589
0 0.973442 0.155252 0.0531155 0.310503 0.00141009
0 0.286371 0.983773 0.23327 0.0324548 0.00137275
0 0.274436 0.969349 0.391841 0.0613027 0.00130912
0 0.974485 0.931626 0.0509784 0.136747 0.0012581
0 0.281715 0.987378 0.187679 0.0252436 0.00124252
0 0.984354 0.747841 0.0312221 0.25493 0.00120957
0 0.0891241 0.962506 0.177925 0.0748812 0.00116231
0 0.973752 0.895584 0.0524951 0.208831 0.00113202
0 0.018567 0.104425 0.0371322 0.203734 0.00103135
