0 0.708344 0.340643 0.583311 0.680796 0.0162776
0 0.0145552 0.677315 0.0290841 0.228278 0.00695995
0 0.376607 0.201846 0.230681 0.213681 0.00583621
0 0.0111993 0.767974 0.0223933 0.200221 0.0056479
0 0.211944 0.107359 0.316407 0.21428 0.00550914
0 0.0167559 0.686017 0.0334752 0.289104 0.00532094
0 0.447306 0.0584365 0.538838 0.116873 0.00464983
0 0.0225224 0.683135 0.0450448 0.346987 0.00431069
0 0.437192 0.0521707 0.366672 0.104341 0.00425626
0 0.447332 0.047682 0.274805 0.0953639 0.0034673
0 0.199052 0.130609 0.392783 0.261219 0.00333266
0 0.383051 0.0684509 0.534276 0.136408 0.00305634
0 0.194671 0.981808 0.31585 0.0361958 0.00303961
0 0.0409839 0.666813 0.0819678 0.470876 0.00253941
0 0.013724 0.761797 0.0274479 0.287428 0.00249035
0 0.0364125 0.67226 0.072825 0.366515 0.00240891
0 0.0226294 0.789007 0.0451945 0.412676 0.00231787
0 0.186321 0.977261 0.372641 0.0454788 0.00228612
0 0.0197098 0.73099 0.0394196 0.3321 0.00225049
0 0.45561 0.0249878 0.313941 0.0499755 0.00210358
0 0.109449 0.0466973 0.218574 0.0933946 0.00198103
0 0.0720441 0.652931 0.144084 0.478153 0.00194917
0 0.0331549 0.768893 0.0663098 0.462214 0.00179849
0 0.00979973 0.675423 0.0195995 0.176052 0.00171953
0 0.00860498 0.76747 0.017203 0.170261 0.00164024
0 0.836658 0.463867 0.286948 0.246314 0.00162056
0 0.478952 0.0422325 0.450694 0.084465 0.00160419
0 0.0194929 0.751707 0.0389859 0.190697 0.00150261
0 0.101203 0.0275537 0.202406 0.0551073 0.00146161
0 0.205721 0.0642239 0.411441 0.128448 0.00142214
0 0.558606 0.149082 0.224651 0.237014 0.00140591
0 0.468635 0.0377569 0.347378 0.0755138 0.00132605
0 0.131523 0.0365073 0.260691 0.072764 0.00129586
0 0.0386399 0.350231 0.0772799 0.358939 0.00123445
0 0.724582 0.0264757 0.526673 0.0529513 0.00115839
0 0.226085 0.964129 0.351247 0.0717419 0.00114173
0 0.0584556 0.685416 0.116911 0.385945 0.00113631
0 0.417549 0.0743605 0.818057 0.14858 0.0011211
0 0.22069 0.971431 0.300551 0.0571389 0.00111336
0 0.0178672 0.344488 0.0357262 0.302871 0.00109924
0 0.510541 0.0469325 0.632986 0.093865 0.00109501
0 0.528173 0.0654218 0.694486 0.130844 0.00108249
0 0.0566039 0.749497 0.113208 0.501005 0.00107225
0 0.0234656 0.609668 0.0469311 0.443789 0.0010421
0 0.080707 0.0388616 0.161414 0.0775727 0.00100113
