0 0.458272 0.145038 0.271584 0.268952 0.94322
0 0.953339 0.977219 0.0933223 0.0455626 0.00554168
0 0.972171 0.572202 0.0556147 0.280522 0.00509953
0 0.0460908 0.0292749 0.0921817 0.0584235 0.00363058
0 0.0348432 0.0377879 0.0696865 0.0755758 0.00280642
0 0.979578 0.572724 0.0408431 0.252116 0.0023723
0 0.0308141 0.0506332 0.0615963 0.101172 0.0022453
0 0.0670636 0.886042 0.134019 0.227916 0.00171656
0 0.931012 0.973516 0.137975 0.0529592 0.00168279
0 0.961433 0.568201 0.0771331 0.291102 0.00157967
0 0.925434 0.960455 0.149131 0.0790045 0.00145751
0 0.506838 0.977386 0.425607 0.0451922 0.00125799
0 0.525167 0.982902 0.369821 0.033998 0.00108952
0 0.96255 0.960702 0.0747333 0.0785962 0.00106476
0 0.900159 0.967452 0.198989 0.0648997 0.00104915
