0 0.407095 0.206516 0.140335 0.163926 0.905482
0 0.405486 0.204981 0.174947 0.189442 0.640333
0 0.403675 0.20558 0.215591 0.219694 0.06303
0 0.908741 0.204693 0.182495 0.40615 0.0152824
0 0.920862 0.159524 0.158276 0.319049 0.00443129
0 0.976093 0.409004 0.0477741 0.0860914 0.00251013
0 0.974664 0.131299 0.0505931 0.259507 0.00249509
0 0.156561 0.362826 0.313122 0.725652 0.00242445
0 0.939342 0.173144 0.121242 0.346288 0.00232793
0 0.440005 0.498243 0.12025 0.14525 0.00207198
0 0.900734 0.31031 0.198413 0.62062 0.00161009
0 0.569189 0.451267 0.861623 0.902535 0.00139289
0 0.976478 0.360514 0.047045 0.207873 0.00114229
0 0.270542 0.348724 0.541084 0.697448 0.00109319
