0 0.445987 0.505582 0.26283 0.216782 0.741349
0 0.313638 0.795605 0.219189 0.157465 0.391173
0 0.237157 0.966583 0.290509 0.0666287 0.12086
0 0.370748 0.0354569 0.335431 0.0702781 0.118446
0 0.389959 0.053263 0.307498 0.106526 0.117509
0 0.25904 0.977651 0.287956 0.0445888 0.0670272
0 0.0916383 0.940511 0.183277 0.118726 0.0386686
0 0.717835 0.0377657 0.243949 0.0749696 0.0367627
0 0.728462 0.0428278 0.381717 0.0856555 0.0235944
0 0.15525 0.0231773 0.310499 0.0463547 0.0211957
0 0.690804 0.0465482 0.276561 0.0930965 0.0181403
0 0.753508 0.0408063 0.126663 0.0816125 0.0169248
0 0.9347 0.0265732 0.1306 0.0531119 0.016853
0 0.150202 0.0168137 0.200207 0.033445 0.0144419
0 0.158512 0.0336515 0.312979 0.0672278 0.0113631
0 0.935967 0.0142094 0.128066 0.0284188 0.0113004
0 0.0172794 0.477173 0.0345587 0.290596 0.0107795
0 0.919615 0.0412195 0.16077 0.082439 0.00992507
0 0.159028 0.022297 0.206369 0.0444927 0.00963619
0 0.885506 0.0323109 0.228988 0.0643534 0.00950212
0 0.140453 0.942414 0.278954 0.115171 0.00907285
0 0.346103 0.705977 0.3307 0.362972 0.00825339
0 0.684955 0.0563316 0.411428 0.112663 0.00813368
0 0.948023 0.0115535 0.103953 0.0230812 0.0078978
0 0.785064 0.0427315 0.216109 0.085463 0.00765134
0 0.290645 0.983408 0.224941 0.0331839 0.00539054
0 0.817649 0.0380477 0.198941 0.0760953 0.00535877
0 0.842777 0.0331074 0.144729 0.0659507 0.00535464
0 0.354957 0.0580101 0.421497 0.115952 0.00532877
0 0.854975 0.035474 0.290049 0.070948 0.00514084
0 0.013913 0.458289 0.027826 0.248528 0.00491995
0 0.934195 0.0189777 0.131609 0.0372967 0.00468847
0 0.29228 0.969664 0.334395 0.0605643 0.00456173
0 0.232555 0.968756 0.216996 0.0624875 0.0045325
0 0.0315711 0.453261 0.0631422 0.372328 0.00409383
0 0.796533 0.0641263 0.212172 0.128253 0.00402818
0 0.0565563 0.932964 0.113086 0.134072 0.0039574
0 0.169768 0.0162889 0.140089 0.0324103 0.00388253
0 0.0754445 0.931059 0.150458 0.137882 0.0038794
0 0.80337 0.0425838 0.330969 0.0851676 0.00365657
0 0.23086 0.0273088 0.361235 0.0545158 0.00359203
0 0.304741 0.792399 0.286572 0.245198 0.00333073
0 0.758701 0.0605468 0.299616 0.120953 0.00315432
0 0.0193183 0.424669 0.0386366 0.437062 0.00307765
0 0.766036 0.0518083 0.164406 0.102699 0.00298258
0 0.670573 0.0325218 0.27325 0.0650436 0.00292422
0 0.781177 0.0509138 0.417356 0.101828 0.00290825
0 0.441819 0.521302 0.289676 0.286182 0.00289305
0 0.0240135 0.46593 0.0480105 0.337288 0.00282896
0 0.208951 0.0467066 0.417902 0.0928722 0.00273224
0 0.914596 0.0233549 0.170807 0.0463812 0.00263151
0 0.691531 0.0194438 0.331367 0.0388876 0.00260335
0 0.708195 0.977617 0.375289 0.0446327 0.00255741
0 0.775938 0.975301 0.366447 0.0493971 0.00249591
0 0.31748 0.977615 0.340786 0.0447695 0.00229765
0 0.868945 0.0530722 0.26211 0.106144 0.00229216
0 0.770641 0.967437 0.405643 0.0651258 0.00217856
0 0.829545 0.0500481 0.340909 0.100096 0.0020619
0 0.349445 0.0585958 0.609937 0.117192 0.00197619
0 0.308253 0.988 0.176279 0.0239183 0.00193824
0 0.129768 0.0190109 0.259313 0.0379884 0.00191116
0 0.754621 0.981412 0.317837 0.037176 0.00189889
0 0.741258 0.032984 0.12407 0.065968 0.00189262
0 0.130772 0.0099179 0.199754 0.0198045 0.00178147
0 0.146904 0.0122184 0.191699 0.0244293 0.00167905
0 0.905794 0.0138984 0.188411 0.0277969 0.00163701
0 0.312525 0.0306292 0.393314 0.0612035 0.00162449
0 0.361585 0.692439 0.406272 0.427825 0.00159305
0 0.334534 0.755108 0.268314 0.257489 0.00156679
0 0.179381 0.055217 0.357034 0.110099 0.0014759
0 0.120397 0.0137949 0.240794 0.0275897 0.001473
0 0.27933 0.049962 0.497329 0.0991711 0.00146921
0 0.7226 0.0307461 0.207262 0.0614923 0.00138154
0 0.918551 0.0108601 0.162898 0.02162 0.00128774
0 0.200404 0.0389559 0.341419 0.0777238 0.00126555
0 0.0493427 0.469439 0.0986855 0.472089 0.00125011
0 0.244122 0.0345642 0.457195 0.0689308 0.00124943
0 0.981467 0.489253 0.0370653 0.324412 0.00124427
0 0.982407 0.107955 0.0351635 0.215911 0.00123115
0 0.977298 0.256055 0.0453836 0.213564 0.00121068
0 0.0779243 0.95013 0.155849 0.0974866 0.00117847
0 0.100623 0.931629 0.200286 0.136743 0.00117406
0 0.0151645 0.403673 0.030329 0.373613 0.00108421
0 0.901062 0.841242 0.197336 0.244666 0.00106924
0 0.259576 0.980353 0.16491 0.0392946 0.00106222
0 0.982609 0.593227 0.0347823 0.348382 0.001062
0 0.882797 0.181857 0.234406 0.35573 0.00105052
0 0.678916 0.971521 0.41379 0.0568324 0.00103601
0 0.0362851 0.409709 0.0725701 0.531991 0.00103438
0 0.981503 0.263003 0.0369763 0.147662 0.00101715
0 0.269781 0.792018 0.151097 0.152584 0.00100934
