0 0.48974 0.315843 0.353035 0.351789 0.843757
0 0.489366 0.310988 0.492055 0.487936 0.0670884
0 0.971831 0.750908 0.0563375 0.181001 0.0217651
0 0.968091 0.759455 0.063817 0.245752 0.00506092
0 0.968567 0.455776 0.0628653 0.196791 0.00296159
0 0.20519 0.898779 0.405194 0.202442 0.00280363
0 0.015276 0.217095 0.0305485 0.182669 0.00173153
0 0.950485 0.0224542 0.09903 0.0446867 0.00121286
0 0.0557521 0.02114 0.110806 0.0421071 0.00112768
0 0.939813 0.0166559 0.119891 0.0333118 0.00107192
0 0.0208188 0.214321 0.0414905 0.214022 0.00100318
