0 0.437206 0.160591 0.364233 0.319176 0.916354
0 0.608704 0.904686 0.240485 0.190628 0.00596569
0 0.380874 0.262936 0.598665 0.525872 0.00336085
0 0.479383 0.869697 0.529112 0.260606 0.00295456
0 0.480462 0.959614 0.262607 0.0807348 0.00257953
0 0.566322 0.878197 0.327013 0.243606 0.00244653
0 0.0563424 0.0861415 0.112633 0.172283 0.00234202
0 0.966365 0.397384 0.0672708 0.272129 0.00198248
0 0.386942 0.192742 0.515545 0.385485 0.00190539
0 0.477516 0.951845 0.205705 0.0963104 0.00181065
0 0.977276 0.395485 0.0454373 0.2739 0.00159746
0 0.0638704 0.0484904 0.127741 0.0969808 0.00148083
0 0.876817 0.0980694 0.240604 0.195537 0.00131205
0 0.481158 0.95366 0.329201 0.0926799 0.00123758
0 0.289283 0.0568516 0.389723 0.113703 0.00119867
0 0.315903 0.299916 0.631805 0.599832 0.00114429
0 0.491356 0.979795 0.310492 0.0404097 0.00108037
