0 0.493799 0.500935 0.246864 0.315011 0.287461
0 0.0340097 0.768368 0.0679377 0.222481 0.087799
0 0.0253534 0.769494 0.0507013 0.200439 0.0216477
0 0.235413 0.25695 0.470827 0.5139 0.0186234
0 0.45948 0.564369 0.198823 0.214734 0.0130968
0 0.150938 0.232075 0.101465 0.105053 0.0127378
0 0.65236 0.0528218 0.340396 0.105644 0.0114288
0 0.039332 0.775022 0.078664 0.27571 0.0112187
0 0.653671 0.0676277 0.395252 0.135255 0.00927366
0 0.441694 0.597901 0.156744 0.137043 0.00918277
0 0.16737 0.799119 0.334741 0.401761 0.00823709
0 0.0294921 0.0847981 0.0589552 0.169064 0.00777924
0 0.0393255 0.0964526 0.078371 0.192794 0.00769819
0 0.0374588 0.0658588 0.0747766 0.131718 0.00658548
0 0.429205 0.612877 0.133928 0.112846 0.00526568
0 0.481207 0.504131 0.332665 0.378886 0.00507975
0 0.0608468 0.0642656 0.121109 0.128531 0.0048222
0 0.0814981 0.12069 0.162374 0.241379 0.00436917
0 0.0270685 0.0534895 0.0539669 0.106979 0.00417363
0 0.065496 0.08981 0.130927 0.179538 0.00303407
0 0.0801686 0.171071 0.160337 0.342142 0.00300632
0 0.0268339 0.758556 0.0536678 0.277157 0.00299479
0 0.662246 0.0318874 0.364411 0.0637749 0.00269488
0 0.117171 0.295494 0.234343 0.283248 0.00224765
0 0.678187 0.0683583 0.594203 0.136717 0.00211623
0 0.046699 0.157053 0.0930798 0.314105 0.00210154
0 0.029482 0.143759 0.0589641 0.287518 0.00191067
0 0.0589892 0.752731 0.117978 0.270329 0.00179876
0 0.193956 0.221036 0.387911 0.437486 0.00167428
0 0.131492 0.197431 0.262749 0.394834 0.00159073
0 0.0131857 0.801314 0.0263713 0.17957 0.00151132
0 0.0178224 0.774502 0.0356449 0.167026 0.00145725
0 0.98226 0.560424 0.0354753 0.340425 0.00144706
0 0.984254 0.38594 0.0314573 0.212062 0.001334
0 0.438815 0.606616 0.193335 0.164965 0.00133392
0 0.0591935 0.763746 0.118387 0.421679 0.00129979
0 0.0257729 0.160526 0.0515458 0.321052 0.00111974
0 0.982603 0.555177 0.0347941 0.229522 0.00106467
0 0.976245 0.566762 0.047511 0.279875 0.00105271
0 0.088483 0.243163 0.176966 0.485979 0.00101276
0 0.122441 0.53595 0.244882 0.252041 0.00100939
0 0.461008 0.976957 0.405346 0.0460865 0.00100932
