0 0.446135 0.132061 0.281006 0.250347 0.924351
0 0.0984725 0.766018 0.196137 0.198528 0.0295923
0 0.503698 0.464724 0.992605 0.929448 0.00924046
0 0.936566 0.0224631 0.126868 0.0449262 0.00670203
0 0.917379 0.0187648 0.163918 0.0375296 0.0054977
0 0.983109 0.884879 0.033695 0.230242 0.00534271
0 0.976616 0.873975 0.0467675 0.252049 0.00464354
0 0.854714 0.0188627 0.290572 0.0377253 0.0043313
0 0.928101 0.0154899 0.125391 0.0309133 0.00414393
0 0.965223 0.73767 0.0695543 0.279102 0.00392513
0 0.124982 0.794964 0.158483 0.222134 0.00386677
0 0.348008 0.0595872 0.484831 0.119174 0.00331528
0 0.887325 0.0236198 0.220045 0.0472397 0.00324881
0 0.927149 0.0371212 0.145703 0.0737243 0.00323976
0 0.851866 0.0273883 0.296268 0.0547766 0.00312733
0 0.219736 0.98905 0.198937 0.0219005 0.00307065
0 0.921196 0.026745 0.157608 0.0534883 0.00304358
0 0.882276 0.0337656 0.232067 0.0675312 0.00295204
0 0.366312 0.093442 0.494431 0.186884 0.00287272
0 0.321621 0.159179 0.598962 0.318359 0.00268937
0 0.982631 0.481716 0.0347371 0.300548 0.00260533
0 0.907871 0.0156083 0.184259 0.0311366 0.00256019
0 0.843287 0.88354 0.212922 0.23292 0.00234319
0 0.33614 0.0581849 0.326657 0.116048 0.00224386
0 0.285162 0.054289 0.23693 0.108578 0.00224011
0 0.964864 0.868287 0.0702711 0.263426 0.00215988
0 0.980417 0.748587 0.0391654 0.308844 0.00193361
0 0.31263 0.0725013 0.211191 0.145003 0.00193335
0 0.60217 0.0337434 0.2411 0.0674867 0.00180703
0 0.225666 0.992597 0.157298 0.0148056 0.00179589
0 0.323635 0.0361213 0.278593 0.0722425 0.00167243
0 0.626387 0.0299418 0.185416 0.0598836 0.00161829
0 0.0132199 0.16901 0.0264298 0.209591 0.00160106
0 0.294301 0.061389 0.170501 0.122778 0.00156093
0 0.974758 0.481826 0.0504842 0.320274 0.00150522
0 0.203982 0.992017 0.134483 0.0159369 0.00146663
0 0.988963 0.471049 0.022073 0.21049 0.00145215
0 0.633116 0.0204305 0.177756 0.0408456 0.00144251
0 0.0110534 0.171111 0.0220213 0.137579 0.00143589
0 0.439702 0.157621 0.368531 0.314576 0.0014026
0 0.198045 0.984112 0.320028 0.0316451 0.00139876
0 0.018111 0.361149 0.036222 0.25274 0.00137595
0 0.98019 0.924429 0.0396209 0.1484 0.001372
0 0.983579 0.253515 0.0328414 0.316639 0.00125636
0 0.973253 0.720787 0.053494 0.266695 0.00124628
0 0.0261746 0.355638 0.0522437 0.275467 0.00121778
0 0.184276 0.989304 0.215179 0.0213912 0.00110318
0 0.188168 0.978797 0.376337 0.0423596 0.00106815
0 0.288332 0.0273481 0.23054 0.0546886 0.00100551
