0 0.298814 0.208584 0.138603 0.132248 0.861301
0 0.299558 0.206992 0.165938 0.161221 0.828335
0 0.976948 0.952966 0.0460523 0.0896444 0.0247166
0 0.014429 0.0871832 0.028858 0.174366 0.00629872
0 0.978937 0.939027 0.042126 0.121946 0.00552537
0 0.0206389 0.0545194 0.041266 0.108924 0.00531445
0 0.0105339 0.949015 0.0207699 0.101971 0.00494667
0 0.94916 0.813085 0.101506 0.242367 0.00323995
0 0.977217 0.889313 0.0455656 0.21564 0.00259082
0 0.00724379 0.955449 0.0144403 0.089102 0.00227598
0 0.974794 0.920886 0.0504127 0.155795 0.00221194
0 0.971557 0.946368 0.0568862 0.107265 0.00218207
0 0.0355507 0.0565802 0.0708567 0.113105 0.00215802
0 0.961629 0.919068 0.0765277 0.161864 0.00191489
0 0.0104016 0.880174 0.0208031 0.239653 0.00190463
0 0.886737 0.423939 0.226525 0.210173 0.00185875
0 0.0335416 0.122277 0.0670832 0.244555 0.00182038
0 0.0194077 0.110853 0.0388153 0.221706 0.00147234
0 0.0135518 0.905915 0.0271036 0.187453 0.00145599
0 0.163823 0.909147 0.244645 0.181706 0.00145532
0 0.0131037 0.933428 0.0262075 0.131973 0.00137793
0 0.0151435 0.879629 0.0302694 0.240742 0.00133627
0 0.0210269 0.89351 0.0420538 0.211449 0.00123229
0 0.0134169 0.127948 0.0268338 0.255896 0.00115667
0 0.115498 0.875093 0.229644 0.249686 0.00111043
0 0.954947 0.851579 0.0901055 0.290726 0.00101359
