0 0.574309 0.18211 0.175472 0.195309 0.915983
0 0.0228918 0.62724 0.0456958 0.211789 0.038616
0 0.0277038 0.571286 0.0554037 0.34499 0.0131963
0 0.0349675 0.624066 0.0698743 0.263906 0.0114025
0 0.0211254 0.525055 0.0422509 0.357273 0.0080382
0 0.0278475 0.506639 0.055695 0.374936 0.00517679
0 0.0260952 0.50858 0.0521904 0.270631 0.00366554
0 0.045661 0.620967 0.091322 0.340772 0.00352264
0 0.0253699 0.614994 0.0506611 0.289807 0.00340899
0 0.0196827 0.582003 0.0393654 0.305128 0.00112056
0 0.0339587 0.529238 0.0679175 0.555668 0.00111885
