0 0.32195 0.30095 0.0990612 0.112649 0.897752
0 0.984295 0.876831 0.0312722 0.246338 0.144823
0 0.982693 0.911866 0.0346149 0.175329 0.110194
0 0.977784 0.86192 0.0442517 0.27616 0.0464921
0 0.987794 0.917641 0.0244125 0.164718 0.0306784
0 0.977034 0.895417 0.0459311 0.207371 0.0298351
0 0.984736 0.810747 0.0305281 0.292395 0.0208255
0 0.974615 0.924515 0.0507691 0.150971 0.0182324
0 0.986264 0.80185 0.0274729 0.115727 0.0172661
0 0.988475 0.942814 0.0229452 0.114371 0.00992649
0 0.965428 0.893645 0.069144 0.211816 0.00836491
0 0.98373 0.800362 0.0324912 0.20014 0.00814898
0 0.99278 0.643878 0.0144405 0.10129 0.00649521
0 0.988501 0.632784 0.0229977 0.124231 0.00512668
0 0.95406 0.83317 0.0898526 0.333659 0.00446677
0 0.991484 0.954545 0.0170324 0.0909101 0.00383045
0 0.983476 0.105838 0.0330477 0.211676 0.00335537
0 0.989542 0.811438 0.0208302 0.14045 0.00324565
0 0.960713 0.91976 0.0777472 0.160481 0.00287002
0 0.980636 0.951751 0.0379484 0.0964977 0.0025183
0 0.964613 0.843619 0.0703192 0.312763 0.00203492
0 0.989275 0.900446 0.0214379 0.132435 0.00195404
0 0.95254 0.939688 0.0941916 0.120501 0.00190469
0 0.99297 0.652356 0.0140598 0.150294 0.0018258
0 0.977988 0.143425 0.0440233 0.28685 0.00179386
0 0.319223 0.299548 0.142948 0.152554 0.00176163
0 0.983995 0.143946 0.0318527 0.287891 0.00157439
0 0.977747 0.804338 0.0445066 0.294682 0.00143413
0 0.98744 0.0857212 0.0251204 0.171442 0.00142345
0 0.991357 0.9079 0.0172861 0.162535 0.00138197
0 0.987256 0.817362 0.0254873 0.181621 0.0013404
0 0.988249 0.640783 0.0234833 0.181375 0.00111533
0 0.987255 0.110655 0.0254731 0.221309 0.00107494
0 0.98431 0.624239 0.0313704 0.184397 0.00106441
