0 0.486091 0.273605 0.176772 0.179783 0.910484
0 0.618706 0.67508 0.734051 0.641024 0.0135652
0 0.564094 0.984346 0.249502 0.0313089 0.00324299
0 0.55689 0.967315 0.305272 0.0653695 0.00224933
0 0.560165 0.97824 0.285504 0.0435206 0.0019606
0 0.978759 0.287557 0.042448 0.232418 0.00165805
0 0.97666 0.271095 0.046679 0.158455 0.00156723
0 0.975457 0.242227 0.0490854 0.201185 0.00121591
0 0.509742 0.246601 0.131083 0.130299 0.00116495
0 0.983984 0.498169 0.0319762 0.287596 0.00108547
0 0.303167 0.686633 0.606335 0.623561 0.00103536
