0 0.652854 0.30739 0.342475 0.323457 0.878125
0 0.642018 0.300192 0.497428 0.47356 0.0991304
0 0.961355 0.96444 0.0772176 0.0708752 0.00769227
0 0.708682 0.457174 0.464229 0.683534 0.00641926
0 0.542819 0.308709 0.200474 0.357656 0.00597982
0 0.955328 0.953612 0.0890907 0.0923761 0.00360809
0 0.491661 0.298202 0.195616 0.389087 0.0014705
0 0.961435 0.935859 0.0771304 0.127003 0.00134523
0 0.288144 0.965864 0.189854 0.0682721 0.00130988
0 0.316275 0.966567 0.287307 0.0668638 0.00102496
0 0.265286 0.980742 0.354371 0.038394 0.00101481
