0 0.520065 0.222513 0.171421 0.189117 0.934628
0 0.0241705 0.0083515 0.048341 0.016703 0.0693283
0 0.0242949 0.00906302 0.0485898 0.018126 0.0623015
0 0.0244834 0.0116708 0.0489669 0.023233 0.0466323
0 0.0261912 0.0156416 0.0517819 0.0308933 0.027107
0 0.0329293 0.00730318 0.0658586 0.0145374 0.0199003
0 0.0459457 0.0202434 0.0918914 0.0400831 0.019294
0 0.0416679 0.0123723 0.0833359 0.0247445 0.0149815
0 0.0277745 0.022165 0.055549 0.0439746 0.0103649
0 0.855482 0.581561 0.0847672 0.0775057 0.00657546
0 0.0264018 0.0342932 0.0528036 0.0685864 0.0054466
0 0.972717 0.750811 0.0545665 0.23782 0.00536128
0 0.969097 0.683548 0.0618061 0.332431 0.00386481
0 0.956512 0.665545 0.0869765 0.269676 0.00257052
0 0.850456 0.587332 0.104678 0.0924993 0.00253729
0 0.0563902 0.0175025 0.11278 0.0349072 0.00190155
0 0.0557556 0.00861 0.111511 0.0172083 0.00186152
0 0.982543 0.603748 0.0347838 0.11996 0.00180245
0 0.0464316 0.0313225 0.0924879 0.062645 0.00176861
0 0.0496947 0.0116639 0.0993895 0.0233279 0.00168006
0 0.966975 0.751047 0.0660502 0.310609 0.001479
0 0.0101696 0.793505 0.0202276 0.170174 0.00141851
0 0.0166755 0.80219 0.0333405 0.243683 0.00136541
0 0.986015 0.612484 0.0279173 0.208576 0.00136209
0 0.0190318 0.575298 0.0380637 0.343034 0.00117816
0 0.0581985 0.0240164 0.116347 0.0475485 0.00103947
0 0.458722 0.976575 0.326543 0.0468496 0.00102516
0 0.0305901 0.614654 0.0611802 0.286996 0.00101912
0 0.974152 0.734225 0.0516175 0.171769 0.00100154
