0 0.484031 0.344383 0.207074 0.201967 0.887495
0 0.137118 0.914721 0.274236 0.170557 0.0263878
0 0.122742 0.738198 0.245485 0.302229 0.0202262
0 0.137003 0.865833 0.274006 0.268335 0.00502747
0 0.0675934 0.578506 0.135127 0.364645 0.00432948
0 0.679309 0.968337 0.194698 0.0633267 0.00425615
0 0.648672 0.984608 0.161726 0.0307839 0.00306121
0 0.0683795 0.585541 0.136759 0.560367 0.00291896
0 0.699833 0.972949 0.260035 0.0540928 0.00221076
0 0.0302141 0.0821831 0.0604281 0.164366 0.00211907
0 0.0526455 0.0479647 0.105257 0.0958803 0.00207999
0 0.689671 0.965297 0.30548 0.069361 0.00197146
0 0.705175 0.980047 0.302086 0.0398668 0.00181036
0 0.101059 0.990964 0.0864542 0.0179591 0.00163742
0 0.0240656 0.588305 0.0481312 0.351369 0.00155353
0 0.04095 0.0697275 0.0818968 0.139455 0.00148068
0 0.0319131 0.593949 0.0638263 0.317149 0.00128946
0 0.0350313 0.0513843 0.0700626 0.102769 0.00122277
0 0.133599 0.792023 0.267199 0.415954 0.00121381
0 0.648182 0.993655 0.164526 0.0126892 0.00114503
0 0.654386 0.974837 0.147368 0.0503265 0.00108809
0 0.0999573 0.991249 0.127019 0.0175017 0.00107802
