0 0.412047 0.424595 0.184508 0.164553 0.90982
0 0.406818 0.426162 0.226011 0.213953 0.717777
0 0.975958 0.806177 0.0480839 0.300529 0.00221771
0 0.881997 0.0464896 0.236006 0.0929412 0.00181398
0 0.89394 0.0904542 0.212119 0.180838 0.00172972
0 0.982171 0.576691 0.0356375 0.314993 0.00170022
0 0.981575 0.811562 0.0368447 0.257375 0.00169089
0 0.039742 0.929564 0.0794839 0.140873 0.00163916
0 0.975892 0.579014 0.0481262 0.353592 0.0015526
0 0.195996 0.786695 0.28086 0.296023 0.00148889
0 0.570714 0.985251 0.127493 0.0294982 0.00141693
0 0.826659 0.969442 0.346683 0.0611166 0.00133167
0 0.0231461 0.942876 0.0462114 0.114248 0.00125613
0 0.894397 0.130778 0.211206 0.261556 0.00125401
0 0.0303971 0.358249 0.0607943 0.327036 0.00119488
0 0.981077 0.833979 0.0378456 0.332042 0.00118739
0 0.904378 0.934716 0.191244 0.130568 0.00117683
0 0.898299 0.0306272 0.203402 0.0612286 0.0011522
0 0.846745 0.958183 0.30651 0.0836347 0.001142
0 0.114329 0.121103 0.228659 0.242206 0.00109918
0 0.840253 0.976943 0.294995 0.0460372 0.00105632
0 0.0688439 0.937944 0.137515 0.124112 0.00104475
