0 0.479411 0.145572 0.138781 0.254808 0.913472
0 0.983106 0.186568 0.0337346 0.215591 0.0359551
0 0.976786 0.183261 0.0462956 0.2627 0.0110362
0 0.855882 0.868003 0.288236 0.263994 0.00821658
0 0.86118 0.969654 0.27764 0.0606927 0.00735846
0 0.987225 0.197587 0.0253891 0.17146 0.00586723
0 0.861292 0.951698 0.277416 0.0966042 0.00571603
0 0.966157 0.183188 0.0674822 0.23394 0.00381691
0 0.823958 0.989174 0.205426 0.0216241 0.00327242
0 0.82954 0.841333 0.34092 0.317334 0.00280279
0 0.868861 0.918458 0.262278 0.163083 0.0024882
0 0.0150025 0.0922835 0.030005 0.182529 0.00199923
0 0.011122 0.0931511 0.0222093 0.186302 0.00168003
0 0.0216375 0.101764 0.0431846 0.20184 0.00138046
0 0.0104292 0.101179 0.0206997 0.148102 0.0012874
0 0.857084 0.978854 0.285833 0.042291 0.0012701
0 0.822437 0.993316 0.165694 0.0133675 0.00104677
0 0.985443 0.156173 0.0290713 0.245666 0.00100136
