0 0.423482 0.227677 0.140207 0.221898 0.897296
0 0.422501 0.226666 0.214548 0.271025 0.638357
0 0.422193 0.189369 0.183339 0.188784 0.11354
0 0.423559 0.172299 0.159673 0.145651 0.0266232
0 0.423775 0.176162 0.131217 0.120166 0.00970028
0 0.421421 0.230112 0.283127 0.30655 0.00491798
0 0.775545 0.984358 0.329896 0.0312761 0.00389837
0 0.858714 0.984287 0.282573 0.0314256 0.00333285
0 0.705923 0.987509 0.180236 0.0249689 0.00284975
0 0.773235 0.977048 0.3848 0.0459037 0.00278781
0 0.848934 0.976833 0.302131 0.0463334 0.00228798
0 0.706164 0.992223 0.166693 0.0155542 0.00105679
