0 0.397657 0.945233 0.151556 0.109533 0.490653
0 0.960687 0.789615 0.0786256 0.12492 0.214048
0 0.403623 0.460507 0.291321 0.242521 0.133286
0 0.959248 0.773315 0.081471 0.181631 0.115469
0 0.960394 0.764658 0.0792115 0.278916 0.0825802
0 0.951086 0.794156 0.0978274 0.148824 0.048548
0 0.403113 0.46227 0.337474 0.318368 0.0279035
0 0.343278 0.0107732 0.180449 0.0214199 0.015861
0 0.938567 0.80003 0.122866 0.20641 0.0113556
0 0.342064 0.0139706 0.214796 0.0278965 0.0111469
0 0.565094 0.0489847 0.229087 0.0979693 0.010003
0 0.394157 0.937647 0.185367 0.124707 0.00897269
0 0.743105 0.0333097 0.244427 0.0665595 0.00872699
0 0.522223 0.0189468 0.22513 0.0378032 0.00752049
0 0.559544 0.0339358 0.275884 0.0678716 0.00628558
0 0.944699 0.762009 0.110602 0.346179 0.00570168
0 0.959229 0.813023 0.0815427 0.373953 0.00429702
0 0.558968 0.0456135 0.330071 0.091227 0.00394069
0 0.457507 0.976251 0.3872 0.0472484 0.00350512
0 0.798231 0.0568868 0.38967 0.113774 0.00346954
0 0.782711 0.0330257 0.156603 0.0660514 0.00339953
0 0.476127 0.579274 0.279787 0.258645 0.00331372
0 0.749376 0.0417533 0.321981 0.0835066 0.00312319
0 0.45484 0.982429 0.332225 0.0348524 0.00297469
0 0.425807 0.941208 0.272285 0.117348 0.00255392
0 0.830487 0.0332821 0.339025 0.0665642 0.00255232
0 0.544501 0.0296895 0.376948 0.059379 0.00243019
0 0.259076 0.0773225 0.330905 0.154645 0.0023527
0 0.432782 0.969563 0.300154 0.060873 0.00227681
0 0.563954 0.0248315 0.253814 0.0496631 0.00216629
0 0.218881 0.0933061 0.437763 0.186612 0.00206667
0 0.711423 0.0463446 0.422601 0.0924084 0.00191872
0 0.499127 0.023963 0.255462 0.047926 0.00179298
0 0.469868 0.964105 0.375056 0.0717907 0.00167484
0 0.361365 0.019042 0.373684 0.0380841 0.00155099
0 0.521771 0.014334 0.198012 0.0286681 0.00153333
0 0.839625 0.044761 0.320749 0.089522 0.00152558
0 0.0100425 0.456316 0.020085 0.205208 0.00148741
0 0.520248 0.0170239 0.159308 0.0340479 0.00143289
0 0.788062 0.0359952 0.352293 0.0719153 0.00142051
0 0.800587 0.0893368 0.398826 0.178307 0.00138304
0 0.820251 0.0668644 0.359498 0.132944 0.00126996
0 0.428162 0.0226848 0.429607 0.0453695 0.00126413
0 0.962234 0.912009 0.0755318 0.175982 0.00122604
0 0.455017 0.544371 0.312429 0.336684 0.00119477
0 0.712589 0.0314766 0.34926 0.062864 0.0011643
0 0.171668 0.0468381 0.343335 0.0936762 0.00116402
0 0.478392 0.0285963 0.3904 0.0571926 0.00115697
0 0.950143 0.853664 0.0997144 0.292673 0.0011561
0 0.898007 0.97292 0.200498 0.0541593 0.00114793
0 0.464821 0.989055 0.21017 0.0218903 0.00109607
0 0.893654 0.957197 0.209378 0.0848011 0.00109602
0 0.968224 0.832364 0.0635527 0.335273 0.00109274
0 0.168496 0.0326387 0.336993 0.0652773 0.00108024
0 0.30334 0.00950172 0.217732 0.0190034 0.00106844
0 0.948144 0.826351 0.103699 0.293307 0.00101153
