0 0.590023 0.410748 0.189455 0.178354 0.301392
0 0.943285 0.490947 0.112706 0.147246 0.028636
0 0.291632 0.134192 0.582342 0.268384 0.0283552
0 0.294379 0.0906087 0.588757 0.181217 0.0200638
0 0.282013 0.0571845 0.564026 0.11436 0.0118196
0 0.921531 0.517956 0.156938 0.227733 0.0105117
0 0.589871 0.410462 0.234872 0.232424 0.0103825
0 0.163887 0.112689 0.327493 0.225378 0.010001
0 0.112918 0.115926 0.225836 0.231229 0.00491044
0 0.700919 0.433441 0.432811 0.376692 0.00486876
0 0.891766 0.537207 0.216444 0.206622 0.00301373
0 0.955602 0.490702 0.0887961 0.108019 0.00290963
0 0.242725 0.0450765 0.485451 0.0898791 0.00258035
0 0.0327362 0.69383 0.0654723 0.370221 0.00241376
0 0.186849 0.0718308 0.373698 0.143662 0.00237994
0 0.0898512 0.0320006 0.178705 0.0637021 0.00234252
0 0.332646 0.0445029 0.471167 0.0890058 0.00218757
0 0.0235677 0.705419 0.0471001 0.289331 0.00208592
0 0.135705 0.0795683 0.271411 0.159137 0.00191446
0 0.591688 0.481457 0.241735 0.307719 0.00184784
0 0.372394 0.0590373 0.575341 0.117912 0.00183289
0 0.946656 0.541185 0.106688 0.338375 0.0015733
0 0.202245 0.0311626 0.404489 0.0623252 0.00152437
0 0.385459 0.0927249 0.770918 0.18544 0.0014769
0 0.190716 0.0384239 0.381431 0.076694 0.00146648
0 0.958266 0.494146 0.0834684 0.23852 0.00134478
0 0.0589825 0.0404736 0.117965 0.0809471 0.00134383
0 0.314076 0.976006 0.377011 0.0479879 0.00130667
0 0.0685326 0.0541308 0.137063 0.108161 0.00127384
0 0.225682 0.0157562 0.398675 0.0314767 0.00116953
0 0.741744 0.684234 0.214714 0.243232 0.00116444
0 0.0158002 0.703053 0.0316004 0.277762 0.00116413
0 0.0328249 0.570831 0.0656394 0.51889 0.00114773
0 0.315803 0.983262 0.342152 0.0334756 0.00114735
0 0.021674 0.607171 0.043348 0.414955 0.00112309
0 0.102842 0.0542598 0.205685 0.108495 0.00109459
0 0.257406 0.0255386 0.443028 0.0510773 0.00106864
0 0.929267 0.5061 0.140975 0.141841 0.00103585
0 0.801971 0.93133 0.396059 0.13734 0.00103358
