0 0.598476 0.223734 0.284078 0.26749 0.915563
0 0.601641 0.223921 0.388131 0.379512 0.00922825
0 0.0111927 0.913002 0.0222454 0.173995 0.00215535
0 0.960806 0.989945 0.0783885 0.0200779 0.00176674
0 0.0434947 0.914803 0.0869894 0.170394 0.00151009
0 0.350117 0.977246 0.229269 0.0454801 0.00150269
0 0.345643 0.983986 0.167051 0.0319939 0.00147924
0 0.347014 0.987317 0.147594 0.0253359 0.00128791
0 0.17851 0.977414 0.357019 0.0451717 0.00113126
0 0.959332 0.972304 0.0812082 0.0553911 0.00112974
0 0.0220876 0.916856 0.0440944 0.166289 0.00111139
0 0.0154167 0.919289 0.0307806 0.161421 0.00109043
0 0.0175477 0.941732 0.0350953 0.116536 0.0010472
0 0.0606627 0.921109 0.121298 0.157783 0.00103673
0 0.0736449 0.961214 0.14729 0.0775406 0.00103511
0 0.0345185 0.941665 0.0688841 0.11667 0.00100588
