0 0.462357 0.32243 0.241496 0.195209 0.864975
0 0.0846345 0.0464056 0.164515 0.0928112 0.0262848
0 0.460809 0.984433 0.332939 0.0311053 0.0204021
0 0.460382 0.977545 0.378369 0.04491 0.0129133
0 0.45074 0.968586 0.357598 0.0628285 0.00513398
0 0.0194262 0.180109 0.0388479 0.252164 0.00496124
0 0.0809175 0.0353786 0.146508 0.0707572 0.00401326
0 0.454003 0.987136 0.194049 0.0257103 0.00339877
0 0.951125 0.0671224 0.0977508 0.134174 0.00332527
0 0.531897 0.984168 0.326429 0.0316639 0.0030505
0 0.453912 0.323335 0.318015 0.280005 0.00304018
0 0.026953 0.175781 0.0537562 0.283116 0.00255039
0 0.520793 0.967941 0.390556 0.0641184 0.00224994
0 0.534399 0.977177 0.375207 0.0456457 0.00194529
0 0.491897 0.987648 0.186752 0.024704 0.00191766
0 0.0883986 0.104366 0.176515 0.208731 0.0018303
0 0.967767 0.948081 0.0643172 0.103838 0.00156701
0 0.954175 0.923534 0.0915433 0.152931 0.00154919
0 0.0918623 0.071803 0.183715 0.143606 0.00146332
0 0.133071 0.856511 0.104401 0.109576 0.00143574
0 0.0222188 0.154772 0.0442209 0.192227 0.0013665
0 0.423409 0.986164 0.190395 0.0276585 0.00119083
0 0.522047 0.988097 0.184398 0.0238062 0.00112485
0 0.0214462 0.269992 0.0428718 0.419014 0.00105353
0 0.966636 0.906731 0.0667273 0.186538 0.00102876
0 0.937851 0.90744 0.124299 0.18512 0.00100676
