0 0.495444 0.404789 0.143287 0.156896 0.924669
0 0.929652 0.652076 0.140695 0.205906 0.0531504
0 0.990206 0.611464 0.0195884 0.146079 0.0239084
0 0.984514 0.616014 0.0309713 0.19427 0.0123205
0 0.977617 0.624653 0.0447661 0.221751 0.0050782
0 0.903846 0.719039 0.192116 0.360884 0.00308821
0 0.958187 0.814699 0.0830779 0.166964 0.0024206
0 0.988664 0.614235 0.0226226 0.205673 0.00229767
0 0.937982 0.0280722 0.120192 0.056037 0.00184024
0 0.932618 0.0375917 0.13106 0.0751834 0.0017229
0 0.922406 0.0585495 0.153656 0.117099 0.00154676
0 0.964007 0.0422433 0.0719857 0.0843359 0.00149243
0 0.975073 0.569344 0.0498545 0.354063 0.00143879
0 0.928705 0.630566 0.138162 0.142154 0.00141434
0 0.987812 0.599139 0.0243757 0.151863 0.00138519
0 0.98167 0.059135 0.0366594 0.11771 0.00134951
0 0.982512 0.591755 0.0349104 0.246442 0.00129717
0 0.44956 0.987513 0.155581 0.0249341 0.00111207
0 0.926653 0.785626 0.146694 0.237059 0.00109308
