0 0.567258 0.568882 0.216088 0.210862 0.557452
0 0.936714 0.578486 0.126572 0.243199 0.21253
0 0.86142 0.914874 0.272188 0.170252 0.0692318
0 0.562111 0.56742 0.259271 0.262287 0.0584545
0 0.929829 0.61589 0.140341 0.369138 0.0123381
0 0.664442 0.579893 0.378531 0.23376 0.00930943
0 0.683393 0.0113053 0.216155 0.0226107 0.00218666
0 0.923385 0.566674 0.153226 0.484281 0.00196572
0 0.685166 0.00868281 0.1897 0.017316 0.00173068
0 0.47292 0.561022 0.19055 0.20427 0.00136565
0 0.91372 0.681053 0.172549 0.548935 0.00120755
0 0.847755 0.898617 0.30449 0.202766 0.00113486
