0 0.546912 0.552946 0.162252 0.163184 0.442145
0 0.549786 0.555156 0.197233 0.192375 0.0296075
0 0.735171 0.436117 0.347576 0.360562 0.0235692
0 0.441897 0.0134963 0.252362 0.0269926 0.00895455
0 0.443944 0.0104161 0.203659 0.0207456 0.00754703
0 0.456355 0.0187812 0.398334 0.0375625 0.00388547
0 0.424471 0.0232262 0.476568 0.0464524 0.00357095
0 0.74101 0.423928 0.469378 0.445993 0.00299454
0 0.297602 0.90859 0.595204 0.182819 0.00288596
0 0.437365 0.0155753 0.331297 0.0310735 0.00235065
0 0.298515 0.975186 0.311018 0.0495877 0.0021372
0 0.438654 0.0559517 0.850625 0.111903 0.00208239
0 0.723451 0.407332 0.315005 0.258286 0.00201527
0 0.44458 0.0346821 0.554739 0.0693642 0.00181909
0 0.920946 0.468419 0.158108 0.378347 0.00173889
0 0.107906 0.945332 0.214944 0.109336 0.00171162
0 0.984131 0.59522 0.0317173 0.272889 0.0015824
0 0.150073 0.941944 0.297559 0.116112 0.00156686
0 0.931631 0.448468 0.135048 0.251945 0.00154771
0 0.960304 0.475703 0.0793912 0.446549 0.001539
0 0.733963 0.391021 0.532073 0.577694 0.00152397
0 0.752284 0.608834 0.495431 0.755716 0.00151821
0 0.924909 0.627564 0.149811 0.722987 0.00150243
0 0.545608 0.558211 0.247634 0.243331 0.0013621
0 0.488298 0.0455418 0.655399 0.0910837 0.00135742
0 0.0635102 0.0200793 0.12702 0.0400896 0.00132986
0 0.981989 0.644726 0.0360212 0.373284 0.00131505
0 0.981115 0.771242 0.037771 0.363566 0.00130259
0 0.0320115 0.865132 0.064023 0.269736 0.00129774
0 0.303585 0.968282 0.369444 0.0632527 0.00129523
0 0.932702 0.43588 0.134562 0.561703 0.00129036
0 0.652 0.0453913 0.696001 0.0907827 0.00124672
0 0.794533 0.451001 0.410934 0.366833 0.00122353
0 0.922716 0.518439 0.154569 0.1921 0.00122079
0 0.232323 0.921535 0.463278 0.15693 0.00118869
0 0.292051 0.0232788 0.488985 0.0465576 0.00118771
0 0.859733 0.755038 0.196845 0.194111 0.00118153
0 0.172137 0.0188348 0.344275 0.0376696 0.00115287
0 0.915856 0.521326 0.168288 0.570592 0.00112256
0 0.498802 0.0279485 0.510083 0.055897 0.00111036
0 0.889404 0.624509 0.221193 0.735907 0.00109939
0 0.948715 0.783106 0.10257 0.339673 0.00108352
0 0.884124 0.461203 0.231751 0.259943 0.00107212
0 0.96968 0.77126 0.0606287 0.373102 0.00105559
0 0.977087 0.591372 0.0457771 0.343549 0.00105557
0 0.970577 0.64953 0.0588455 0.505369 0.00103679
