0 0.511452 0.331287 0.207834 0.215063 0.926503
0 0.506799 0.331418 0.265972 0.268662 0.804028
0 0.765164 0.983814 0.276716 0.0322672 0.00746397
0 0.884704 0.978088 0.230593 0.0438246 0.00570634
0 0.761827 0.977375 0.313191 0.0452498 0.00534117
0 0.509491 0.327196 0.326311 0.329624 0.00496721
0 0.756429 0.969235 0.358691 0.0615295 0.00321192
0 0.993093 0.115297 0.0138134 0.15027 0.00307467
0 0.91277 0.974329 0.173492 0.05119 0.00285952
0 0.877467 0.970184 0.245066 0.0596323 0.00269166
0 0.819059 0.984589 0.236634 0.0307828 0.00222452
0 0.89985 0.964132 0.198982 0.0716374 0.00217675
0 0.813928 0.978148 0.276669 0.0436828 0.0020206
0 0.723039 0.978817 0.228064 0.0423443 0.00164972
0 0.851342 0.98225 0.254198 0.0354992 0.00119477
0 0.819864 0.969918 0.360273 0.060164 0.00109208
0 0.989106 0.106018 0.0217879 0.172112 0.00108561
0 0.91797 0.988461 0.16406 0.0230788 0.00102352
