0 0.527651 0.169521 0.161299 0.185264 0.920966
0 0.510998 0.168184 0.208015 0.207579 0.786726
0 0.847857 0.968326 0.157026 0.0630025 0.136798
0 0.891104 0.315029 0.217745 0.630057 0.084559
0 0.847111 0.961752 0.191658 0.0764968 0.039042
0 0.958903 0.749655 0.0821937 0.340314 0.0338374
0 0.945882 0.733115 0.108125 0.297818 0.00923992
0 0.445002 0.167752 0.0834957 0.17832 0.00905283
0 0.957031 0.700514 0.0859387 0.252763 0.00225881
0 0.0134015 0.75278 0.0267624 0.160492 0.00161155
0 0.978041 0.726762 0.0439177 0.358193 0.00155177
0 0.0169157 0.758654 0.0338214 0.185606 0.0015462
0 0.0195993 0.0862649 0.0391986 0.159888 0.00129205
0 0.928589 0.780186 0.142704 0.408501 0.00110312
0 0.987746 0.0526263 0.0245088 0.105253 0.00100949
