0 0.485175 0.16208 0.437578 0.322932 0.502569
0 0.473497 0.181404 0.584244 0.36267 0.307453
0 0.37818 0.110829 0.309518 0.221657 0.0612041
0 0.483464 0.207877 0.76825 0.415753 0.0235992
0 0.504526 0.157508 0.169169 0.177606 0.00970283
0 0.462708 0.108452 0.447465 0.216904 0.00316554
0 0.565668 0.147181 0.269728 0.287849 0.0020907
0 0.0244325 0.133352 0.048865 0.266704 0.00130649
0 0.0181922 0.122657 0.0363843 0.245269 0.00130144
0 0.372208 0.104265 0.203764 0.206205 0.00125527
0 0.526494 0.115339 0.217626 0.227436 0.0011783
0 0.0653241 0.131613 0.130146 0.261624 0.00116887
