0 0.52356 0.245851 0.182523 0.18561 0.845258
0 0.0262454 0.489405 0.0524272 0.264372 0.108694
0 0.0331892 0.533156 0.0662384 0.359527 0.0521807
0 0.0237197 0.46333 0.0474 0.195816 0.0229289
0 0.303234 0.992043 0.143759 0.0157924 0.0108879
0 0.211799 0.187636 0.280126 0.124368 0.0100291
0 0.302474 0.988688 0.180179 0.022496 0.00974709
0 0.311359 0.984512 0.293426 0.0309439 0.00754736
0 0.891473 0.0598298 0.217054 0.119274 0.00639109
0 0.880748 0.312808 0.238289 0.332492 0.00569885
0 0.0469108 0.528882 0.0936551 0.406824 0.00535907
0 0.280343 0.992693 0.175039 0.0144777 0.005308
0 0.0628953 0.533202 0.125791 0.447947 0.00511529
0 0.01949 0.517622 0.0389799 0.333641 0.00507744
0 0.640248 0.477622 0.719504 0.822441 0.00485743
0 0.885478 0.270106 0.229044 0.235479 0.00397248
0 0.294727 0.979371 0.351385 0.0412586 0.00252426
0 0.129532 0.847194 0.259064 0.305613 0.00225497
0 0.524049 0.247016 0.256297 0.251778 0.00220213
0 0.263685 0.988862 0.213289 0.0222764 0.00178152
0 0.0742557 0.181284 0.146047 0.120887 0.001631
0 0.256522 0.860226 0.513045 0.279549 0.00154147
0 0.386075 0.663384 0.772149 0.673233 0.00143953
0 0.219875 0.825303 0.439471 0.349393 0.00138781
0 0.117773 0.185536 0.232832 0.128914 0.00137537
0 0.856291 0.0491481 0.287417 0.0978259 0.00135124
0 0.123147 0.975539 0.246294 0.0489212 0.00109491
0 0.13049 0.984317 0.259645 0.0313499 0.00106979
0 0.388113 0.196426 0.762298 0.391256 0.00103281
0 0.128803 0.0157346 0.257606 0.0314473 0.00102347
0 0.0807438 0.859001 0.161448 0.281998 0.00101917
0 0.304501 0.968914 0.384084 0.0621716 0.00100116
