0 0.42021 0.22835 0.153911 0.178336 0.910968
0 0.359898 0.710869 0.158283 0.173044 0.00935325
0 0.817153 0.978263 0.271425 0.0434735 0.00365462
0 0.98825 0.893399 0.023499 0.178833 0.00304602
0 0.360053 0.682037 0.148571 0.107359 0.00286058
0 0.810123 0.97232 0.357499 0.0553274 0.00243471
0 0.726277 0.897106 0.225516 0.171503 0.00227546
0 0.992729 0.899507 0.0144715 0.129119 0.00218891
0 0.820211 0.966311 0.282118 0.0662532 0.00188688
0 0.419844 0.198453 0.163124 0.133201 0.00107672
0 0.0108364 0.910571 0.0216729 0.178858 0.00106323
0 0.0106712 0.688536 0.0213414 0.202691 0.00104342
