0 0.567413 0.501788 0.343604 0.369872 0.874832
0 0.581798 0.498809 0.424906 0.428313 0.81466
0 0.843557 0.944526 0.312887 0.110948 0.0382365
0 0.860946 0.9558 0.278108 0.0881257 0.0198877
0 0.658952 0.949301 0.409304 0.101397 0.0101262
0 0.297058 0.949501 0.391272 0.100998 0.00299091
0 0.67642 0.0275868 0.347646 0.0551736 0.00214053
0 0.624032 0.953283 0.294968 0.093417 0.00213565
0 0.866908 0.934495 0.266184 0.130884 0.00152136
0 0.238574 0.953589 0.403026 0.0928217 0.00143312
0 0.672529 0.959635 0.345265 0.0801222 0.0013736
0 0.0403064 0.034384 0.0805323 0.0687679 0.00130083
0 0.616511 0.0305794 0.183964 0.0609007 0.00120296
0 0.0699464 0.0294059 0.138126 0.0586541 0.00112678
0 0.877403 0.97114 0.241022 0.052328 0.0011179
0 0.0277757 0.0551276 0.0555335 0.109668 0.00105438
0 0.710872 0.0158696 0.315833 0.0317068 0.00100038
