0 0.483059 0.312638 0.184281 0.189133 0.929257
0 0.0356976 0.0198861 0.0713953 0.0396078 0.0642926
0 0.863455 0.984222 0.27309 0.0315565 0.0167842
0 0.0379378 0.0318422 0.0758756 0.0636843 0.0150054
0 0.57196 0.439009 0.856081 0.878019 0.0121828
0 0.880629 0.988719 0.199314 0.0223348 0.00979039
0 0.802846 0.983945 0.354881 0.0321095 0.00791051
0 0.853825 0.97813 0.292351 0.0437393 0.00726972
0 0.880098 0.993201 0.175346 0.0135865 0.00446631
0 0.487201 0.313435 0.247634 0.249523 0.00412968
0 0.802948 0.977583 0.387459 0.0448347 0.0039132
0 0.746016 0.984384 0.321978 0.0312326 0.00341786
0 0.906899 0.989093 0.186203 0.0217915 0.00339219
0 0.845569 0.969616 0.308861 0.060768 0.0029841
0 0.851157 0.988062 0.187152 0.0237173 0.00280661
0 0.756441 0.992147 0.169613 0.0156984 0.00259031
0 0.756433 0.987565 0.179012 0.0248687 0.00257134
0 0.913758 0.99336 0.172483 0.0132622 0.00255753
0 0.851175 0.992782 0.17069 0.0144148 0.00242689
0 0.0510511 0.0193405 0.102102 0.0386538 0.00211531
0 0.743507 0.978545 0.364321 0.0429091 0.00197334
0 0.987573 0.352822 0.024855 0.242822 0.00195361
0 0.79781 0.967502 0.40438 0.064996 0.00120028
0 0.984029 0.346471 0.0319421 0.315861 0.00119645
0 0.0355832 0.0193847 0.0711664 0.0387694 0.00104896
