0 0.464597 0.278201 0.237941 0.179799 0.899361
0 0.465757 0.277182 0.305038 0.263665 0.130896
0 0.0923028 0.507973 0.183839 0.231478 0.108577
0 0.985623 0.152036 0.028755 0.225635 0.0651646
0 0.985584 0.149556 0.028831 0.150922 0.0324839
0 0.981097 0.132591 0.0376549 0.138678 0.0247819
0 0.981189 0.154509 0.037621 0.278835 0.0211766
0 0.983268 0.120461 0.0333853 0.207614 0.0153153
0 0.612657 0.956064 0.169599 0.0878518 0.0147993
0 0.988936 0.126267 0.0221274 0.174998 0.0130795
0 0.986179 0.126314 0.0276424 0.127197 0.0102807
0 0.10058 0.468909 0.20116 0.337109 0.00971852
0 0.97492 0.185144 0.0498941 0.324136 0.00877168
0 0.0800134 0.708679 0.160027 0.225007 0.00828996
0 0.465705 0.249232 0.246442 0.150761 0.00744519
0 0.638735 0.909243 0.221489 0.181059 0.00643088
0 0.986735 0.111699 0.0265309 0.223398 0.00639168
0 0.991772 0.109996 0.0164568 0.190915 0.00604009
0 0.630908 0.940936 0.200134 0.118127 0.00570763
0 0.0405924 0.41321 0.0811848 0.229949 0.00423518
0 0.971767 0.197222 0.0562092 0.394444 0.00389346
0 0.0735133 0.754791 0.146862 0.262191 0.00317615
0 0.0852401 0.714231 0.147995 0.145853 0.00261798
0 0.520572 0.251925 0.142321 0.130839 0.00244433
0 0.46399 0.279724 0.357903 0.322221 0.00240162
0 0.0564762 0.736921 0.112952 0.277681 0.00224558
0 0.982981 0.816305 0.0340039 0.311299 0.00161362
0 0.976438 0.822934 0.0471241 0.354132 0.00146734
0 0.976507 0.124527 0.0467844 0.249054 0.00135644
0 0.95424 0.467171 0.0914354 0.267123 0.00125486
0 0.489103 0.335526 0.294844 0.298998 0.00123584
0 0.989484 0.157916 0.0210006 0.17406 0.00118388
