0 0.405606 0.232736 0.121482 0.164611 0.841146
0 0.379511 0.231951 0.174286 0.163615 0.448142
0 0.163359 0.307699 0.326717 0.352946 0.143195
0 0.012056 0.0326528 0.0241121 0.0647627 0.0234101
0 0.0109881 0.0310165 0.0219762 0.062033 0.0157184
0 0.402812 0.230933 0.174431 0.196864 0.0118709
0 0.00973288 0.030997 0.019295 0.0619939 0.00984907
0 0.916092 0.849495 0.167817 0.29847 0.0069745
0 0.0183745 0.0348877 0.0366122 0.0691597 0.00319878
0 0.147039 0.90342 0.186732 0.142321 0.00281316
0 0.0268964 0.0354722 0.0527595 0.0709445 0.00274738
0 0.323308 0.988128 0.13324 0.0237447 0.00266751
0 0.351441 0.055263 0.372082 0.110402 0.00224988
0 0.0137776 0.127234 0.0275462 0.0543927 0.0019766
0 0.0779175 0.959332 0.155835 0.0811079 0.00194003
0 0.0526806 0.964415 0.105349 0.0711704 0.00181284
0 0.0422872 0.954244 0.0845744 0.091491 0.00177727
0 0.315965 0.0632552 0.539812 0.12651 0.00163811
0 0.0146256 0.117251 0.0292512 0.085966 0.00130942
0 0.0563504 0.935426 0.112418 0.129148 0.00114531
0 0.00965109 0.0444418 0.0192392 0.0888836 0.00109037
0 0.318764 0.991329 0.121029 0.0172906 0.0010413
