0 0.657479 0.146565 0.410127 0.292773 0.922606
0 0.812669 0.979407 0.22261 0.0411569 0.0534341
0 0.81479 0.976253 0.31547 0.0474931 0.0331525
0 0.835936 0.983148 0.326039 0.0337031 0.0210544
0 0.211372 0.890143 0.422744 0.219714 0.0172086
0 0.729339 0.943389 0.384075 0.113222 0.016663
0 0.757094 0.982201 0.37265 0.0353845 0.0124968
0 0.70398 0.945073 0.217008 0.109855 0.0103186
0 0.783865 0.97564 0.150953 0.0485562 0.00975399
0 0.261976 0.911756 0.523952 0.176489 0.00964205
0 0.823449 0.969987 0.353101 0.0600257 0.00909695
0 0.290646 0.858261 0.581292 0.283479 0.00701974
0 0.734528 0.933415 0.530944 0.133171 0.00509688
0 0.8662 0.0453331 0.267599 0.0906663 0.00501528
0 0.847136 0.989276 0.211767 0.021449 0.00439926
0 0.838217 0.0371159 0.323565 0.0742318 0.00331971
0 0.761199 0.96613 0.10332 0.0677067 0.00262126
0 0.881954 0.0360804 0.226571 0.0721609 0.00258509
0 0.755374 0.960517 0.382699 0.0784121 0.00247905
0 0.109253 0.729542 0.218506 0.51381 0.00176963
0 0.975953 0.536952 0.0480218 0.384313 0.00156659
0 0.7393 0.972845 0.428263 0.0543097 0.00132127
0 0.0243648 0.130781 0.0487056 0.261327 0.00103163
0 0.0279888 0.822794 0.0559775 0.354413 0.00100492
