0 0.485674 0.394035 0.130752 0.143916 0.881822
0 0.984797 0.667611 0.0303223 0.0949132 0.135869
0 0.984991 0.646975 0.0299284 0.140276 0.131671
0 0.981897 0.666972 0.0359881 0.125162 0.0687457
0 0.984186 0.671057 0.0314448 0.219999 0.0330407
0 0.983197 0.630713 0.0336052 0.245879 0.0266602
0 0.97922 0.660493 0.0415593 0.198416 0.00900849
0 0.979913 0.701154 0.0401736 0.29506 0.00743736
0 0.278577 0.00891204 0.117004 0.0178241 0.00553492
0 0.699861 0.547748 0.339712 0.523765 0.00520554
0 0.977332 0.622502 0.0453367 0.353455 0.00396866
0 0.973331 0.703855 0.0533377 0.336215 0.00361427
0 0.949616 0.775607 0.0967445 0.109039 0.00268833
0 0.285785 0.0117175 0.138519 0.023435 0.00246184
0 0.992953 0.907008 0.014094 0.112877 0.00237156
0 0.0906384 0.912984 0.18036 0.174031 0.00221621
0 0.947525 0.794796 0.103029 0.158985 0.00182343
0 0.989153 0.914898 0.0216933 0.169377 0.00150995
0 0.627935 0.613715 0.49877 0.649707 0.0014884
0 0.114613 0.900906 0.229174 0.198187 0.00132939
0 0.96529 0.69176 0.0687926 0.398559 0.0012878
0 0.962494 0.710001 0.075006 0.28814 0.00116221
