0 0.431574 0.285612 0.226893 0.365838 0.941061
0 0.421666 0.291171 0.298473 0.408898 0.887195
0 0.916175 0.610322 0.167294 0.232784 0.252866
0 0.946156 0.610921 0.107604 0.21649 0.0536477
0 0.958742 0.316903 0.0825165 0.338777 0.0172153
0 0.944247 0.243132 0.111453 0.479815 0.00825148
0 0.914855 0.560112 0.17029 0.326166 0.00682672
0 0.452089 0.954064 0.206706 0.0918483 0.00399542
0 0.910088 0.735812 0.179677 0.525552 0.00209315
0 0.973507 0.178413 0.0529867 0.356825 0.00127848
0 0.91099 0.492191 0.177766 0.473267 0.00117364
