0 0.538989 0.22821 0.211676 0.209166 0.939706
0 0.0152775 0.116571 0.0305551 0.233143 0.00641932
0 0.0105995 0.0574605 0.021199 0.114921 0.00529891
0 0.0216168 0.13188 0.0432335 0.262832 0.00517149
0 0.00628073 0.0467315 0.0125596 0.093463 0.00437756
0 0.756401 0.984995 0.0883439 0.0300101 0.00410825
0 0.0148529 0.146892 0.0297059 0.293784 0.0037335
0 0.0322594 0.148285 0.0645188 0.29652 0.00336715
0 0.0226533 0.160025 0.0453065 0.32005 0.00328093
0 0.0126526 0.0735003 0.0253052 0.147001 0.00323167
0 0.0153543 0.322874 0.0307086 0.353658 0.00304755
0 0.0211467 0.0929133 0.0422934 0.185827 0.00287517
0 0.0118776 0.0484485 0.0237551 0.096897 0.00257613
0 0.0107806 0.103136 0.0215611 0.190619 0.00248885
0 0.0110527 0.348072 0.0221054 0.202903 0.00244899
0 0.0231479 0.320212 0.0462958 0.41098 0.00244404
0 0.968581 0.831535 0.0628378 0.278175 0.00235107
0 0.0205411 0.060607 0.0410335 0.121214 0.00213067
0 0.0315776 0.164265 0.0631552 0.32853 0.00196667
0 0.967949 0.818275 0.0641018 0.36345 0.00180364
0 0.0318302 0.304013 0.0636005 0.427756 0.0017973
0 0.0149695 0.260533 0.0299391 0.356624 0.00176626
0 0.975578 0.833407 0.0488443 0.333186 0.00172746
0 0.0107678 0.26914 0.0215357 0.209019 0.00172655
0 0.975209 0.82684 0.0495819 0.23281 0.00152717
0 0.00654807 0.0400426 0.0130377 0.0800852 0.0014543
0 0.0248799 0.754277 0.0497598 0.202763 0.00136716
0 0.0187501 0.747787 0.03747 0.181569 0.00132042
0 0.0233319 0.24199 0.0466638 0.409862 0.0012393
0 0.0412797 0.0430035 0.0822927 0.0860069 0.0012229
0 0.0254226 0.767217 0.0508451 0.29006 0.00122219
0 0.0152096 0.383547 0.0304191 0.339275 0.0012009
0 0.0201266 0.0294851 0.0402532 0.0589702 0.00116623
0 0.0107201 0.307939 0.0214401 0.208355 0.00112783
0 0.0326066 0.382184 0.0649551 0.404697 0.00109282
0 0.0158896 0.196487 0.0317791 0.354943 0.00103566
0 0.954394 0.807138 0.0912122 0.385723 0.0010253
0 0.0259191 0.925898 0.0518383 0.148203 0.00102291
