0 0.518258 0.413772 0.525981 0.491432 0.602683
0 0.0429836 0.521264 0.0859672 0.321513 0.102239
0 0.0416229 0.522025 0.0832042 0.227132 0.0449543
0 0.513723 0.393408 0.619685 0.612774 0.0217825
0 0.806384 0.951328 0.309871 0.0972668 0.0197163
0 0.0434397 0.519105 0.0868795 0.176051 0.0182141
0 0.0355088 0.565492 0.0710176 0.402479 0.0149926
0 0.0264598 0.563682 0.0529196 0.461969 0.01241
0 0.0420508 0.537985 0.0841015 0.508448 0.0107392
0 0.821073 0.964925 0.291043 0.0695852 0.00995928
0 0.0626147 0.581155 0.125229 0.595816 0.00543769
0 0.845251 0.988086 0.173492 0.0238279 0.00521031
0 0.844575 0.992887 0.144079 0.0142257 0.00453329
0 0.0576949 0.521465 0.11539 0.40432 0.0042957
0 0.257675 0.207395 0.476256 0.412773 0.00368535
0 0.780646 0.977899 0.318513 0.0441875 0.00362846
0 0.77455 0.971703 0.36923 0.0565944 0.00355273
0 0.389826 0.336839 0.775078 0.673678 0.00341918
0 0.0273587 0.947628 0.0547174 0.104743 0.00321478
0 0.936507 0.0359983 0.126986 0.0719796 0.00272891
0 0.0480975 0.541731 0.096195 0.244036 0.00262777
0 0.287185 0.259718 0.569641 0.516993 0.00241536
0 0.0224931 0.915902 0.0449161 0.167857 0.0023575
0 0.982866 0.858351 0.0342493 0.283298 0.00233897
0 0.955436 0.81652 0.0891285 0.36696 0.00230032
0 0.981314 0.0727232 0.0373715 0.145446 0.00228218
0 0.950494 0.457986 0.0985209 0.597393 0.00227153
0 0.0253677 0.869369 0.0507353 0.26023 0.00224754
0 0.923005 0.0573467 0.153875 0.114693 0.00222829
0 0.0855618 0.569626 0.171124 0.715611 0.00215056
0 0.903618 0.0417344 0.192764 0.083262 0.00210465
0 0.220292 0.0323618 0.440584 0.0647049 0.00206937
0 0.190355 0.0159272 0.348152 0.0318545 0.00205279
0 0.791277 0.936858 0.25552 0.126284 0.00204693
0 0.210576 0.0228289 0.421151 0.0456578 0.00202045
0 0.406496 0.0286094 0.354463 0.0572189 0.00195979
0 0.966914 0.072776 0.0661715 0.145552 0.00194782
0 0.0389141 0.899826 0.0778282 0.200347 0.00192597
0 0.849938 0.0298208 0.300123 0.0595798 0.00191184
0 0.976263 0.846614 0.0474735 0.306771 0.00190863
0 0.0240389 0.850904 0.0480779 0.298192 0.00189624
0 0.972013 0.0474663 0.055974 0.0949325 0.00189222
0 0.856539 0.973234 0.27649 0.0535318 0.001886
0 0.0191944 0.579843 0.0383889 0.366084 0.00187216
0 0.989136 0.668601 0.0217286 0.217836 0.00186062
0 0.0234293 0.634888 0.0468586 0.503617 0.0018533
0 0.0172803 0.891238 0.0345335 0.215919 0.00183992
0 0.0272907 0.218998 0.0544921 0.374513 0.00179197
0 0.0365253 0.626381 0.0730506 0.561386 0.00178209
0 0.0553812 0.905952 0.110588 0.188096 0.00173847
0 0.993062 0.686154 0.0138757 0.179503 0.00172632
0 0.98311 0.711092 0.0337 0.36798 0.0016317
0 0.964691 0.854599 0.0706186 0.290803 0.00159176
0 0.420768 0.0257287 0.471552 0.0514195 0.00154998
0 0.0423505 0.928613 0.084701 0.142773 0.00152552
0 0.0429256 0.867239 0.0857837 0.264021 0.00152457
0 0.44756 0.0196163 0.352856 0.0392327 0.00150101
0 0.290906 0.0659536 0.181541 0.129693 0.00148131
0 0.963099 0.94191 0.0737129 0.11618 0.00145146
0 0.0220887 0.188338 0.0441774 0.332601 0.00144665
0 0.405099 0.0156097 0.354252 0.0312191 0.00143953
0 0.983932 0.653374 0.0320785 0.316255 0.00143344
0 0.882913 0.0808859 0.234174 0.161772 0.00142644
0 0.873746 0.0446694 0.252509 0.0893388 0.00142258
0 0.564387 0.560666 0.237093 0.215584 0.00140045
0 0.233115 0.0402738 0.46623 0.0805476 0.00133359
0 0.983271 0.805718 0.0333731 0.311883 0.0012715
0 0.08529 0.912288 0.170562 0.175423 0.00127026
0 0.981657 0.241889 0.0366054 0.31877 0.00126174
0 0.976335 0.803231 0.0472841 0.366377 0.00125014
0 0.979144 0.8824 0.0417129 0.235201 0.00124496
0 0.0683018 0.935596 0.135909 0.128807 0.00124076
0 0.0191384 0.254386 0.0382768 0.369658 0.00122281
0 0.740459 0.926512 0.519083 0.146975 0.00120829
0 0.903486 0.0194325 0.189718 0.0388068 0.00120672
0 0.0450825 0.568363 0.0901649 0.343577 0.00120592
0 0.0174387 0.203189 0.0348751 0.276116 0.00120432
0 0.248226 0.111641 0.356235 0.223282 0.00120398
0 0.976702 0.910501 0.0465959 0.178997 0.00120232
0 0.417144 0.0391113 0.525846 0.0778635 0.00120157
0 0.0291558 0.724054 0.0583115 0.326849 0.00119434
0 0.0240514 0.553393 0.0481028 0.155994 0.00119049
0 0.2019 0.0494835 0.403801 0.098967 0.00118204
0 0.0754016 0.945597 0.149887 0.108806 0.00116167
0 0.025742 0.285348 0.051484 0.388764 0.00115981
0 0.971269 0.702514 0.0573053 0.483372 0.00115936
0 0.160871 0.0189629 0.321742 0.03785 0.00115825
0 0.972265 0.238091 0.0554705 0.432824 0.00113447
0 0.915675 0.0248618 0.167454 0.0497112 0.00112433
0 0.0360991 0.245849 0.072058 0.465419 0.00111971
0 0.976736 0.649387 0.04647 0.382511 0.00111445
0 0.831684 0.039243 0.336632 0.0778034 0.00110819
0 0.25659 0.086983 0.311328 0.172642 0.00110415
0 0.0401863 0.720497 0.0803726 0.362203 0.00109877
0 0.109186 0.612023 0.218264 0.543106 0.00109801
0 0.4787 0.0464957 0.505283 0.092864 0.00109611
0 0.817645 0.0568529 0.362987 0.113706 0.00109292
0 0.0470683 0.940398 0.0941366 0.119183 0.00108896
0 0.980151 0.174843 0.0395813 0.349686 0.00107465
0 0.982593 0.351591 0.0347606 0.295724 0.00106921
0 0.015616 0.846884 0.031232 0.306233 0.00106894
0 0.983247 0.471582 0.0334359 0.334804 0.00105896
0 0.754388 0.884626 0.491224 0.230749 0.00105823
0 0.0444463 0.0226463 0.0888813 0.0452137 0.00104698
0 0.382217 0.062541 0.440365 0.124882 0.00103243
0 0.885585 0.0275058 0.22506 0.0549224 0.0010163
0 0.0672752 0.87831 0.134303 0.243379 0.00101192
