0 0.510612 0.400141 0.213835 0.154483 0.917339
0 0.509637 0.401597 0.23751 0.205678 0.723562
0 0.0180839 0.241538 0.0361406 0.0985333 0.309749
0 0.606262 0.983972 0.330763 0.0320569 0.24346
0 0.650098 0.980731 0.326894 0.0385383 0.241013
0 0.656019 0.974623 0.369002 0.0507052 0.159714
0 0.601831 0.976792 0.374864 0.0464151 0.135359
0 0.386038 0.984753 0.320199 0.0304937 0.0776096
0 0.0219356 0.238618 0.043845 0.132221 0.0396885
0 0.526277 0.987718 0.155177 0.024472 0.035065
0 0.383254 0.978572 0.362732 0.0428561 0.0331762
0 0.491965 0.984589 0.33151 0.0308106 0.0191357
0 0.332351 0.376896 0.136483 0.101478 0.0177279
0 0.332855 0.987756 0.180558 0.0244877 0.0171469
0 0.522874 0.990331 0.134208 0.0192649 0.0128233
0 0.563559 0.987081 0.188226 0.0258371 0.0112661
0 0.621402 0.983994 0.361932 0.0320114 0.010359
0 0.0214361 0.240735 0.0428722 0.195392 0.00755889
0 0.322826 0.990524 0.156888 0.0189055 0.00674079
0 0.33505 0.972616 0.346522 0.0547689 0.00602505
0 0.328502 0.984695 0.248674 0.0305979 0.00584989
0 0.557972 0.98053 0.298796 0.0389041 0.00567809
0 0.50791 0.406953 0.278337 0.253883 0.00545466
0 0.459141 0.978433 0.388763 0.0431336 0.00533798
0 0.617021 0.986508 0.184853 0.0269492 0.00533567
0 0.030025 0.248388 0.0595634 0.189603 0.00488272
0 0.739493 0.979909 0.16509 0.0401829 0.00396481
0 0.688493 0.98153 0.232543 0.036931 0.00334732
0 0.424867 0.987807 0.190048 0.0243858 0.00328282
0 0.301379 0.987412 0.165246 0.025082 0.00318188
0 0.366551 0.987677 0.202179 0.0246463 0.00291645
0 0.649341 0.986655 0.188991 0.0266297 0.00215125
0 0.305954 0.98028 0.303169 0.0394211 0.00205455
0 0.967259 0.7904 0.0654814 0.110166 0.00204011
0 0.272306 0.984541 0.290244 0.0308173 0.0019467
0 0.410743 0.971185 0.383029 0.0576303 0.00182208
0 0.343456 0.40234 0.160143 0.15783 0.00160438
0 0.566123 0.990995 0.171263 0.0179389 0.00153873
0 0.484607 0.987912 0.20665 0.0241073 0.0014139
0 0.355557 0.991052 0.170058 0.0178584 0.00131358
0 0.571521 0.988273 0.292916 0.0234537 0.00125672
0 0.71408 0.976771 0.282565 0.046448 0.0011629
0 0.719967 0.983654 0.180599 0.0326811 0.00109223
