0 0.443 0.180156 0.180228 0.177927 0.909652
0 0.972964 0.419881 0.0540721 0.246864 0.189154
0 0.980552 0.41686 0.0388961 0.224266 0.0883141
0 0.966327 0.424506 0.0673453 0.288804 0.0463314
0 0.954019 0.196882 0.0919623 0.158342 0.0197705
0 0.0714073 0.0117868 0.142815 0.0235736 0.00436427
0 0.869872 0.962332 0.253668 0.0753353 0.00363879
0 0.981293 0.383346 0.0372775 0.182154 0.00346113
0 0.440948 0.180511 0.224226 0.230052 0.00306959
0 0.984348 0.396904 0.0312495 0.233637 0.00282226
0 0.0610083 0.00773771 0.122017 0.0154754 0.00276021
0 0.0835723 0.0184228 0.166412 0.0368062 0.00221798
0 0.986438 0.382527 0.0271235 0.143516 0.00206386
0 0.358503 0.385914 0.717007 0.771829 0.00203775
0 0.974453 0.433574 0.0510936 0.172827 0.00202285
0 0.978998 0.452305 0.0420034 0.163563 0.00200174
0 0.940951 0.202312 0.118097 0.189615 0.00143851
0 0.626299 0.790043 0.204465 0.219308 0.00131268
0 0.115789 0.0259408 0.230523 0.0518817 0.00131092
0 0.067383 0.0254948 0.134766 0.0509641 0.00126335
0 0.133663 0.0167617 0.267326 0.0335233 0.00126327
0 0.98018 0.48915 0.0396011 0.330183 0.00108889
0 0.950196 0.403384 0.0995322 0.480525 0.00103629
