0 0.493205 0.456055 0.295102 0.286353 0.55834
0 0.524245 0.408321 0.235028 0.190793 0.243774
0 0.386086 0.962942 0.0821952 0.0741153 0.195797
0 0.40834 0.47544 0.12425 0.110152 0.179203
0 0.496433 0.455746 0.360088 0.35053 0.135703
0 0.412705 0.474913 0.147477 0.14227 0.128948
0 0.340207 0.851133 0.283568 0.29307 0.086185
0 0.470027 0.485386 0.274819 0.243063 0.0575986
0 0.349997 0.833247 0.345901 0.333506 0.0357685
0 0.303807 0.906784 0.198597 0.178501 0.0204618
0 0.361627 0.957814 0.144982 0.083662 0.0159268
0 0.319991 0.881798 0.235134 0.223871 0.0159058
0 0.513038 0.411996 0.287847 0.224616 0.0154878
0 0.491634 0.465992 0.441872 0.436954 0.0119008
0 0.74886 0.946182 0.143457 0.107637 0.0102332
0 0.0288704 0.720023 0.0577409 0.165116 0.0102161
0 0.362567 0.442299 0.574355 0.520991 0.0100147
0 0.0351756 0.336398 0.0703503 0.284878 0.00985184
0 0.0320801 0.721709 0.0641602 0.221829 0.00760607
0 0.0252696 0.341462 0.0505393 0.291115 0.00595392
0 0.457548 0.504198 0.227402 0.169297 0.00585173
0 0.0411417 0.343854 0.0821817 0.369267 0.00577181
0 0.0471861 0.966437 0.0943478 0.0670872 0.00506236
0 0.0286597 0.699868 0.0573193 0.296988 0.00436032
0 0.0319753 0.314514 0.0639274 0.46814 0.00433151
0 0.96577 0.862778 0.0684594 0.266478 0.00365855
0 0.31674 0.913523 0.255505 0.172955 0.00338156
0 0.0708231 0.961731 0.141646 0.0763121 0.00335659
0 0.389271 0.594576 0.237175 0.210353 0.0033142
0 0.431704 0.529567 0.278902 0.331394 0.00330218
0 0.953609 0.951424 0.0927812 0.0971512 0.00320491
0 0.961235 0.85265 0.0775307 0.294701 0.00318466
0 0.828632 0.942983 0.342736 0.114034 0.0031151
0 0.962991 0.936553 0.0740186 0.126894 0.00275204
0 0.825163 0.868837 0.349674 0.262325 0.00270328
0 0.314731 0.950723 0.262582 0.0985535 0.00267516
0 0.0574196 0.947957 0.114619 0.104086 0.00250573
0 0.0372898 0.720158 0.0745043 0.313812 0.00247079
0 0.93491 0.956631 0.130179 0.0867386 0.00235586
0 0.0632521 0.304078 0.126504 0.571864 0.00222091
0 0.0429825 0.980394 0.0859651 0.0391203 0.00220176
0 0.962859 0.820149 0.0742823 0.316712 0.00218852
0 0.76967 0.975942 0.2444 0.0481167 0.00216976
0 0.737452 0.0189114 0.353545 0.0378227 0.00216498
0 0.297231 0.8944 0.236563 0.211201 0.00205764
0 0.762115 0.945044 0.197298 0.109912 0.00203383
0 0.781668 0.0237187 0.342839 0.0472992 0.00200581
0 0.0231311 0.29794 0.0462623 0.448602 0.00198091
0 0.367025 0.817307 0.438597 0.365386 0.00194456
0 0.40115 0.559751 0.243057 0.281907 0.00191822
0 0.776998 0.982209 0.282445 0.0355828 0.00185681
0 0.0623365 0.989011 0.124673 0.0219783 0.00179006
0 0.406456 0.501045 0.195784 0.247971 0.00178791
0 0.88894 0.957928 0.222121 0.0841446 0.00178106
0 0.026858 0.638467 0.0537161 0.466522 0.00164895
0 0.0440983 0.665345 0.0881965 0.50879 0.0016355
0 0.32975 0.926933 0.220213 0.146095 0.00159823
0 0.983415 0.632609 0.0330901 0.301961 0.00158936
0 0.46616 0.517483 0.379931 0.402384 0.0015779
0 0.0488705 0.304331 0.0968861 0.519173 0.00154427
0 0.81994 0.921206 0.360119 0.157587 0.00146697
0 0.0643002 0.631416 0.1286 0.50148 0.00145503
0 0.765711 0.971083 0.298803 0.057834 0.00137944
0 0.731425 0.0280149 0.433491 0.0559593 0.0013235
0 0.84563 0.904402 0.308739 0.191196 0.00122125
0 0.961931 0.917255 0.0761386 0.165491 0.00119332
0 0.777376 0.94758 0.276848 0.10484 0.00117396
0 0.943549 0.031959 0.112824 0.0639181 0.00117392
0 0.971843 0.648667 0.0562572 0.394218 0.00111384
0 0.809162 0.0194757 0.381677 0.0389513 0.0010206
