0 0.338129 0.297028 0.192831 0.158594 0.910524
0 0.374583 0.303631 0.118955 0.148505 0.859269
0 0.803551 0.118331 0.141988 0.144178 0.306483
0 0.845944 0.838327 0.282824 0.321929 0.0705066
0 0.803667 0.299196 0.139073 0.137768 0.0442134
0 0.334512 0.292414 0.245872 0.226749 0.041293
0 0.385897 0.0113878 0.210285 0.0227756 0.0276835
0 0.385693 0.00882401 0.179925 0.0176182 0.0244126
0 0.810242 0.798719 0.216338 0.252281 0.0235521
0 0.817561 0.193684 0.169112 0.344826 0.0186695
0 0.0104727 0.139384 0.0208906 0.149262 0.0178107
0 0.006547 0.133062 0.013094 0.115976 0.01655
0 0.982507 0.187417 0.0349857 0.183099 0.0141108
0 0.977776 0.191029 0.0444481 0.211035 0.0126681
0 0.809608 0.752844 0.210376 0.153713 0.0113224
0 0.961326 0.190219 0.0773482 0.222306 0.00651598
0 0.987936 0.173687 0.0241274 0.141027 0.00430723
0 0.409016 0.00744731 0.192421 0.0148946 0.00246346
0 0.991982 0.18346 0.0158044 0.116828 0.00223159
0 0.012448 0.125711 0.0248959 0.211015 0.0015848
0 0.992482 0.943389 0.0150369 0.113222 0.00124434
0 0.856544 0.208012 0.263059 0.382365 0.00118408
0 0.897384 0.898418 0.197638 0.203036 0.00112886
0 0.269461 0.42336 0.119518 0.126636 0.00111685
