0 0.460053 0.437147 0.120749 0.166018 0.691329
0 0.523552 0.415793 0.267305 0.241354 0.0621382
0 0.490829 0.432861 0.196424 0.194352 0.0550353
0 0.699913 0.00878131 0.152101 0.0174176 0.0402812
0 0.696585 0.0118898 0.187125 0.0237795 0.0202733
0 0.684742 0.0139568 0.23071 0.0279137 0.0153921
0 0.0628252 0.0550844 0.125528 0.109906 0.01084
0 0.521852 0.420533 0.328097 0.294249 0.00990196
0 0.0756899 0.988788 0.15138 0.022398 0.00941001
0 0.806868 0.372904 0.0746925 0.0785289 0.00910525
0 0.0450496 0.0580151 0.0900992 0.115982 0.00826409
0 0.0138779 0.675517 0.027684 0.139695 0.00805748
0 0.704202 0.493986 0.179 0.158657 0.00718304
0 0.0168374 0.686464 0.0336216 0.218241 0.00699715
0 0.087568 0.0714503 0.174516 0.141944 0.006651
0 0.0211137 0.680611 0.0421563 0.250642 0.00619052
0 0.0522506 0.990341 0.103322 0.0193189 0.00593756
0 0.684461 0.0155179 0.315038 0.0310357 0.0046542
0 0.708302 0.0231802 0.288386 0.0462797 0.00421417
0 0.0282044 0.670527 0.0564087 0.31219 0.00371854
0 0.105105 0.0502766 0.21021 0.100553 0.00306665
0 0.0158291 0.642026 0.0316582 0.312921 0.00293334
0 0.0698836 0.993097 0.139767 0.0138068 0.00268757
0 0.0211764 0.561463 0.0423528 0.294709 0.00245017
0 0.705889 0.49547 0.216111 0.198522 0.00227332
0 0.574664 0.477648 0.370269 0.367551 0.00226321
0 0.025857 0.544051 0.051714 0.394323 0.00216899
0 0.032853 0.616819 0.0657059 0.372466 0.00208307
0 0.167561 0.0123329 0.196954 0.0246659 0.00206071
0 0.151976 0.071591 0.303445 0.143182 0.0020498
0 0.0927417 0.0375707 0.185342 0.0750717 0.00198919
0 0.210914 0.0194826 0.345097 0.0389196 0.00186638
0 0.709388 0.00715744 0.183765 0.0142405 0.00183286
0 0.169847 0.00910671 0.118546 0.0182134 0.00181557
0 0.188761 0.0158832 0.26768 0.0317232 0.00167188
0 0.163032 0.00838904 0.180355 0.0167781 0.001612
0 0.705472 0.0318392 0.362934 0.0636371 0.00149675
0 0.516293 0.368735 0.334256 0.336759 0.00131377
0 0.674341 0.0238518 0.460856 0.0477035 0.00126826
0 0.115949 0.10595 0.231898 0.211901 0.00120717
0 0.148322 0.0144097 0.253997 0.0288194 0.00116039
0 0.0341918 0.954558 0.0683777 0.090884 0.00112336
0 0.0244917 0.709356 0.0489303 0.348669 0.00109583
0 0.176899 0.0233073 0.341166 0.0466147 0.00109155
0 0.0229117 0.0523497 0.0458234 0.104699 0.00107998
0 0.235698 0.0163639 0.226666 0.0326655 0.00107464
0 0.0776874 0.957355 0.15516 0.0852346 0.00103579
