0 0.468808 0.175415 0.443483 0.350831 0.896647
0 0.452318 0.225595 0.611685 0.449096 0.0505992
0 0.0684162 0.0431021 0.136553 0.0858839 0.0201931
0 0.938746 0.268952 0.122372 0.160208 0.0192825
0 0.984223 0.726664 0.0315533 0.20145 0.0108512
0 0.944292 0.309833 0.111359 0.266711 0.00915611
0 0.927052 0.306635 0.145896 0.235198 0.00730133
0 0.963854 0.724391 0.0722077 0.212801 0.00638944
0 0.97868 0.73478 0.0426399 0.19259 0.00467728
0 0.0804245 0.921055 0.160849 0.157889 0.00433103
0 0.949408 0.719438 0.101184 0.227082 0.00375156
0 0.965252 0.794618 0.0694952 0.330411 0.00340995
0 0.936482 0.266094 0.127036 0.234479 0.00326779
0 0.979443 0.810201 0.0411139 0.337141 0.00301419
0 0.992326 0.750175 0.0153446 0.139311 0.00300471
0 0.985628 0.763426 0.0287435 0.209756 0.00250001
0 0.970889 0.769989 0.0582211 0.275702 0.00232977
0 0.9744 0.731619 0.051105 0.242925 0.0020152
0 0.905201 0.0754186 0.189533 0.150638 0.00195504
0 0.972725 0.835162 0.0545505 0.329676 0.00159678
0 0.989257 0.767364 0.0214859 0.164188 0.0015965
0 0.981909 0.714447 0.0361818 0.260536 0.00146167
0 0.989197 0.843071 0.0216026 0.207941 0.00136097
0 0.960818 0.264962 0.0782653 0.243909 0.00125428
0 0.992904 0.857441 0.014191 0.156017 0.00120488
0 0.98798 0.928129 0.0239218 0.143742 0.00114877
0 0.978379 0.858598 0.0431817 0.282804 0.00103513
0 0.95427 0.813199 0.09146 0.339053 0.00103448
