0 0.575934 0.406178 0.152887 0.150607 0.926784
0 0.936312 0.948216 0.127249 0.103365 0.0214591
0 0.130811 0.0161488 0.261622 0.0322977 0.0185347
0 0.1305 0.0115319 0.20027 0.0230637 0.0162069
0 0.804963 0.011503 0.200084 0.0230061 0.0154567
0 0.806382 0.00772355 0.145184 0.0154471 0.0154165
0 0.969825 0.136709 0.0602539 0.104983 0.0153215
0 0.81566 0.023059 0.299157 0.0461179 0.0128223
0 0.813901 0.0165619 0.243953 0.0331237 0.0121483
0 0.0973949 0.0114916 0.19479 0.0229831 0.0111758
0 0.123044 0.023375 0.242404 0.04675 0.0103452
0 0.870233 0.0170539 0.259534 0.0341079 0.00982332
0 0.773248 0.00760876 0.148801 0.0152175 0.00959855
0 0.0771953 0.0114642 0.154391 0.0229284 0.00938353
0 0.924672 0.0123156 0.150656 0.0246312 0.00870788
0 0.154707 0.0323861 0.309414 0.0647723 0.00794545
0 0.82008 0.0325641 0.354656 0.0651283 0.00789088
0 0.0834061 0.00766919 0.165609 0.0153384 0.00701535
0 0.857074 0.0233636 0.285852 0.0467271 0.00699282
0 0.937905 0.0110157 0.12419 0.0218911 0.00685554
0 0.92055 0.936113 0.158901 0.127773 0.00672033
0 0.135111 0.0331114 0.270223 0.0662228 0.00668695
0 0.111147 0.00903256 0.216911 0.018045 0.00666624
0 0.129978 0.00752927 0.154459 0.0150585 0.00656952
0 0.967504 0.138553 0.0649357 0.152362 0.00619834
0 0.888534 0.0114662 0.181338 0.0229325 0.00617214
0 0.902657 0.0164647 0.194685 0.0328684 0.00565068
0 0.0677668 0.00797112 0.135534 0.0159422 0.00526355
0 0.928954 0.0157374 0.141626 0.0314748 0.00521617
0 0.881117 0.00719505 0.149872 0.0143901 0.00509379
0 0.850887 0.0118846 0.145074 0.0237693 0.00481632
0 0.097485 0.0162375 0.194483 0.0324399 0.00478102
0 0.163829 0.0232554 0.327658 0.0465108 0.00428326
0 0.212334 0.0194262 0.308724 0.0387795 0.00409622
0 0.953899 0.976612 0.0922025 0.0467767 0.00398269
0 0.902359 0.00812376 0.131289 0.0162454 0.00383841
0 0.766769 0.011822 0.171064 0.0236441 0.00372536
0 0.0925712 0.953667 0.183146 0.0926659 0.00343983
0 0.953745 0.0189142 0.092496 0.0377392 0.00339107
0 0.971024 0.133743 0.0514371 0.0711854 0.00336453
0 0.213597 0.0264416 0.352513 0.0528833 0.00335396
0 0.915151 0.0223249 0.169447 0.0446497 0.00318277
0 0.209218 0.0355531 0.377778 0.0711063 0.0030242
0 0.856929 0.014691 0.187154 0.0293201 0.00295657
0 0.8693 0.0345372 0.2614 0.0681852 0.00280603
0 0.852893 0.00763649 0.122427 0.015273 0.00275691
0 0.960284 0.958583 0.0792327 0.0820699 0.00266792
0 0.921124 0.0153543 0.157752 0.0307042 0.00249384
0 0.963603 0.149555 0.0727931 0.200265 0.00231238
0 0.167545 0.0114293 0.200833 0.0228585 0.00225292
0 0.0554765 0.012028 0.110953 0.024056 0.0020705
0 0.925821 0.0355847 0.148358 0.0711693 0.00204368
0 0.952144 0.0120203 0.0957129 0.0240406 0.00203135
0 0.146443 0.0137948 0.256827 0.0274944 0.00201514
0 0.102772 0.965234 0.205544 0.0695329 0.00194238
0 0.0762005 0.0218159 0.152401 0.0436318 0.00191889
0 0.953896 0.0417316 0.0922072 0.0834631 0.00181943
0 0.941811 0.0249826 0.116301 0.0499653 0.00179228
0 0.959603 0.908207 0.0807949 0.182654 0.00173306
0 0.320206 0.0187282 0.34155 0.0374045 0.00171857
0 0.95936 0.00859191 0.0812792 0.0171838 0.00164334
0 0.835453 0.00815977 0.168355 0.0163195 0.0016016
0 0.0887504 0.0279582 0.177501 0.0559165 0.00158851
0 0.165969 0.00777772 0.179082 0.0155548 0.00154218
0 0.0876199 0.972001 0.173953 0.0559978 0.00150829
0 0.914484 0.0103614 0.171032 0.0207228 0.00149351
0 0.111048 0.0137957 0.222097 0.027493 0.00148412
0 0.111795 0.957588 0.223591 0.0848231 0.00146906
0 0.764095 0.015661 0.298616 0.0313219 0.00144379
0 0.74757 0.0088457 0.168561 0.017647 0.00134179
0 0.118467 0.972043 0.236935 0.0559136 0.00127824
0 0.3242 0.0256317 0.385726 0.0512634 0.00117259
0 0.438666 0.98893 0.195143 0.022141 0.0011257
0 0.952776 0.950519 0.0943578 0.098962 0.00112141
0 0.973414 0.12297 0.0531726 0.0585996 0.00109275
0 0.976873 0.150707 0.0461593 0.255752 0.00107723
0 0.988628 0.594279 0.0227063 0.188425 0.00107723
0 0.0528881 0.0352602 0.105728 0.0704563 0.00102707
