0 0.555118 0.420781 0.162935 0.138471 0.895178
0 0.547591 0.421596 0.210137 0.20555 0.0738032
0 0.08509 0.897581 0.17018 0.203978 0.044375
0 0.4229 0.870422 0.132147 0.12843 0.0220701
0 0.422761 0.873173 0.155081 0.159865 0.00818778
0 0.536617 0.945524 0.117861 0.108294 0.00666033
0 0.119127 0.936124 0.237699 0.127752 0.0038209
0 0.423242 0.893773 0.17013 0.20973 0.00349439
0 0.102369 0.879722 0.204737 0.240556 0.00218993
0 0.870395 0.0140378 0.203705 0.0280755 0.00200876
0 0.621251 0.984339 0.338841 0.0312171 0.00196362
0 0.617563 0.978153 0.390996 0.0436931 0.00196067
0 0.928206 0.00736318 0.143587 0.0146982 0.00181168
0 0.867581 0.0184114 0.264838 0.0368227 0.00171272
0 0.920762 0.0112639 0.158475 0.0225119 0.00160409
0 0.128404 0.860547 0.256768 0.278906 0.00153467
0 0.623846 0.723858 0.21252 0.215018 0.00147656
0 0.720964 0.636616 0.558072 0.726768 0.0013253
0 0.629719 0.692522 0.248373 0.281316 0.00121699
0 0.615782 0.964581 0.380427 0.0706015 0.00114557
0 0.531766 0.952134 0.197749 0.0957311 0.00114288
0 0.738881 0.665588 0.522237 0.515679 0.00109075
0 0.848887 0.0233967 0.302226 0.0467934 0.00106568
0 0.93961 0.00710237 0.120781 0.0140925 0.00106206
