0 0.530627 0.463062 0.143248 0.109429 0.417542
0 0.525688 0.462653 0.178466 0.165759 0.124321
0 0.987728 0.702319 0.0245445 0.165416 0.0900109
0 0.992353 0.702385 0.0151867 0.139746 0.0687286
0 0.981103 0.674725 0.0377946 0.32623 0.0556725
0 0.975184 0.675521 0.0496321 0.3573 0.0552683
0 0.984151 0.695515 0.0316691 0.229785 0.0451348
0 0.964868 0.685205 0.0702639 0.332556 0.0125457
0 0.0698804 0.0275157 0.107512 0.0549251 0.00867735
0 0.990235 0.715015 0.0195304 0.127404 0.00650911
0 0.987425 0.477984 0.025126 0.221378 0.00385871
0 0.979652 0.73895 0.0406137 0.308246 0.00363952
0 0.100124 0.0441913 0.200249 0.0883827 0.00362426
0 0.971816 0.726952 0.0563354 0.313785 0.00353016
0 0.519579 0.488785 0.197932 0.231353 0.00320634
0 0.98907 0.700664 0.0217931 0.215138 0.00286275
0 0.285206 0.0706906 0.300292 0.141377 0.0028534
0 0.0705427 0.0362995 0.140806 0.072599 0.00247249
0 0.992515 0.47116 0.0149462 0.14443 0.00227224
0 0.991982 0.700259 0.0160363 0.194131 0.00203941
0 0.964183 0.671931 0.0716336 0.481944 0.00199436
0 0.031368 0.0621515 0.062736 0.124303 0.00193517
0 0.0580624 0.0532747 0.116063 0.10654 0.00176895
0 0.984296 0.128235 0.0313241 0.254542 0.00145968
0 0.825663 0.016903 0.302403 0.033806 0.00144504
0 0.984371 0.477701 0.0312572 0.269832 0.00144376
0 0.0400841 0.190008 0.0800732 0.380017 0.00142201
0 0.0260861 0.0467316 0.0521219 0.0934632 0.00141827
0 0.0211573 0.056735 0.0423145 0.11347 0.00133331
0 0.988057 0.731382 0.0236466 0.178055 0.0012154
0 0.0822783 0.0556694 0.164557 0.111339 0.00117063
0 0.0284671 0.188365 0.0569341 0.37673 0.00112197
0 0.977283 0.137826 0.045435 0.275653 0.00109778
0 0.988996 0.503171 0.0220082 0.208605 0.00103772
