0 0.397787 0.342251 0.119169 0.147598 0.904442
0 0.398095 0.342519 0.146708 0.172972 0.627405
0 0.396306 0.341208 0.199598 0.20534 0.0279759
0 0.589767 0.952141 0.248289 0.0957183 0.0112479
0 0.35572 0.278033 0.71144 0.556066 0.0078959
0 0.604581 0.96694 0.343306 0.0660907 0.00770537
0 0.0104227 0.429981 0.0208453 0.195614 0.00468784
0 0.00660977 0.42584 0.0131685 0.153187 0.00170203
0 0.854296 0.965692 0.291408 0.0686164 0.00146398
0 0.520059 0.967406 0.0901028 0.063253 0.00140426
0 0.983601 0.531208 0.0327067 0.284027 0.00133829
0 0.00660456 0.457718 0.0132045 0.170782 0.00116677
0 0.0156471 0.458379 0.0312941 0.324237 0.00105629
0 0.855739 0.97763 0.288523 0.0446455 0.0010368
