0 0.649148 0.140511 0.340037 0.281022 0.950183
0 0.365013 0.557452 0.730026 0.885097 0.00627039
0 0.649888 0.172127 0.451322 0.342122 0.00419574
0 0.895038 0.89327 0.209925 0.21346 0.0037685
0 0.356253 0.949532 0.365821 0.100937 0.00309927
0 0.411388 0.958093 0.345428 0.0835282 0.00255651
0 0.512871 0.967417 0.364571 0.0651057 0.00211475
0 0.898828 0.988886 0.202343 0.022198 0.00178847
0 0.0436669 0.660816 0.0872263 0.282111 0.0015376
0 0.0546464 0.664579 0.109293 0.321756 0.00149615
0 0.467658 0.963003 0.348316 0.0736016 0.00147509
0 0.100518 0.91959 0.200431 0.160821 0.00141511
0 0.907617 0.993285 0.170866 0.0134157 0.0012098
